25.2587		30		29.4574		48.5574		1	0	1 1
25.2587		90		13.0166		35.5881		0	1	1 1
25.2587		150		38.8108		116.402		0	1	1 1
25.2587		210		15.6527		187.926		0	1	1 1
25.2587		270		41.3541		272.934		0	1	1 1
43.7478		0		21.1353		14.8498		0	1	1 1
50.5147		30		71.3036		23.2092		0	1	1 1
43.7478		60		59.071		53.4314		0	1	1 1
50.5147		90		65.373		72.7333		1	0	1 1
43.7478		120		27.7431		93.6952		0	1	1 1
50.5147		150		28.8357		134.5		0	1	1 1
43.7478		180		29.71		195.02		0	1	1 1
50.5147		210		54.9954		191.141		1	0	1 1
43.7478		240		45.5978		268.194		0	1	1 1
43.7478		300		56.7569		317.999		1	0	1 1
50.5148		330		70.0932		338.022		1	0	1 1
66.8212		349.107		80.3402		3.53956		1	0	1 1
66.8212		10.8934		49.9176		5.65473		1	0	1 1
75.7654		30		88.1801		44.0267		1	0	1 0
66.8212		49.1066		57.6348		68.0063		0	1	1 1
66.8212		70.8934		77.9237		65.8091		0	1	1 1
75.7654		90		97.789		82.8255		1	0	1 1
66.8212		109.107		89.0136		102.146		1	0	1 1
66.8212		130.893		89.9728		125.938		1	0	1 1
75.7654		150		63.2641		141.778		1	0	1 1
66.8212		169.107		60.1396		161.697		0	1	1 1
66.8212		190.893		46.6534		176.838		1	0	1 1
66.8212		229.107		72.7243		242.317		1	0	1 1
66.8212		250.893		68.1139		264.34		1	0	1 1
75.7654		270		71.3134		276.213		1	0	1 1
66.8212		289.107		60.2341		305.359		0	1	1 1
66.8212		310.893		83.9808		306.474		0	1	1 0
75.7654		330		94.0138		334.951		0	1	1 1
91.0523		343.898		113.232		342.078		1	0	1 1
87.4818		0		102.761		2.83609		0	1	1 1
91.0523		16.1021		84.3301		26.1679		1	0	1 0
101.008		30		90.0576		40.4611		0	1	1 0
91.0523		43.8979		112.543		37.3367		1	0	1 0
87.4818		60		74.0655		48.0201		0	1	1 1
91.0523		76.1021		78.5198		88.4367		1	0	1 1
91.0523		103.898		84.3481		93.1736		1	0	1 1
87.4818		120		87.9666		111.925		0	1	1 1
91.0523		136.102		92.2037		146.979		1	0	1 1
91.0523		163.898		70.3802		173.804		1	0	1 1
87.4818		180		66.3594		183.137		1	0	1 1
91.0523		196.102		72.4636		204.664		1	0	1 1
101.008		210		95.9315		215.986		1	0	1 1
91.0523		223.898		77.519		222.471		1	0	1 1
87.4818		240		85.8535		255.893		1	0	1 0
91.0523		256.102		75.3422		263.368		0	1	1 1
101.008		270		77.987		268.26		0	1	1 1
91.0523		283.898		77.2019		276.635		1	0	1 1
87.4817		300		73.7254		298.633		0	1	1 0
91.0523		316.102		79.3893		320.31		0	1	1 1
101.008		330		122.367		336.067		1	0	1 1
115.709		340.893		106.044		349.411		0	1	1 1
110.065		353.413		110.118		2.14931		0	1	1 1
110.065		6.58677		118.314		11.7092		0	1	1 1
115.709		19.1066		135.487		21.5214		0	1	1 0
126.24		30		113.84		21.3942		1	0	1 0
115.709		40.8934		126.034		32.2649		0	1	1 1
110.065		53.4132		92.0629		55.2078		0	1	1 1
110.065		66.5868		93.2381		59.1001		0	1	1 1
115.709		79.1066		97.0412		78.5614		1	0	1 1
126.24		90		114.648		94.1094		1	0	1 1
115.709		100.893		99.5349		96.8247		1	0	1 1
110.065		113.413		108.258		106.44		0	1	1 1
110.065		126.587		114.547		117.38		0	1	1 1
115.709		139.107		94.8711		133.314		1	0	1 1
126.24		150		123.824		138.709		1	0	1 1
115.709		160.893		100.992		165.857		1	0	1 1
110.066		173.413		90.5575		169.716		0	1	1 1
110.066		186.587		98.5151		187.883		0	1	1 1
115.709		199.107		102.658		203.761		1	0	1 1
126.24		210		110.04		214.145		0	1	1 1
115.709		220.893		120.451		225.142		1	0	1 1
110.065		233.413		88.1686		228.77		1	0	1 1
110.065		246.587		97.7506		234.596		1	0	1 0
115.709		259.107		104.295		256.674		0	1	1 1
126.24		270		114.171		273.497		1	0	1 1
115.709		280.893		102.538		276.796		0	1	1 1
110.065		293.413		108.144		304.138		0	1	1 1
110.065		306.587		121.374		300.426		1	0	1 1
115.709		319.107		105.378		322.927		1	0	1 1
126.24		330		115.019		325.301		0	1	1 1
140.56		338.948		133.89		335.495		1	0	1 1
133.593		349.107		145.165		345.757		0	1	1 1
131.188		0		138.679		355.425		0	1	1 1
133.593		10.8934		154.192		12.1437		1	0	1 1
140.56		21.0517		159.127		24.1248		0	1	1 1
151.459		30		135.6		29.2435		0	1	1 0
140.56		38.9483		129.033		38.7418		1	0	1 1
133.593		49.1066		142.554		42.1317		1	0	1 1
131.188		60		126.079		55.9748		0	1	1 1
133.593		70.8934		119.578		67.9392		0	1	1 1
140.56		81.0517		136.737		75.7532		0	1	1 1
151.459		90		147.834		81.8864		1	0	1 1
140.56		98.9483		153.134		104.297		1	0	1 1
133.593		109.107		131.201		103.386		0	1	1 1
131.188		120		127.966		111.086		0	1	1 1
133.593		130.893		118.662		124.552		1	0	1 1
140.56		141.052		129.088		131.934		1	0	1 1
151.459		150		132.993		146.347		0	1	1 1
140.56		158.948		156.183		157.094		1	0	1 1
133.593		169.107		124.58		165.893		0	1	1 1
131.188		180		124.308		186.24		1	0	1 1
133.593		190.893		123.824		199.271		0	1	1 1
140.56		201.052		158.114		205.07		1	0	1 1
151.459		210		158.749		214.224		1	0	1 1
140.56		218.948		116.069		218.783		1	0	1 1
133.593		229.107		131.32		237.762		1	0	1 1
131.188		240		112.724		237.425		1	0	1 1
133.592		250.893		122.421		242.984		1	0	1 1
140.56		261.052		163.814		264.29		1	0	1 1
151.459		270		128.327		271.189		1	0	1 1
140.56		278.948		151.975		284.55		0	1	1 1
133.592		289.107		130.483		293.151		1	0	1 1
131.188		300		133.26		309.651		1	0	1 1
133.593		310.893		122.451		308.338		0	1	1 1
140.56		321.052		144.618		327.492		0	1	1 1
151.459		330		143.73		332.881		1	0	1 1
165.51		337.589		189.751		337.67		1	0	1 1
157.635		346.102		165.718		347.84		1	0	1 1
153.545		355.285		134.788		359.647		0	1	1 1
153.545		4.715		163.15		0.233217		0	1	1 1
157.635		13.8979		154.787		5.13835		1	0	1 1
165.51		22.4109		182.409		19.0232		1	0	1 1
176.661		30		163.724		31.3543		1	0	1 1
165.51		37.5891		185.885		38.6233		0	1	1 1
157.635		46.1021		177.86		45.5401		0	1	1 1
153.545		55.285		135.841		54.5026		0	1	1 1
153.545		64.715		159.615		61.1731		0	1	1 0
157.635		73.8979		169.674		70.3586		1	0	1 1
165.51		82.4109		174.755		79.7085		0	1	1 1
176.661		90		168.368		92.6405		1	0	1 1
165.51		97.5891		157.898		92.1069		0	1	1 1
157.635		106.102		176.844		104.216		0	1	1 1
153.545		115.285		138.794		108.035		1	0	1 1
153.545		124.715		147.541		117.338		0	1	1 1
157.635		133.898		138.731		131.453		0	1	1 1
165.51		142.411		183.027		140.326		0	1	1 1
176.661		150		165.299		145.728		1	0	1 1
165.509		157.589		172.824		160.373		1	0	1 1
157.635		166.102		138.907		166.935		1	0	1 1
153.546		175.285		132.65		179.31		1	0	1 1
153.546		184.715		162.19		187.308		1	0	1 1
157.635		193.898		137.787		197.868		0	1	1 1
165.509		202.411		154.899		207.906		0	1	1 1
165.51		217.589		147.233		219.559		0	1	1 1
157.635		226.102		172.427		232.487		1	0	1 0
153.545		235.285		163.645		232.387		0	1	1 0
153.545		244.715		154.829		240.909		1	0	1 1
157.635		253.898		137.501		249.043		1	0	1 1
165.51		262.411		174.927		267.12		0	1	1 1
176.661		270		192.284		272.234		1	0	1 0
165.51		277.589		145.686		277.545		0	1	1 1
157.635		286.102		138.034		291.033		0	1	1 1
153.545		295.285		136.519		295.099		0	1	1 1
153.545		304.715		142.906		301.136		1	0	1 1
157.635		313.898		177.835		314.728		1	0	1 1
165.51		322.411		152.679		314.792		1	0	1 1
176.661		330		178.804		336.083		0	1	1 1
190.511		336.587		205.878		341.572		1	0	1 0
181.979		343.898		192.3		341.619		1	0	1 1
176.661		351.787		176.021		356.235		1	0	1 1
174.852		0		183.322		4.11569		1	0	1 1
176.661		8.21321		164.01		6.64117		0	1	1 1
181.979		16.1021		177.981		12.5256		0	1	1 1
190.511		23.4132		211.217		21.106		1	0	1 1
201.845		30		190.149		32.2183		0	1	1 1
181.979		43.8979		194.848		43.1817		1	0	1 1
176.661		51.7868		192.84		50.7325		0	1	1 1
174.852		60		191.242		59.6845		0	1	1 1
176.661		68.2132		163.186		62.4734		1	0	1 1
181.979		76.1021		181.713		69.4006		0	1	1 1
190.511		83.4132		167.785		82.055		1	0	1 1
201.845		90		206.017		85.9517		0	1	1 1
190.511		96.5868		199.488		90.278		0	1	1 0
181.979		103.898		194.105		101.8		0	1	1 0
176.661		111.787		183.19		108.976		0	1	1 1
174.852		120		163.202		113.175		0	1	1 1
176.661		128.213		156.921		125.805		1	0	1 1
181.979		136.102		189.966		143.011		0	1	1 1
190.51		143.413		191.3		148.463		0	1	1 1
201.845		150		177.138		148.928		1	0	1 1
190.511		156.587		191.835		153.39		0	1	1 1
181.979		163.898		185.99		159.215		1	0	1 1
176.661		171.787		187.079		176.686		0	1	1 1
174.852		180		174.178		174.448		1	0	1 1
176.661		188.213		158.159		182.715		1	0	1 0
181.979		196.102		183.581		191.405		0	1	1 1
190.511		203.413		200.135		205.94		0	1	1 1
201.845		210		183.984		204.99		1	0	1 1
190.51		216.587		167.856		218.611		1	0	1 1
181.979		223.898		169.859		229.41		1	0	1 0
176.661		231.787		191.964		228.227		1	0	1 0
174.853		240		168.664		234.768		1	0	1 0
176.662		248.213		162.635		243.682		1	0	1 1
181.979		256.102		191.661		260.992		0	1	1 1
190.511		263.413		204.565		266.376		0	1	1 1
190.511		276.587		200.335		270.8		1	0	1 0
181.979		283.898		178.075		289.923		1	0	1 1
176.662		291.787		185.642		298.53		0	1	1 1
174.853		300		154.836		299.804		0	1	1 1
176.661		308.213		185.125		304.107		0	1	1 1
181.979		316.102		191.973		321.306		1	0	1 1
190.511		323.413		184.945		328.443		0	1	1 1
201.845		330		201.058		326.849		0	1	1 1
215.536		335.818		234.571		336.241		1	0	1 1
206.511		342.216		208.411		335.979		0	1	1 0
200.265		349.107		218.233		352.981		1	0	1 1
197.068		356.329		211.172		356.321		1	0	1 1
197.068		3.6705		192.155		358.818		1	0	1 1
200.265		10.8934		184.481		7.30942		0	1	1 1
206.511		17.7836		226.952		17.2608		1	0	1 1
215.536		24.1825		208.741		28.102		1	0	1 1
227.007		30		218.496		31.2247		1	0	1 1
215.536		35.8175		191.829		35.937		0	1	1 1
206.511		42.2164		200.522		40.1714		0	1	1 1
200.265		49.1066		187.269		46.4763		1	0	1 0
197.068		56.3295		186.202		52.1325		0	1	1 1
197.068		63.6705		177.291		61.8028		0	1	1 1
200.265		70.8934		184.821		72.9682		1	0	1 1
206.511		77.7836		192.886		74.1544		1	0	1 1
215.536		84.1825		198.319		81.1066		0	1	1 1
227.007		90		246.626		88.6236		1	0	1 1
215.536		95.8175		206.92		91.4532		0	1	1 0
206.511		102.216		193.492		97.929		1	0	1 0
200.265		109.107		187.435		103.815		1	0	1 0
197.068		116.33		190.494		110.345		1	0	1 1
197.068		123.671		189.271		118.677		1	0	1 0
200.265		130.893		188.445		134.752		0	1	1 1
206.51		137.784		195.689		141.247		1	0	1 1
215.536		144.182		205.473		141.581		1	0	1 1
227.007		150		207.163		150.599		1	0	1 1
215.536		155.818		202.983		154.898		1	0	1 1
206.511		162.216		216.185		164.777		1	0	1 1
200.266		169.107		181.521		169.472		1	0	1 1
197.068		176.33		203.86		179.428		1	0	1 1
197.068		183.671		193.209		180.16		0	1	1 1
200.266		190.893		204.959		186.775		0	1	1 1
206.511		197.784		219.901		194.686		0	1	1 1
215.536		204.182		219.985		200.235		0	1	1 1
227.007		210		215.655		210.298		1	0	1 1
215.536		215.818		207.185		217.348		1	0	1 1
206.51		222.216		197.35		228.349		1	0	1 1
200.265		229.107		183.438		226.564		1	0	1 1
197.068		236.329		184.028		239.436		1	0	1 1
197.068		243.671		176.058		246.476		0	1	1 1
200.265		250.893		188.444		253.502		0	1	1 1
206.51		257.784		198.828		260.688		1	0	1 1
215.536		264.182		214.532		268.051		1	0	1 1
227.007		270		229.788		272.452		1	0	1 1
215.536		275.818		222.577		273.727		0	1	1 1
206.51		282.216		222.52		285.8		1	0	1 0
200.265		289.107		217.128		289.586		0	1	1 1
197.068		296.329		207.983		291.032		0	1	1 1
197.068		303.67		202.196		298.342		1	0	1 1
200.265		310.893		187.431		316.219		0	1	1 1
206.511		317.784		197.725		323.629		1	0	1 1
227.008		330		209.057		333.639		0	1	1 1
240.57		335.209		230.125		331.883		0	1	1 1
231.161		340.893		216.269		340.469		1	0	1 1
224.195		346.996		220.787		349.959		0	1	1 1
219.909		353.413		200.575		355.08		0	1	1 1
218.461		0		208.488		0.14828		1	0	1 1
219.909		6.58678		208.852		3.1556		1	0	1 1
224.195		13.0039		203.148		9.95923		0	1	1 1
231.161		19.1066		245.232		14.9172		1	0	1 1
240.57		24.7913		253.338		21.782		1	0	1 1
252.146		30		1e+06		1e+06		0	0	0 0
240.57		35.2087		251.463		36.7379		1	0	1 1
231.161		40.8934		213.949		36.6224		1	0	1 1
224.195		46.9961		225.183		41.571		0	1	1 1
219.909		53.4132		212.209		57.8136		0	1	1 1
218.461		60		222.2		63.0963		1	0	1 1
219.909		66.5868		242.176		68.711		1	0	1 1
224.195		73.0039		205.807		71.3845		0	1	1 1
231.161		79.1066		220.685		73.5993		1	0	1 1
240.57		84.7913		225.696		80.2507		0	1	1 1
240.57		95.2087		232.399		90.7219		1	0	1 1
231.161		100.893		227.864		95.595		1	0	1 1
224.195		106.996		219.069		101.942		0	1	1 0
219.909		113.413		211.319		110.805		1	0	1 1
218.461		120		203.185		123.95		1	0	1 1
219.909		126.587		212.609		122.559		0	1	1 1
224.195		133.004		215.241		135.157		0	1	1 1
231.161		139.107		228.296		142.599		1	0	1 1
252.146		150		264.776		147.059		0	1	1 1
240.57		155.209		222.443		151.378		0	1	1 1
231.16		160.893		215.258		157.554		0	1	1 1
224.196		166.996		214.797		162.523		1	0	1 1
219.909		173.413		206.546		173.781		0	1	1 1
218.461		180		209.167		182.559		1	0	1 1
219.909		186.587		204.08		184.801		1	0	1 1
224.196		193.004		229.906		197.235		0	1	1 1
231.16		199.107		211.561		199.52		1	0	1 1
240.57		204.791		227.929		202.638		1	0	1 1
252.146		210		240.057		214.373		0	1	1 1
240.57		215.209		226.841		220.196		1	0	1 1
231.161		220.893		237.605		224.717		1	0	1 1
224.196		226.996		214.44		223.913		0	1	1 1
219.909		233.413		207.543		231.593		0	1	1 1
218.461		240		218.682		233.914		0	1	1 0
219.909		246.587		229.832		248.103		0	1	1 0
224.195		253.004		208.377		252.623		0	1	1 1
231.16		259.107		1e+06		1e+06		0	0	0 0
240.57		264.791		254.195		264.517		1	0	1 0
252.146		270		260.704		274.676		1	0	1 1
240.57		275.209		248.079		270.486		0	1	1 1
231.16		280.893		212.761		280.224		1	0	1 1
224.195		286.996		224.153		281.551		1	0	1 0
219.909		293.413		240.916		293.51		0	1	1 0
218.461		300		214.088		306.459		1	0	1 1
219.909		306.587		203.673		309.462		1	0	1 1
224.196		313.004		214.342		315.002		1	0	1 1
231.161		319.107		231.542		324.096		0	1	1 1
240.57		324.791		244.604		328.907		1	0	1 0
252.146		330		227.966		329.647		0	1	1 0
265.601		334.715		274.085		330.483		0	1	1 1
255.886		339.826		241.495		338.06		0	1	1 1
248.348		345.295		238.505		346.971		0	1	1 1
243.191		351.052		241.042		356.407		1	0	1 1
240.57		356.996		227.274		1.93084		0	1	1 1
240.57		3.00449		218.214		3.42393		0	1	1 1
243.191		8.94827		228.987		5.34567		1	0	1 1
248.348		14.7047		241.328		11.9254		1	0	1 1
255.886		20.1736		276.418		17.4305		1	0	1 1
265.601		25.285		265.796		27.5702		0	1	1 1
277.258		30		264.467		31.3962		0	1	1 1
265.601		34.715		257.277		33.3803		0	1	1 1
255.887		39.8264		245.53		39.1266		1	0	1 1
248.348		45.2953		255.28		43.1445		1	0	1 1
243.191		51.0517		231.377		48.1271		1	0	1 1
240.57		56.9955		220.905		54.0036		1	0	1 1
240.57		63.0045		264.915		62.4824		1	0	1 1
243.191		68.9483		255.589		65.5695		0	1	1 1
248.348		74.7047		230.629		75.9212		1	0	1 1
255.887		80.1736		244.633		75.5944		1	0	1 1
265.601		85.285		255.643		87.1801		0	1	1 1
277.257		90		295.97		90.04		1	0	1 1
265.601		94.715		252.354		93.9135		1	0	1 1
255.887		99.8264		259.746		95.7737		1	0	1 1
248.348		105.295		236.333		100.599		1	0	1 1
243.191		111.052		239.464		107.682		1	0	1 0
240.57		116.996		243.428		121.867		1	0	1 1
240.57		123.005		226.055		126.882		0	1	1 1
243.191		128.948		249.797		132.278		1	0	1 1
248.348		134.705		237.663		134.795		1	0	1 1
255.887		140.174		269.393		136.15		1	0	1 1
265.6		145.285		251.058		141.742		1	0	1 1
277.257		150		254.603		149.521		1	0	1 1
265.601		154.715		262.054		150.944		0	1	1 1
255.886		159.826		239.027		158.889		0	1	1 1
248.348		165.295		227.115		162.47		0	1	1 1
243.191		171.052		225.225		168.378		0	1	1 1
240.57		176.996		242.572		181.324		1	0	1 1
240.57		183.005		222.554		184.89		1	0	1 1
243.191		188.948		230.644		192.853		1	0	1 1
248.348		194.705		239.93		191.138		0	1	1 1
255.886		200.174		241.209		195.834		0	1	1 1
265.601		205.285		255.511		206.807		1	0	1 1
277.258		210		263.312		206.78		1	0	1 1
265.6		214.715		263.378		210.991		0	1	1 1
255.887		219.826		239.385		221.007		1	0	1 1
248.348		225.295		230.635		228.916		1	0	1 1
243.191		231.052		244.552		235.186		1	0	1 0
240.57		236.995		219.875		236.862		0	1	1 0
240.57		243.004		220.493		239.396		1	0	1 0
243.19		248.948		249.332		253.998		1	0	1 0
248.348		254.705		251.47		249.19		1	0	1 0
255.886		260.174		274.99		262.75		1	0	1 1
265.601		265.285		277.751		269.263		0	1	1 0
277.258		270		262.042		271.08		1	0	1 0
265.601		274.715		275.546		278.117		0	1	1 0
255.886		279.826		236.425		280.027		0	1	1 1
248.348		285.295		248.129		282.063		0	1	1 1
243.19		291.052		225.982		288.833		1	0	1 1
240.57		296.996		248.158		293.462		1	0	1 1
240.57		303.004		250.599		308.174		1	0	1 1
243.191		308.948		225.736		308.809		0	1	1 1
248.348		314.705		263.513		314.839		1	0	1 1
255.886		320.174		269.673		322.231		1	0	1 1
265.6		325.285		255.839		327.047		0	1	1 0
277.258		330		258.705		329.373		0	1	1 1
290.619		334.307		266.954		334.129		0	1	1 1
280.659		338.948		265.711		337.881		0	1	1 1
272.656		343.898		282.223		345.487		0	1	1 1
266.79		349.107		287.965		349.696		0	1	1 1
263.206		354.504		254.611		355.62		0	1	1 1
262.001		0		278.654		357.529		0	1	1 1
263.206		5.49637		252.362		2.91298		1	0	1 1
266.79		10.8934		245.4		11.2006		1	0	1 1
272.656		16.1021		264.066		13.1042		1	0	1 1
280.659		21.0517		284.419		16.1271		1	0	1 1
290.619		25.6934		297.94		27.4578		0	1	1 1
302.34		30		321.052		29.2059		1	0	1 1
290.619		34.3066		274.937		35.3968		1	0	1 1
280.659		38.9483		290.143		37.1534		0	1	1 1
272.656		43.8979		259.521		39.7945		1	0	1 1
266.789		49.1066		252.68		51.4561		0	1	1 1
263.206		54.5036		278.451		55.4118		0	1	1 1
262.001		60		250.247		56.7302		0	1	1 1
263.206		65.4964		255.582		64.3741		1	0	1 1
266.79		70.8934		251.628		68.602		1	0	1 1
272.656		76.1021		253.648		73.4548		1	0	1 1
280.659		81.0517		289.778		77.7115		0	1	1 1
290.619		85.6934		275.81		88.3281		0	1	1 1
302.34		90		285.991		86.82		0	1	1 1
290.619		94.3066		302.308		92.9491		1	0	1 1
280.659		98.9483		269.558		94.4566		0	1	1 1
272.655		103.898		248.458		103.838		1	0	1 1
266.79		109.107		264.217		104.505		1	0	1 1
263.206		114.504		272.002		111.45		0	1	1 1
262		120		247.591		122.813		0	1	1 1
263.206		125.496		255.938		123.341		0	1	1 1
266.79		130.893		254.206		134.852		0	1	1 1
272.655		136.102		287.438		135.996		0	1	1 1
280.659		141.052		280.613		136.364		1	0	1 1
290.619		145.693		288.864		148.822		0	1	1 1
302.34		150		285.515		152.725		0	1	1 1
290.619		154.307		274.532		152.434		0	1	1 1
280.659		158.948		276.805		156.678		0	1	1 1
272.656		163.898		252.4		162.884		1	0	1 1
266.789		169.107		251.811		166.462		0	1	1 1
263.206		174.504		280.663		176.549		1	0	1 1
262.001		180		274.546		182.088		0	1	1 1
263.206		185.496		260.591		188.584		0	1	1 1
266.789		190.893		244.755		192.782		1	0	1 1
272.656		196.102		253.617		197.532		0	1	1 1
280.659		201.052		256.829		201.863		0	1	1 1
290.619		205.693		274.242		204.237		0	1	1 0
302.34		210		312.476		208.666		1	0	1 1
290.619		214.307		306.512		215.611		0	1	1 1
280.658		218.948		288.814		215.335		1	0	1 1
272.656		223.898		270.393		226.029		1	0	1 1
266.79		229.107		241.967		228.972		1	0	1 0
263.206		234.504		241.443		232.393		1	0	1 1
262		240		280.951		238.842		1	0	1 1
263.206		245.496		272.108		250.463		1	0	1 1
266.789		250.893		255.191		253.874		0	1	1 1
272.656		256.102		284.918		259.817		1	0	1 1
280.659		261.052		285.847		263.59		1	0	1 1
290.62		265.693		298.794		270.151		1	0	1 0
302.34		270		290.365		273.813		1	0	1 0
290.62		274.307		310.557		273.972		1	0	1 1
280.659		278.948		257.957		276.994		1	0	1 0
272.656		283.898		276.673		282.125		0	1	1 1
266.789		289.107		280.094		290.654		1	0	1 1
263.206		294.504		262.008		290.789		0	1	1 1
262		300		250.897		303.037		0	1	1 1
263.206		305.496		270.058		303.07		0	1	1 1
266.79		310.893		258.013		307.413		1	0	1 1
272.656		316.102		278.838		320.68		0	1	1 1
280.659		321.052		287.919		325.432		0	1	1 1
290.619		325.693		274.41		327.097		1	0	1 0
302.34		330		314.379		331.524		0	1	1 1
315.62		333.963		322.872		332.816		0	1	1 1
305.457		338.213		286.576		336.172		1	0	1 1
297.071		342.731		294.565		346.357		1	0	1 1
290.619		347.48		304.861		345.767		1	0	1 1
286.236		352.411		273.523		349.597		1	0	1 1
284.018		357.457		279.488		353.07		0	1	1 1
284.018		2.54292		293.869		0.024276		0	1	1 1
286.236		7.58909		273.11		9.25234		1	0	1 1
290.619		12.5198		279.971		8.86887		0	1	1 1
297.071		17.2695		310.963		13.8497		0	1	1 1
305.457		21.7868		294.04		24.2343		1	0	1 1
315.62		26.0368		313.534		27.901		0	1	1 1
327.39		30		339.991		29.9241		1	0	1 0
305.457		38.2132		305.11		35.9184		0	1	1 1
297.071		42.7305		273.404		42.1144		1	0	1 0
290.619		47.4802		300.008		43.4988		0	1	1 0
286.236		52.4109		309.482		52.2282		0	1	1 1
284.018		57.4571		306.36		58.7313		0	1	1 0
284.018		62.5429		302.036		60.4432		1	0	1 0
286.236		67.5891		283.718		64.8784		0	1	1 1
290.619		72.5198		293.44		68.7256		1	0	1 1
297.071		77.2695		298.433		81.9748		1	0	1 1
305.457		81.7868		322.369		82.0791		0	1	1 1
315.62		86.0368		315.232		83.3151		0	1	1 1
327.39		90		346.395		87.3609		1	0	1 1
315.62		93.9632		335.639		92.4926		0	1	1 1
305.457		98.2132		288.254		97.3144		1	0	1 1
297.071		102.731		300.459		98.6339		1	0	1 1
290.619		107.48		275.011		106.085		1	0	1 1
286.236		112.411		305.703		115.022		1	0	1 0
284.018		117.457		286.973		112.806		1	0	1 1
284.018		122.543		264.554		122.353		0	1	1 1
286.236		127.589		283.143		123.872		0	1	1 1
290.62		132.52		300.471		128.423		0	1	1 1
297.071		137.269		295.507		133.528		1	0	1 1
305.457		141.787		296.236		145.545		1	0	1 1
315.62		146.037		297.538		147.45		1	0	1 1
327.39		150		310.368		150.423		0	1	1 1
315.619		153.963		298.748		155.478		0	1	1 1
305.457		158.213		293.274		159.042		0	1	1 1
297.071		162.731		281.115		158.999		1	0	1 1
290.62		167.48		281.627		164.662		0	1	1 1
286.236		172.411		283.843		168.057		1	0	1 1
284.019		177.457		282.82		172.939		1	0	1 1
284.019		182.543		279.443		179.591		1	0	1 1
286.236		187.589		274.16		188.529		0	1	1 1
290.62		192.52		276.156		193.181		0	1	1 1
297.071		197.269		293.93		199.993		1	0	1 1
305.457		201.787		281.982		200.555		1	0	1 1
315.62		206.037		292.108		205.181		0	1	1 0
327.39		210		319.695		207.231		0	1	1 1
315.62		213.963		305.101		211.612		1	0	1 1
305.457		218.213		298.748		220.02		1	0	1 1
297.071		222.731		283.771		221.023		0	1	1 1
290.619		227.48		309.871		228.687		1	0	1 0
286.236		232.411		267.344		235.003		0	1	1 1
284.018		237.457		265.101		236.223		1	0	1 1
284.019		242.543		278.016		245.693		0	1	1 1
286.236		247.589		298.218		248.478		1	0	1 1
290.62		252.52		278.925		255.978		1	0	1 1
297.071		257.269		291.799		261.884		1	0	1 1
305.457		261.787		303.481		265.271		0	1	1 1
315.62		266.037		322.951		269.902		1	0	1 0
327.39		270		332.282		271.652		0	1	1 0
315.62		273.963		308.785		271.05		0	1	1 0
305.457		278.213		290.804		280.648		1	0	1 1
297.071		282.731		304.885		281.615		1	0	1 1
290.62		287.48		274.342		287.346		1	0	1 1
286.236		292.411		273.832		292.909		1	0	1 1
284.019		297.457		302.398		295.001		0	1	1 1
284.018		302.543		287.614		305.3		1	0	1 1
286.236		307.589		300.382		307.606		1	0	1 1
290.619		312.52		282.431		308.193		0	1	1 1
297.071		317.269		1e+06		1e+06		0	0	0 0
305.457		321.787		298.82		320.108		0	1	1 1
327.39		330		314.437		329.242		1	0	1 1
340.597		333.67		357.836		333.355		1	0	1 1
330.266		337.589		335.82		341.384		1	0	1 1
321.56		341.742		306.088		338.445		0	1	1 1
314.619		346.102		312.862		343.682		1	0	1 1
309.563		350.633		299.306		350.679		1	0	1 1
306.489		355.285		312.651		353.077		0	1	1 1
305.457		0		291.629		356.483		0	1	1 1
306.489		4.715		317.247		4.48323		1	0	1 1
309.563		9.367		287.375		9.08245		1	0	1 0
314.619		13.8979		308.408		9.56688		1	0	1 0
321.56		18.2585		326.861		21.5675		0	1	1 1
330.266		22.4109		341.472		25.7546		1	0	1 1
340.597		26.3295		358.117		23.7272		1	0	1 1
352.406		30		372.493		29.9742		1	0	1 0
340.597		33.6705		326.48		36.1295		0	1	1 1
330.266		37.5891		319.256		38.2487		1	0	1 1
321.56		41.7415		328.863		43.2543		1	0	1 0
314.619		46.1021		322.202		44.4981		0	1	1 0
309.563		50.633		328.23		50.5835		0	1	1 1
306.489		55.285		325.944		54.0026		0	1	1 1
305.457		60		286.288		61.3494		1	0	1 0
306.489		64.715		289.49		63.5393		1	0	1 0
309.563		69.367		298.206		66.0102		0	1	1 1
314.619		73.8979		302.622		70.7779		1	0	1 1
321.56		78.2585		308.449		77.0915		1	0	1 1
330.266		82.4109		316.701		79.4467		1	0	1 1
340.597		86.3295		329.077		83.2046		0	1	1 0
352.406		90		376.135		89.5284		1	0	1 1
340.597		93.6705		323.939		96.8502		1	0	1 1
330.266		97.5891		311.952		96.0924		1	0	1 1
321.56		101.742		326.528		98.7509		0	1	1 1
314.619		106.102		330.161		103.584		1	0	1 1
309.563		110.633		329.474		112.342		1	0	1 1
306.489		115.285		303.295		119.838		1	0	1 0
305.457		120		286.673		120.239		0	1	1 1
306.489		124.715		293.44		126.474		0	1	1 1
309.563		129.367		300.367		130.485		1	0	1 1
314.619		133.898		307.628		131.697		1	0	1 1
321.56		138.258		339.555		139.402		1	0	1 1
330.266		142.411		316.821		140.624		1	0	1 1
340.597		146.329		331.888		144.626		0	1	1 1
352.406		150		336.311		149.835		1	0	1 1
340.597		153.671		329.456		152.29		0	1	1 1
330.266		157.589		314.622		156.967		0	1	1 1
321.561		161.742		301.672		160.453		1	0	1 1
314.618		166.102		313.542		162.812		1	0	1 1
309.563		170.633		290.855		169.02		1	0	1 1
306.488		175.285		289.822		173.8		1	0	1 1
305.457		180		291.908		178.183		0	1	1 1
306.488		184.715		288.052		185.047		1	0	1 1
309.563		189.367		308.932		191.703		0	1	1 1
314.618		193.898		300.526		196.132		1	0	1 1
321.561		198.258		310.234		194.538		1	0	1 1
330.266		202.411		306.449		202.122		0	1	1 1
340.597		206.329		330.574		210.135		1	0	1 1
352.406		210		336.042		211.059		0	1	1 1
330.266		217.589		323.1		219.225		1	0	1 1
321.56		221.742		329.317		224.764		0	1	1 1
314.619		226.102		1e+06		1e+06		0	0	0 0
309.563		230.633		315.308		232.491		0	1	1 1
306.489		235.285		290.09		237.393		1	0	1 1
305.456		240		316.193		240.26		1	0	1 1
306.488		244.715		297.021		240.739		1	0	1 1
309.563		249.367		297.348		252.783		1	0	1 1
314.619		253.898		293.366		256.334		1	0	1 1
321.56		258.258		308.446		256.171		0	1	1 1
330.266		262.411		328.531		266.604		0	1	1 1
340.597		266.33		333.654		268.227		0	1	1 1
340.597		273.671		335.045		275.02		1	0	1 1
330.266		277.589		314.545		280.856		1	0	1 1
321.56		281.742		331.315		285.565		1	0	1 1
314.619		286.102		298.764		286.347		1	0	1 1
309.563		290.633		287.475		292.027		1	0	1 1
306.488		295.285		296.759		299.105		1	0	1 1
305.457		300		307.079		303.5		1	0	1 1
306.489		304.715		287.699		303.652		0	1	1 1
309.563		309.367		321.926		306.883		0	1	1 1
314.619		313.898		338.833		314.573		1	0	1 1
321.56		318.258		309.318		319.339		0	1	1 1
330.266		322.411		351.538		324.367		0	1	1 0
340.597		326.33		338.282		324.31		0	1	1 0
352.406		330		350.815		331.991		0	1	1 1
365.546		333.418		378.008		333.622		0	1	1 1
355.074		337.053		347.213		335.615		0	1	1 1
346.099		340.893		337.382		343.766		0	1	1 1
338.742		344.921		330.79		343.441		0	1	1 1
333.116		349.107		331.325		346.965		0	1	1 1
329.31		353.413		321.866		349.641		0	1	1 1
327.39		357.796		307.11		355.582		0	1	1 1
327.39		2.20423		329.465		0.111874		1	0	1 1
329.31		6.58678		331.571		10.7855		1	0	1 0
333.116		10.8934		315.713		13.1997		0	1	1 0
338.742		15.0791		360.718		14.0603		1	0	1 1
346.099		19.1066		354.429		16.3326		0	1	1 1
355.074		22.9473		345.596		20.242		1	0	1 1
365.546		26.582		358.97		30.1909		1	0	1 0
377.385		30		372.72		26.4318		0	1	1 1
365.546		33.418		370.359		31.3981		1	0	1 1
355.074		37.0527		369.294		37.8568		1	0	1 1
346.099		40.8934		336.037		43.9585		0	1	1 0
338.743		44.9209		329.428		41.9903		1	0	1 0
333.116		49.1066		325.772		45.7785		0	1	1 0
329.31		53.4132		348.068		51.2307		1	0	1 1
327.39		57.7958		330.648		60.7336		1	0	1 1
327.39		62.2042		311.182		62.7211		0	1	1 1
329.31		66.5868		318.549		65.4056		1	0	1 1
333.116		70.8934		311.887		68.8909		0	1	1 1
338.742		75.0791		329.793		74.3496		1	0	1 1
346.099		79.1066		349.405		80.8779		0	1	1 1
355.074		82.9473		346.085		83.6324		0	1	1 0
365.546		86.582		367.284		87.9633		0	1	1 1
377.385		90		389.271		87.8982		0	1	1 1
365.546		93.418		371.501		90.6825		1	0	1 1
355.074		97.0527		352.636		94.4061		0	1	1 1
346.099		100.893		353.401		97.2986		0	1	1 1
338.742		104.921		326.238		102.028		1	0	1 1
333.116		109.107		340.802		105.995		0	1	1 1
329.31		113.413		343.316		109.91		1	0	1 1
327.39		117.796		315.284		118.03		1	0	1 0
327.39		122.204		310.035		122.318		0	1	1 1
329.31		126.587		310.374		125.641		1	0	1 0
333.116		130.893		342.407		128.645		0	1	1 1
338.743		135.079		339.099		132.891		1	0	1 1
346.099		139.107		335.026		137.197		1	0	1 1
355.074		142.947		357.795		140.865		1	0	1 1
365.546		146.582		359.648		149.651		0	1	1 0
377.385		150		1e+06		1e+06		0	0	0 0
365.546		153.418		343.899		154.285		0	1	1 1
355.074		157.053		335.688		156.152		0	1	1 1
346.099		160.893		365.533		162.24		0	1	1 1
338.743		164.921		351.13		165.411		0	1	1 1
333.116		169.107		316.126		167.132		0	1	1 1
329.311		173.413		334.877		175.678		0	1	1 1
327.39		177.796		313.635		175.202		1	0	1 1
327.39		182.204		315.352		179.702		0	1	1 1
329.311		186.587		334.126		189.01		1	0	1 1
333.116		190.893		340.271		193.51		1	0	1 1
338.743		195.079		315.393		196.552		1	0	1 1
346.099		199.107		354.567		198.205		1	0	1 1
355.074		202.947		364.344		201.327		0	1	1 1
365.546		206.582		351.459		207.059		0	1	1 1
377.385		210		385.644		210.927		0	1	1 1
365.546		213.418		364.137		211.958		1	0	1 1
355.074		217.053		359.467		213.278		0	1	1 1
346.099		220.893		343.667		216.897		1	0	1 1
338.743		224.921		321.793		226.59		0	1	1 1
333.116		229.107		342.523		230.729		1	0	1 0
329.31		233.413		309.421		233.733		0	1	1 1
327.391		237.796		331.264		239.875		1	0	1 1
327.391		242.204		346.319		244.146		1	0	1 1
329.311		246.587		311.338		245.535		0	1	1 1
333.116		250.893		313.774		252.142		0	1	1 1
338.743		255.079		334.693		259.222		1	0	1 1
346.099		259.107		334.803		262.504		0	1	1 1
355.074		262.947		360.883		265.545		1	0	1 1
365.545		266.582		370.499		269.857		1	0	1 1
377.385		270		388.339		270.762		0	1	1 1
365.545		273.418		378.473		270.306		0	1	1 1
355.074		277.053		355.522		278.887		0	1	1 1
346.099		280.893		327.566		281.257		1	0	1 1
338.743		284.921		339.098		288.179		1	0	1 1
333.116		289.107		316.007		289.427		1	0	1 1
329.31		293.413		349.165		295.277		1	0	1 1
327.391		297.796		336.613		296.869		0	1	1 1
327.391		302.204		336.936		304.045		1	0	1 1
329.31		306.587		306.508		306.164		1	0	1 1
333.116		310.893		342.598		307.593		0	1	1 1
338.742		315.079		362.964		315.261		0	1	1 1
346.099		319.107		354.112		322.19		1	0	1 1
355.074		322.947		370.143		322.371		0	1	1 1
365.546		326.582		355.283		329.299		1	0	1 1
377.384		330		397.775		330.08		0	1	1 1
390.462		333.198		386.057		331.215		0	1	1 1
379.872		336.587		385.049		339.754		0	1	1 1
370.667		340.158		372.502		337.252		0	1	1 1
362.957		343.898		348.066		341.421		0	1	1 1
356.841		347.784		339.888		344.939		1	0	1 1
352.406		351.787		328.724		352.583		1	0	1 1
349.717		355.872		346.768		352.338		1	0	1 1
348.816		0		339.837		0.74174		1	0	1 1
349.717		4.12781		360.24		7.24409		1	0	1 1
352.406		8.21321		339.311		11.1574		0	1	1 1
356.841		12.2164		364.409		13.4012		0	1	1 1
362.957		16.1021		374.434		17.8471		1	0	1 1
370.667		19.8417		349.167		19.357		1	0	1 1
379.872		23.4132		393.726		22.2231		1	0	1 1
390.462		26.8021		383.314		24.3806		1	0	1 1
402.323		30		409.428		31.9237		1	0	1 1
390.462		33.1979		394.502		34.4573		0	1	1 1
379.872		36.5868		401.879		35.0689		1	0	1 1
370.667		40.1583		388.219		40.2803		0	1	1 1
362.957		43.8979		364.38		41.8549		0	1	1 1
356.841		47.7837		362.363		44.1381		0	1	1 1
352.406		51.7868		363.472		49.5587		0	1	1 1
349.717		55.8722		361.098		54.0163		0	1	1 1
348.816		60		347.149		56.6167		1	0	1 1
349.717		64.1278		357.626		60.9722		1	0	1 1
352.406		68.2132		352.933		65.1915		1	0	1 1
356.841		72.2164		380.412		71.2539		1	0	1 1
362.957		76.1021		381.095		77.1897		0	1	1 1
370.667		79.8417		358.151		79.6019		1	0	1 1
379.872		83.4132		390.588		86.4494		1	0	1 1
390.462		86.8021		412.025		87.7012		1	0	1 1
390.462		93.198		387.455		90.046		1	0	1 1
379.872		96.5868		363.392		95.3189		1	0	1 1
370.667		100.158		368.647		97.7083		0	1	1 1
362.957		103.898		352.129		100.801		1	0	1 1
356.841		107.784		356.061		103.963		0	1	1 1
352.406		111.787		360.746		108.873		0	1	1 1
349.717		115.872		330.492		113.373		1	0	1 1
348.816		120		369.963		120.097		0	1	1 1
349.717		124.128		333.942		123.039		1	0	1 1
352.406		128.213		329.723		126.617		1	0	1 0
356.841		132.216		352.066		128.658		0	1	1 1
362.957		136.102		355.032		133.684		0	1	1 1
370.667		139.842		357.582		137.582		0	1	1 1
379.872		143.413		364.036		141.393		0	1	1 1
390.462		146.802		405.398		145.2		1	0	1 1
402.323		150		384.569		149.291		1	0	1 1
390.462		153.198		383.718		155.229		1	0	1 1
379.873		156.587		1e+06		1e+06		0	0	0 0
370.667		160.158		366.965		156.768		1	0	1 1
362.957		163.898		344.234		163.739		1	0	1 1
356.841		167.784		352.278		171.007		0	1	1 1
352.407		171.787		342.209		171.479		1	0	1 1
349.717		175.872		336.505		177.412		1	0	1 1
348.816		180		332.395		183.089		1	0	1 1
349.717		184.128		351.653		187.257		0	1	1 1
352.407		188.213		340.233		191.703		1	0	1 1
356.841		192.216		349.28		195.79		1	0	1 1
362.957		196.102		358.599		192.502		0	1	1 1
370.667		199.842		394.146		200.87		1	0	1 1
379.873		203.413		1e+06		1e+06		0	0	0 0
390.462		206.802		392.24		209.372		1	0	1 1
402.323		210		407.405		212.444		0	1	1 1
390.462		213.198		402.652		210.634		1	0	1 1
379.872		216.587		362.709		214.703		1	0	1 1
370.667		220.158		371.133		216.5		0	1	1 1
362.956		223.898		345.222		221.642		1	0	1 1
356.841		227.784		339.121		225.172		1	0	1 1
352.407		231.787		354.435		233.312		1	0	1 1
349.718		235.872		363.967		234.144		0	1	1 1
348.816		240		344.672		243.277		0	1	1 1
349.717		244.128		347.372		246.605		0	1	1 1
352.406		248.213		332.114		249.969		1	0	1 1
356.841		252.216		340.213		250.344		0	1	1 1
362.956		256.102		341.272		256.695		1	0	1 1
370.668		259.842		353.253		257.099		1	0	1 1
379.872		263.413		368.732		266.214		1	0	1 1
390.462		266.802		394.546		268.084		1	0	1 1
402.323		270		419.437		270.122		0	1	1 1
390.462		273.198		390.372		274.645		0	1	1 1
379.872		276.587		384.511		275.339		1	0	1 1
370.668		280.158		362.934		282.461		1	0	1 1
362.956		283.898		342.218		284.298		0	1	1 1
356.841		287.784		345.48		286.651		0	1	1 1
352.406		291.787		350.3		290.094		1	0	1 1
349.717		295.872		342.3		299.329		0	1	1 1
348.816		300		362.261		298.005		1	0	1 1
349.717		304.128		348.056		307.785		0	1	1 1
