25.2587		30.000
25.2587		90.000
25.2587		150.00
25.2587		210.00
25.2587		270.00
43.7478		0.000
50.5147		30.000
43.7478		60.000
50.5147		90.000
43.7478		120.00
50.5147		150.00
43.7478		180.00
50.5147		210.00
43.7478		240.00
43.7478		300.00
50.5148		330.00
66.8212		349.107
66.8212		10.8934	
75.7654		30.000
66.8212		49.1066	
66.8212		70.8934	
75.7654		90.000
66.8212		109.107	
66.8212		130.893	
75.7654		150.000
66.8212		169.107	
66.8212		190.893	
66.8212		229.107	
66.8212		250.893	
75.7654		270.000
66.8212		289.107	
66.8212		310.893	
75.7654		330.000
91.0523		343.898	
87.4818		0.000	
91.0523		16.1021	
101.008		30.000	
91.0523		43.8979	
87.4818		60.000	
91.0523		76.1021	
91.0523		103.898	
87.4818		120.000	
91.0523		136.102	
91.0523		163.898	
87.4818		180.000	
91.0523		196.102	
101.008		210.000	
91.0523		223.898	
87.4818		240.000	
91.0523		256.102	
101.008		270.000
91.0523		283.898	
87.4817		300.000
91.0523		316.102	