25.2587		30		39.5168		10.0133		0	1	1 	 1
25.2587		90		42.1291		78.6821		0	1	1 	 -1
25.2587		150		33.942		117.751		0	1	1 	 1
25.2587		210		18.1594		190.006		1	0	1 	 -1
25.2587		270		16.6848		324.126		1	0	1 	 0
43.7478		0		49.0548		347.238		0	1	1 	 1
50.5147		30		74.8626		27.3525		1	0	1 	 0
43.7478		60		45.1684		29.8801		0	1	1 	 1
50.5147		90		61.4476		90.4237		1	0	1 	 0
43.7478		120		51.8125		105.078		0	1	1 	 1
50.5147		150		30.525		144.399		1	0	1 	 -1
43.7478		180		40.3434		212.668		0	1	1 	 1
50.5147		210		28.097		219.449		1	0	1 	 0
43.7478		240		23.9972		226.246		0	1	1 	 -1
43.7478		300		24.8028		272.116		1	0	1 	 0
50.5148		330		30.6593		332.368		1	0	1 	 -1
66.8212		349.107		68.1196		2.16556		0	1	1 	 1
66.8212		10.8934		58.3992		359.532		0	1	1 	 0
75.7654		30		64.7438		14.9765		1	0	1 	 0
66.8212		49.1066		62.8707		36.4876		0	1	1 	 0
66.8212		70.8934		47.4961		86.608		1	0	1 	 1
75.7654		90		96.8776		84.989		1	0	1 	 -1
66.8212		109.107		62.2023		95.2215		1	0	1 	 0
66.8212		130.893		90.0114		128.805		1	0	1 	 0
75.7654		150		66.2254		166.088		0	1	1 	 0
66.8212		169.107		58.9353		162.176		0	1	1 	 0
66.8212		190.893		56.211		174.596		0	1	1 	 0
66.8212		229.107		72.4898		214.483		1	0	1 	 1
66.8212		250.893		49.232		249.609		0	1	1 	 1
75.7654		270		61.1512		267.088		1	0	1 	 0
66.8212		289.107		44.1495		291.633		1	0	1 	 -1
66.8212		310.893		46.6491		309.979		1	0	1 	 0
75.7654		330		87.4706		318.647		1	0	1 	 1
91.0523		343.898		90.8899		332.82		0	1	1 	 1
87.4818		0		99.0953		0.60012		0	1	1 	 1
91.0523		16.1021		114.237		14.0713		1	0	1 	 0
101.008		30		121.187		26.7755		1	0	1 	 -1
91.0523		43.8979		76.737		37.3753		0	1	1 	 1
87.4818		60		82.6327		70.9658		1	0	1 	 0
91.0523		76.1021		103.345		68.4681		1	0	1 	 0
91.0523		103.898		84.4508		93.8531		1	0	1 	 0
87.4818		120		69.4025		108.527		0	1	1 	 -1
91.0523		136.102		102.589		133.411		0	1	1 	 1
91.0523		163.898		98.5557		152.584		0	1	1 	 1
87.4818		180		67.6082		171.258		1	0	1 	 -1
91.0523		196.102		69.3326		196.347		1	0	1 	 0
101.008		210		90.9034		210.235		1	0	1 	 1
91.0523		223.898		97.7975		228.603		1	0	1 	 -1
87.4818		240		64.042		242.845		0	1	1 	 1
91.0523		256.102		80.0676		270.302		1	0	1 	 0
101.008		270		122.752		271.579		1	0	1 	 -1
91.0523		283.898		98.2155		270.622		1	0	1 	 -1
87.4817		300		69.7958		294.563		1	0	1 	 0
91.0523		316.102		76.6736		318.323		1	0	1 	 0
101.008		330		102.739		339.738		1	0	1 	 -1
115.709		340.893		132.305		349.011		0	1	1 	 1
110.065		353.413		124.367		348.485		0	1	1 	 1
110.065		6.58677		90.8972		5.41202		0	1	1 	 -1
115.709		19.1066		106.535		18.4121		1	0	1 	 0
126.24		30		144.979		31.7096		0	1	1 	 0
115.709		40.8934		129.714		37.7081		1	0	1 	 -1
110.065		53.4132		100.997		65.1545		0	1	1 	 1
110.065		66.5868		121.498		64.5968		1	0	1 	 0
115.709		79.1066		99.7826		80.2247		0	1	1 	 -1
126.24		90		119.072		80.5994		1	0	1 	 1
115.709		100.893		126.762		92.4188		0	1	1 	 1
110.065		113.413		96.6913		103.187		1	0	1 	 -1
110.065		126.587		93.0149		116.953		0	1	1 	 -1
115.709		139.107		121.287		145.503		1	0	1 	 -1
126.24		150		103.502		145.43		1	0	1 	 -1
115.709		160.893		95.2908		160.225		1	0	1 	 1
110.066		173.413		91.4319		165.792		0	1	1 	 0
110.066		186.587		104.099		190.921		1	0	1 	 0
115.709		199.107		93.8218		202.013		1	0	1 	 -1
126.24		210		123.258		201.769		0	1	1 	 0
115.709		220.893		129.847		211.563		1	0	1 	 1
110.065		233.413		114.394		243.509		0	1	1 	 0
110.065		246.587		106.147		254.113		1	0	1 	 1
115.709		259.107		108.369		267.649		1	0	1 	 1
126.24		270		114.544		264.901		1	0	1 	 0
115.709		280.893		103.895		279.79		0	1	1 	 1
110.065		293.413		90.0053		295.236		1	0	1 	 1
110.065		306.587		95.793		305.045		0	1	1 	 -1
115.709		319.107		109.622		325.791		1	0	1 	 -1
126.24		330		111.006		335.519		1	0	1 	 1
140.56		338.948		163.247		338.291		1	0	1 	 1
133.593		349.107		147.056		345.89		1	0	1 	 -1
131.188		0		116.045		354.241		0	1	1 	 0
133.593		10.8934		115.339		3.45656		1	0	1 	 0
140.56		21.0517		130.498		12.2045		1	0	1 	 0
151.459		30		159.693		26.179		0	1	1 	 -1
140.56		38.9483		133.178		48.3246		1	0	1 	 0
133.593		49.1066		151.2		43.4795		1	0	1 	 0
131.188		60		150.003		61.0961		0	1	1 	 1
133.593		70.8934		128.404		65.5742		1	0	1 	 1
140.56		81.0517		127.778		72.2377		1	0	1 	 1
151.459		90		162.378		84.4892		0	1	1 	 1
140.56		98.9483		143.223		92.8282		1	0	1 	 0
133.593		109.107		132.981		99.4516		1	0	1 	 0
131.188		120		141.946		111.818		0	1	1 	 -1
133.593		130.893		138.156		121.343		1	0	1 	 0
140.56		141.052		121.906		134.576		1	0	1 	 -1
151.459		150		140.933		143.323		0	1	1 	 -1
140.56		158.948		116.948		158.54		0	1	1 	 0
133.593		169.107		114.914		168.707		1	0	1 	 -1
131.188		180		134.443		175.812		0	1	1 	 0
133.593		190.893		137.006		197.786		1	0	1 	 -1
140.56		201.052		136.527		206.437		0	1	1 	 0
151.459		210		138.642		211.244		1	0	1 	 -1
140.56		218.948		120.416		224.865		1	0	1 	 0
133.593		229.107		110.782		229.139		1	0	1 	 0
131.188		240		126.704		250.515		0	1	1 	 1
133.592		250.893		110.276		249.754		1	0	1 	 1
140.56		261.052		121.593		260.736		0	1	1 	 1
151.459		270		166.095		271.62		1	0	1 	 0
140.56		278.948		129.144		283.708		1	0	1 	 0
133.592		289.107		109.685		290.258		1	0	1 	 -1
131.188		300		111.318		295.848		0	1	1 	 1
133.593		310.893		132.71		303.905		1	0	1 	 1
140.56		321.052		147.332		329.447		0	1	1 	 1
151.459		330		1e+06		1e+06		0	0	0 	 -1
165.51		337.589		179.669		335.924		0	1	1 	 0
157.635		346.102		156.514		342.399		0	1	1 	 -1
153.545		355.285		166.949		358.568		0	1	1 	 1
153.545		4.715		166.971		11.3354		1	0	1 	 1
157.635		13.8979		182.124		15.0216		1	0	1 	 0
165.51		22.4109		188.781		24.0204		1	0	1 	 1
176.661		30		186.295		27.4062		0	1	1 	 1
165.51		37.5891		176.529		35.0102		1	0	1 	 1
157.635		46.1021		169.932		45.842		0	1	1 	 -1
153.545		55.285		151.498		49.1916		0	1	1 	 -1
153.545		64.715		154.975		72.8588		1	0	1 	 0
157.635		73.8979		139.051		71.7353		0	1	1 	 0
165.51		82.4109		172.209		89.2345		0	1	1 	 0
176.661		90		158.162		89.795		1	0	1 	 -1
165.51		97.5891		154.943		98.233		1	0	1 	 -1
157.635		106.102		149.669		102.163		1	0	1 	 1
153.545		115.285		144.896		119.349		0	1	1 	 -1
153.545		124.715		141.935		130.565		1	0	1 	 0
157.635		133.898		158.261		125.234		1	0	1 	 -1
165.51		142.411		167.418		147.408		0	1	1 	 1
176.661		150		174.615		155.103		0	1	1 	 -1
165.509		157.589		167.825		163.884		0	1	1 	 -1
157.635		166.102		138.712		160.185		1	0	1 	 1
153.546		175.285		155.84		171.589		0	1	1 	 -1
153.546		184.715		160.243		181.039		0	1	1 	 0
157.635		193.898		177.516		197.624		1	0	1 	 1
165.509		202.411		155.756		207.643		1	0	1 	 0
165.51		217.589		162.013		208.987		1	0	1 	 1
157.635		226.102		149.529		234.022		1	0	1 	 0
153.545		235.285		140.103		241.091		1	0	1 	 0
153.545		244.715		129.717		243.332		0	1	1 	 -1
157.635		253.898		140.945		250.776		1	0	1 	 1
165.51		262.411		155.006		266.132		0	1	1 	 1
176.661		270		180.49		267.037		0	1	1 	 1
165.51		277.589		146.935		277.163		0	1	1 	 0
157.635		286.102		135.228		287.986		0	1	1 	 0
153.545		295.285		138.097		300.535		1	0	1 	 1
153.545		304.715		147.19		310.273		0	1	1 	 0
157.635		313.898		163.114		319.732		1	0	1 	 1
165.51		322.411		176.621		329.214		1	0	1 	 1
176.661		330		152.394		331.97		1	0	1 	 1
190.511		336.587		178.859		339.44		1	0	1 	 0
181.979		343.898		175.781		340.864		0	1	1 	 -1
176.661		351.787		187.689		356.97		0	1	1 	 1
174.852		0		181.516		6.9163		1	0	1 	 1
176.661		8.21321		184.545		12.9544		1	0	1 	 0
181.979		16.1021		188.641		9.58372		0	1	1 	 0
190.511		23.4132		200.638		21.7329		1	0	1 	 0
201.845		30		185.104		30.7251		1	0	1 	 0
181.979		43.8979		200.381		40.6153		0	1	1 	 0
176.661		51.7868		183.634		44.4047		1	0	1 	 0
174.852		60		174.132		53.2571		0	1	1 	 0
176.661		68.2132		181.131		72.1586		1	0	1 	 -1
181.979		76.1021		170.009		74.2673		1	0	1 	 -1
190.511		83.4132		177.996		80.2226		1	0	1 	 0
201.845		90		207.463		84.1507		1	0	1 	 0
190.511		96.5868		173.268		92.1186		1	0	1 	 -1
181.979		103.898		189.737		98.8578		1	0	1 	 -1
176.661		111.787		179.722		104.678		1	0	1 	 1
174.852		120		171.352		128.184		1	0	1 	 0
176.661		128.213		196.233		128.76		0	1	1 	 0
181.979		136.102		167.644		138.906		1	0	1 	 1
190.51		143.413		167.974		143.049		0	1	1 	 1
201.845		150		187.301		152.786		0	1	1 	 0
190.511		156.587		169.622		156.064		0	1	1 	 -1
181.979		163.898		174.088		168.471		1	0	1 	 -1
176.661		171.787		163.856		170.755		1	0	1 	 1
174.852		180		162.86		178.802		1	0	1 	 1
176.661		188.213		162.505		185.939		0	1	1 	 -1
181.979		196.102		179.755		199.14		0	1	1 	 -1
190.511		203.413		169.411		202.729		1	0	1 	 -1
201.845		210		188.998		213.342		1	0	1 	 1
190.51		216.587		169.908		212.404		1	0	1 	 0
181.979		223.898		166.725		218.267		1	0	1 	 1
176.661		231.787		153.718		230.711		1	0	1 	 -1
174.853		240		156.632		239.468		1	0	1 	 1
176.662		248.213		157.771		249.205		0	1	1 	 -1
181.979		256.102		197.873		260.603		0	1	1 	 -1
190.511		263.413		186.786		268.307		0	1	1 	 1
190.511		276.587		174.863		275.831		0	1	1 	 -1
181.979		283.898		201.261		284.746		1	0	1 	 1
176.662		291.787		180.609		298.448		1	0	1 	 -1
174.853		300		192.85		305.302		1	0	1 	 -1
176.661		308.213		170.745		315.317		1	0	1 	 0
181.979		316.102		178.37		321.68		1	0	1 	 -1
190.511		323.413		205.953		328.243		0	1	1 	 0
201.845		330		223.418		328.791		1	0	1 	 0
215.536		335.818		199.553		334.537		1	0	1 	 1
206.511		342.216		187.3		345.98		0	1	1 	 1
200.265		349.107		183.54		350.2		1	0	1 	 -1
197.068		356.329		178.022		357.969		1	0	1 	 0
197.068		3.6705		212.877		4.60299		0	1	1 	 -1
200.265		10.8934		189.466		16.3866		0	1	1 	 -1
206.511		17.7836		205.811		21.5758		0	1	1 	 0
215.536		24.1825		198.214		24.6		0	1	1 	 0
227.007		30		210.511		27.1203		0	1	1 	 0
215.536		35.8175		202.615		30.4386		0	1	1 	 0
206.511		42.2164		195.192		37.0077		0	1	1 	 0
200.265		49.1066		199.448		43.6492		1	0	1 	 0
197.068		56.3295		193.743		52.2322		0	1	1 	 -1
197.068		63.6705		197.764		60.3309		0	1	1 	 0
200.265		70.8934		221.196		70.1724		0	1	1 	 1
206.511		77.7836		199.409		75.3549		1	0	1 	 1
215.536		84.1825		213.759		78.0177		0	1	1 	 0
227.007		90		208.654		89.0552		1	0	1 	 -1
215.536		95.8175		234.351		94.4583		0	1	1 	 0
206.511		102.216		211.354		97.1582		0	1	1 	 1
200.265		109.107		195.038		105.191		1	0	1 	 -1
197.068		116.33		173.827		118.81		1	0	1 	 0
197.068		123.671		202.441		119.086		1	0	1 	 0
200.265		130.893		187.393		131.286		0	1	1 	 0
206.51		137.784		182.909		137.857		1	0	1 	 1
215.536		144.182		198.428		143.556		0	1	1 	 0
227.007		150		213.611		155.133		0	1	1 	 1
215.536		155.818		196.286		154.443		0	1	1 	 -1
206.511		162.216		187.06		163.541		0	1	1 	 -1
200.266		169.107		189.012		165.075		0	1	1 	 1
197.068		176.33		192.632		179.846		1	0	1 	 0
197.068		183.671		183.964		183.066		0	1	1 	 0
200.266		190.893		178.881		194.339		1	0	1 	 1
206.511		197.784		185.57		200.654		1	0	1 	 -1
215.536		204.182		192.772		204.373		1	0	1 	 1
227.007		210		229.073		206.735		1	0	1 	 0
215.536		215.818		195.277		217.62		0	1	1 	 1
206.51		222.216		183.76		221.445		1	0	1 	 -1
200.265		229.107		183.175		228.017		1	0	1 	 1
197.068		236.329		193.086		241.629		1	0	1 	 0
197.068		243.671		174.69		240.582		1	0	1 	 0
200.265		250.893		209.941		255.229		1	0	1 	 0
206.51		257.784		210.415		260.989		0	1	1 	 0
215.536		264.182		197.502		262.153		0	1	1 	 1
227.007		270		211.593		267.605		1	0	1 	 1
215.536		275.818		228.482		278.275		0	1	1 	 -1
206.51		282.216		186.636		282.342		0	1	1 	 0
200.265		289.107		177.721		288.916		1	0	1 	 -1
197.068		296.329		1e+06		1e+06		0	0	0 	 1
197.068		303.67		1e+06		1e+06		0	0	0 	 1
200.265		310.893		187.029		314.339		1	0	1 	 -1
206.511		317.784		195.853		324.164		1	0	1 	 0
227.008		330		245.071		331.652		1	0	1 	 0
240.57		335.209		262.902		335.645		0	1	1 	 0
231.161		340.893		238.395		336.568		0	1	1 	 1
224.195		346.996		242.174		348.755		1	0	1 	 0
219.909		353.413		230.347		354.114		1	0	1 	 1
218.461		0		224.613		356.869		0	1	1 	 1
219.909		6.58678		225.421		4.67974		0	1	1 	 1
224.195		13.0039		226.759		9.80855		1	0	1 	 1
231.161		19.1066		215.623		21.0143		1	0	1 	 0
240.57		24.7913		227.333		21.265		1	0	1 	 0
252.146		30		241.846		28.1407		1	0	1 	 0
240.57		35.2087		220.078		34.3353		1	0	1 	 1
231.161		40.8934		228.987		37.1183		0	1	1 	 0
224.195		46.9961		227.569		41.5607		0	1	1 	 -1
219.909		53.4132		203.227		49.2432		0	1	1 	 0
218.461		60		202.487		54.7707		1	0	1 	 -1
219.909		66.5868		232.436		65.2172		1	0	1 	 -1
224.195		73.0039		235.663		71.6118		1	0	1 	 0
231.161		79.1066		213.53		76.3782		1	0	1 	 0
240.57		84.7913		226.204		86.2909		1	0	1 	 -1
240.57		95.2087		258.453		94.0572		0	1	1 	 -1
231.161		100.893		222.726		102.642		1	0	1 	 -1
224.195		106.996		237.821		102.924		0	1	1 	 1
219.909		113.413		224.835		109.395		0	1	1 	 1
218.461		120		242.158		118.462		1	0	1 	 0
219.909		126.587		202.635		125.789		1	0	1 	 0
224.195		133.004		213.678		127.582		0	1	1 	 -1
231.161		139.107		212.502		142.869		0	1	1 	 1
252.146		150		239.227		148.873		1	0	1 	 0
240.57		155.209		237.878		152.663		1	0	1 	 0
231.16		160.893		224.725		156.057		1	0	1 	 0
224.196		166.996		225.975		164.407		1	0	1 	 -1
219.909		173.413		225.013		169.485		0	1	1 	 0
218.461		180		209.299		183.156		1	0	1 	 1
219.909		186.587		197.857		186.967		1	0	1 	 1
224.196		193.004		219.858		189.133		0	1	1 	 0
231.16		199.107		235.667		201.437		1	0	1 	 0
240.57		204.791		219.152		207.021		1	0	1 	 -1
252.146		210		237.514		212.855		0	1	1 	 0
240.57		215.209		240.395		218.648		0	1	1 	 0
231.161		220.893		211.726		220.85		0	1	1 	 -1
224.196		226.996		201.095		227.256		1	0	1 	 -1
219.909		233.413		227.102		227.737		1	0	1 	 0
218.461		240		201.36		235.964		1	0	1 	 0
219.909		246.587		203.266		249.76		1	0	1 	 -1
224.195		253.004		203.483		252.222		1	0	1 	 -1
231.16		259.107		213.361		262.495		0	1	1 	 -1
240.57		264.791		220.372		264.019		1	0	1 	 1
252.146		270		273.68		271.379		1	0	1 	 -1
240.57		275.209		250.394		278.393		0	1	1 	 0
231.16		280.893		1e+06		1e+06		0	0	0 	 -1
224.195		286.996		223.886		284.473		1	0	1 	 1
219.909		293.413		234.459		288.371		1	0	1 	 -1
218.461		300		227.403		305.442		0	1	1 	 0
219.909		306.587		217.164		313.074		1	0	1 	 0
224.196		313.004		209.988		313.663		0	1	1 	 0
231.161		319.107		225.372		314.204		0	1	1 	 1
240.57		324.791		220.766		325.493		0	1	1 	 0
252.146		330		262.032		325.753		0	1	1 	 1
265.601		334.715		278.612		332.628		1	0	1 	 1
255.886		339.826		265.418		343.386		1	0	1 	 -1
248.348		345.295		225.96		346.577		1	0	1 	 0
243.191		351.052		221.738		352.902		1	0	1 	 0
240.57		356.996		236.617		1.34719		1	0	1 	 0
240.57		3.00449		221.81		2.11844		0	1	1 	 0
243.191		8.94827		263.285		9.60331		0	1	1 	 0
248.348		14.7047		229.124		17.537		0	1	1 	 -1
255.886		20.1736		245.514		19.746		1	0	1 	 0
265.601		25.285		259.382		22.2029		1	0	1 	 1
277.258		30		291.322		28.841		0	1	1 	 -1
265.601		34.715		275.455		30.3895		0	1	1 	 0
255.887		39.8264		244.683		43.7825		0	1	1 	 0
248.348		45.2953		227.825		45.432		0	1	1 	 0
243.191		51.0517		224.211		49.3348		1	0	1 	 0
240.57		56.9955		246.717		52.0486		1	0	1 	 1
240.57		63.0045		244.159		58.7073		0	1	1 	 0
243.191		68.9483		259.412		67.4341		1	0	1 	 0
248.348		74.7047		255.055		79.3476		1	0	1 	 0
255.887		80.1736		233.215		78.626		0	1	1 	 -1
265.601		85.285		272.764		81.5749		0	1	1 	 0
277.257		90		269.364		87.7592		0	1	1 	 -1
265.601		94.715		268.24		91.7044		1	0	1 	 0
255.887		99.8264		235.06		99.124		0	1	1 	 0
248.348		105.295		263.168		101.762		0	1	1 	 0
243.191		111.052		232.723		106.391		0	1	1 	 1
240.57		116.996		238.644		112.819		1	0	1 	 0
240.57		123.005		218.894		121.526		1	0	1 	 -1
243.191		128.948		251.402		132.468		0	1	1 	 -1
248.348		134.705		223.826		134.09		1	0	1 	 0
255.887		140.174		258.036		143.863		0	1	1 	 0
265.6		145.285		242.635		145.809		1	0	1 	 1
277.257		150		258.586		148.792		1	0	1 	 0
265.601		154.715		250.845		151.163		1	0	1 	 1
255.886		159.826		263.932		157.789		1	0	1 	 1
248.348		165.295		247.642		160.045		0	1	1 	 0
243.191		171.052		241.458		166.288		0	1	1 	 -1
240.57		176.996		236.953		172.995		0	1	1 	 1
240.57		183.005		236.833		179.478		1	0	1 	 -1
243.191		188.948		226.807		193.411		1	0	1 	 0
248.348		194.705		252.803		191.41		0	1	1 	 -1
255.886		200.174		244.496		203.866		0	1	1 	 -1
265.601		205.285		265.295		202.916		1	0	1 	 -1
277.258		210		278.941		207.326		1	0	1 	 -1
265.6		214.715		253.607		215.818		0	1	1 	 1
255.887		219.826		264.224		224.079		1	0	1 	 1
248.348		225.295		237.831		227.726		1	0	1 	 0
243.191		231.052		223.97		231.831		1	0	1 	 1
240.57		236.995		221.505		239.62		1	0	1 	 0
240.57		243.004		254.529		245.795		1	0	1 	 -1
243.19		248.948		222.835		247.582		1	0	1 	 0
248.348		254.705		228.972		252.912		0	1	1 	 1
255.886		260.174		238.008		263.788		0	1	1 	 0
265.601		265.285		252.632		261.724		0	1	1 	 1
277.258		270		269.258		267.896		0	1	1 	 -1
265.601		274.715		265.9		277.688		1	0	1 	 0
255.886		279.826		258.856		277.712		1	0	1 	 0
248.348		285.295		249.296		282.134		0	1	1 	 0
243.19		291.052		254.876		292.027		1	0	1 	 -1
240.57		296.996		233.581		292.082		0	1	1 	 0
240.57		303.004		233.151		305.841		0	1	1 	 -1
243.191		308.948		225.234		312.067		1	0	1 	 0
248.348		314.705		240.509		317.309		1	0	1 	 -1
255.886		320.174		244.436		318.401		1	0	1 	 0
265.6		325.285		251.976		322.098		0	1	1 	 1
277.258		330		265.304		330.101		1	0	1 	 0
290.619		334.307		275.563		336.648		1	0	1 	 0
280.659		338.948		268.986		342.573		1	0	1 	 0
272.656		343.898		264.416		347.634		1	0	1 	 1
266.79		349.107		252.72		353.463		1	0	1 	 0
263.206		354.504		250.477		355.456		1	0	1 	 1
262.001		0		250.034		0.456641		1	0	1 	 -1
263.206		5.49637		243.861		4.29581		0	1	1 	 1
266.79		10.8934		282.803		8.06741		1	0	1 	 0
272.656		16.1021		273.79		12.8258		0	1	1 	 -1
280.659		21.0517		288.724		18.8804		0	1	1 	 0
290.619		25.6934		313.828		25.3999		0	1	1 	 1
302.34		30		293.477		25.9466		0	1	1 	 0
290.619		34.3066		276.401		31.8164		0	1	1 	 1
280.659		38.9483		301.804		37.6638		0	1	1 	 1
272.656		43.8979		270.229		48.7596		1	0	1 	 0
266.789		49.1066		261.165		52.3767		1	0	1 	 0
263.206		54.5036		266.979		49.6651		1	0	1 	 -1
262.001		60		251.047		59.143		0	1	1 	 1
263.206		65.4964		279.233		64.2116		0	1	1 	 1
266.79		70.8934		255.752		74.7764		1	0	1 	 1
272.656		76.1021		275.188		79.9205		1	0	1 	 1
280.659		81.0517		290.869		82.0418		1	0	1 	 0
290.619		85.6934		270.898		84.0258		0	1	1 	 0
302.34		90		288.986		88.0446		1	0	1 	 0
290.619		94.3066		276.439		94.9474		0	1	1 	 1
280.659		98.9483		295.962		96.3335		0	1	1 	 1
272.655		103.898		290.17		102.773		0	1	1 	 1
266.79		109.107		249.196		105.898		1	0	1 	 -1
263.206		114.504		259.505		110.408		1	0	1 	 -1
262		120		257.084		114.788		0	1	1 	 -1
263.206		125.496		287.201		124.765		0	1	1 	 -1
266.79		130.893		271.289		134.065		1	0	1 	 -1
272.655		136.102		278.056		140.724		1	0	1 	 0
280.659		141.052		266.795		142.272		0	1	1 	 0
290.619		145.693		278.057		143.324		1	0	1 	 0
302.34		150		282.563		147.565		1	0	1 	 0
290.619		154.307		276.262		150.172		1	0	1 	 0
280.659		158.948		272.44		154.518		0	1	1 	 0
272.656		163.898		249.537		165.37		1	0	1 	 0
266.789		169.107		243.894		168.571		1	0	1 	 1
263.206		174.504		247.657		174.729		1	0	1 	 -1
262.001		180		250.537		176.546		1	0	1 	 0
263.206		185.496		255.083		189.623		1	0	1 	 -1
266.789		190.893		256.112		194.026		0	1	1 	 0
272.656		196.102		277.695		193.255		0	1	1 	 -1
280.659		201.052		263.905		199.627		0	1	1 	 -1
290.619		205.693		279.565		202.342		0	1	1 	 0
302.34		210		289.014		207.494		1	0	1 	 1
290.619		214.307		306.941		212.339		1	0	1 	 1
280.658		218.948		258.408		219.957		1	0	1 	 0
272.656		223.898		251.341		223.663		0	1	1 	 1
266.79		229.107		256.891		233.739		1	0	1 	 0
263.206		234.504		245.022		236.401		0	1	1 	 -1
262		240		1e+06		1e+06		0	0	0 	 0
263.206		245.496		241.55		246.064		0	1	1 	 -1
266.789		250.893		256.168		247.578		0	1	1 	 0
272.656		256.102		249.938		256.173		1	0	1 	 -1
280.659		261.052		259		258.756		0	1	1 	 0
290.62		265.693		283.67		266.904		0	1	1 	 1
302.34		270		302.818		274.526		0	1	1 	 0
290.62		274.307		299.186		278.373		1	0	1 	 1
280.659		278.948		267.456		280.086		1	0	1 	 -1
272.656		283.898		273.844		280.403		0	1	1 	 -1
266.789		289.107		254.13		288.583		1	0	1 	 -1
263.206		294.504		285.189		293.164		1	0	1 	 -1
262		300		249.11		304.777		1	0	1 	 1
263.206		305.496		287.604		305.075		1	0	1 	 -1
266.79		310.893		261.205		315.422		0	1	1 	 -1
272.656		316.102		283.302		319.382		0	1	1 	 1
280.659		321.052		279.509		325.023		1	0	1 	 -1
290.619		325.693		267.073		326.912		1	0	1 	 0
302.34		330		325.935		329.87		0	1	1 	 0
315.62		333.963		330.883		335.943		0	1	1 	 -1
305.457		338.213		285.06		338.451		1	0	1 	 1
297.071		342.731		288.791		347.29		1	0	1 	 -1
290.619		347.48		278.944		350.487		1	0	1 	 1
286.236		352.411		266.3		350.38		0	1	1 	 0
284.018		357.457		288.417		355.761		0	1	1 	 -1
284.018		2.54292		276.616		1.00183		0	1	1 	 1
286.236		7.58909		273.782		5.04557		0	1	1 	 -1
290.619		12.5198		308.755		10.0393		1	0	1 	 -1
297.071		17.2695		276.343		14.721		1	0	1 	 0
305.457		21.7868		287.852		20.9573		1	0	1 	 0
315.62		26.0368		298.651		26.057		0	1	1 	 -1
327.39		30		311.208		31.9511		0	1	1 	 -1
305.457		38.2132		301.379		41.1765		1	0	1 	 1
297.071		42.7305		1e+06		1e+06		0	0	0 	 0
290.619		47.4802		275.522		48.3505		1	0	1 	 -1
286.236		52.4109		295.39		54.251		1	0	1 	 1
284.018		57.4571		293.816		57.7067		1	0	1 	 -1
284.018		62.5429		271.749		59.7705		0	1	1 	 -1
286.236		67.5891		299.01		68.0051		1	0	1 	 0
290.619		72.5198		309.29		72.7196		0	1	1 	 0
297.071		77.2695		283.13		75.0241		1	0	1 	 0
305.457		81.7868		319.437		79.0299		0	1	1 	 -1
315.62		86.0368		308.017		84.9785		1	0	1 	 -1
327.39		90		321.678		87.945		1	0	1 	 0
315.62		93.9632		308.958		90.2766		0	1	1 	 -1
305.457		98.2132		307.149		93.8838		0	1	1 	 -1
297.071		102.731		286.638		99.5116		1	0	1 	 1
290.619		107.48		276.12		106.596		1	0	1 	 -1
286.236		112.411		307.138		110.391		0	1	1 	 -1