25.2587		30 	 259.427252753 	 25.1626694139 	 0 	 1 	 1 	 -1 
25.2587		90 	 171.397599891 	 -167.286713752 	 0 	 1 	 1 	 0 
25.2587		150 	 93.5928785453 	 137.208970488 	 0 	 1 	 1 	 0 
25.2587		210 	 226.177182557 	 -52.5885927698 	 1 	 0 	 1 	 1 
25.2587		270 	 196.047477513 	 32.5155755291 	 0 	 1 	 1 	 0 
43.7478		0 	 60.0943564528 	 59.342882711 	 0 	 1 	 1 	 1 
50.5147		30 	 175.009919212 	 5.17848549415 	 1 	 0 	 1 	 0 
43.7478		60 	 91.617749927 	 172.080321564 	 1 	 0 	 1 	 -1 
50.5147		90 	 121.33527137 	 -61.3908642007 	 1 	 0 	 1 	 0 
43.7478		120 	 50.9526599816 	 11.8110732852 	 1 	 0 	 1 	 1 
50.5147		150 	 136.948932402 	 -113.258443916 	 1 	 0 	 1 	 0 
43.7478		180 	 16.2413462941 	 27.0335239239 	 0 	 1 	 1 	 1 
50.5147		210 	 78.1056613674 	 -96.9304009876 	 1 	 0 	 1 	 -1 
43.7478		240 	 122.389477455 	 140.77478745 	 0 	 1 	 1 	 1 
43.7478		300 	 282.569211358 	 107.197319938 	 0 	 1 	 1 	 1 
50.5148		330 	 239.443712397 	 -100.253416201 	 0 	 1 	 1 	 0 
66.8212		349.107 	 59.9206251046 	 -125.496907812 	 0 	 1 	 1 	 1 
66.8212		10.8934 	 131.310856978 	 162.710982801 	 1 	 0 	 1 	 -1 
75.7654		30 	 206.463880525 	 -157.50056314 	 1 	 0 	 1 	 0 
66.8212		49.1066 	 81.9336920482 	 145.788100184 	 1 	 0 	 1 	 1 
66.8212		70.8934 	 92.4136188766 	 59.5885808026 	 0 	 1 	 1 	 -1 
75.7654		90 	 73.570128581 	 -37.2585289368 	 0 	 1 	 1 	 0 
66.8212		109.107 	 135.185320382 	 111.477486894 	 0 	 1 	 1 	 0 
66.8212		130.893 	 237.002993698 	 -35.1534709865 	 1 	 0 	 1 	 -1 
75.7654		150 	 299.791370941 	 116.394385637 	 0 	 1 	 1 	 0 
66.8212		169.107 	 69.3342831411 	 -93.3593251948 	 0 	 1 	 1 	 1 
66.8212		190.893 	 231.439848334 	 -37.6849658597 	 0 	 1 	 1 	 0 
66.8212		229.107 	 299.249043096 	 123.536765974 	 1 	 0 	 1 	 -1 
66.8212		250.893 	 270.049403176 	 -69.8981692759 	 0 	 1 	 1 	 -1 
75.7654		270 	 133.250981652 	 96.8627820355 	 0 	 1 	 1 	 1 
66.8212		289.107 	 135.762888149 	 -109.071291981 	 1 	 0 	 1 	 1 
66.8212		310.893 	 147.13198201 	 -128.653959249 	 0 	 1 	 1 	 0 
75.7654		330 	 58.1736432099 	 -150.256207317 	 1 	 0 	 1 	 1 
91.0523		343.898 	 205.95418571 	 63.4176093562 	 0 	 1 	 1 	 1 
87.4818		0 	 224.916312616 	 -136.10323865 	 0 	 1 	 1 	 1 
91.0523		16.1021 	 175.522175074 	 78.7610472011 	 0 	 1 	 1 	 1 
101.008		30 	 74.3915755904 	 159.267241927 	 0 	 1 	 1 	 0 
91.0523		43.8979 	 141.837867885 	 -147.319333704 	 0 	 1 	 1 	 -1 
87.4818		60 	 244.854820886 	 -38.8339973042 	 1 	 0 	 1 	 1 
91.0523		76.1021 	 199.22845508 	 -132.09465091 	 0 	 1 	 1 	 1 
91.0523		103.898 	 258.756567105 	 -143.960526138 	 0 	 1 	 1 	 1 
87.4818		120 	 75.086211205 	 36.4483063007 	 1 	 0 	 1 	 0 
91.0523		136.102 	 186.235956573 	 -81.6822371817 	 1 	 0 	 1 	 0 
91.0523		163.898 	 193.331852968 	 -128.015700157 	 1 	 0 	 1 	 1 
87.4818		180 	 24.4292463001 	 -57.6101060877 	 0 	 1 	 1 	 -1 
91.0523		196.102 	 83.1820962601 	 34.5227317789 	 1 	 0 	 1 	 1 
101.008		210 	 9.62096192336 	 74.4367186168 	 1 	 0 	 1 	 0 
91.0523		223.898 	 206.385804281 	 -91.6773508857 	 1 	 0 	 1 	 -1 
87.4818		240 	 26.016449484 	 138.742660976 	 0 	 1 	 1 	 0 
91.0523		256.102 	 272.361550674 	 59.2681206737 	 1 	 0 	 1 	 1 
101.008		270 	 269.54992076 	 21.7041948573 	 1 	 0 	 1 	 1 
91.0523		283.898 	 24.5404901049 	 108.893218289 	 0 	 1 	 1 	 1 
87.4817		300 	 277.070266404 	 -165.618189256 	 0 	 1 	 1 	 1 
91.0523		316.102 	 293.658789071 	 137.704296148 	 0 	 1 	 1 	 -1 
101.008		330 	 254.969397319 	 160.658936882 	 0 	 1 	 1 	 -1 
115.709		340.893 	 251.000753529 	 64.3961277453 	 0 	 1 	 1 	 -1 
110.065		353.413 	 11.8195754879 	 169.792778913 	 1 	 0 	 1 	 0 
110.065		6.58677 	 297.081585237 	 -114.720093843 	 1 	 0 	 1 	 0 
115.709		19.1066 	 69.7071916902 	 -51.060126779 	 1 	 0 	 1 	 -1 
126.24		30 	 273.921951853 	 -78.8089308967 	 1 	 0 	 1 	 -1 
115.709		40.8934 	 228.902598491 	 -139.23064697 	 1 	 0 	 1 	 0 
110.065		53.4132 	 12.7740286869 	 116.253807356 	 1 	 0 	 1 	 -1 
110.065		66.5868 	 178.430783588 	 49.4188860233 	 1 	 0 	 1 	 -1 
115.709		79.1066 	 260.226085748 	 -121.366811201 	 1 	 0 	 1 	 0 
126.24		90 	 43.478052663 	 -71.8890415592 	 0 	 1 	 1 	 1 
115.709		100.893 	 289.928487459 	 60.8455728755 	 1 	 0 	 1 	 -1 
110.065		113.413 	 274.339963274 	 174.831756474 	 1 	 0 	 1 	 1 
110.065		126.587 	 138.742189215 	 156.705637787 	 0 	 1 	 1 	 0 
115.709		139.107 	 151.887242373 	 94.4200531119 	 0 	 1 	 1 	 1 
126.24		150 	 305.763162388 	 -62.7739620436 	 1 	 0 	 1 	 1 
115.709		160.893 	 174.138193048 	 68.4980676952 	 1 	 0 	 1 	 0 
110.066		173.413 	 169.317711664 	 -142.989237601 	 1 	 0 	 1 	 1 
110.066		186.587 	 291.832565015 	 -93.9457190718 	 1 	 0 	 1 	 1 
115.709		199.107 	 266.04504695 	 -9.86365425375 	 1 	 0 	 1 	 1 
126.24		210 	 50.5585372422 	 -9.21890004172 	 1 	 0 	 1 	 -1 
115.709		220.893 	 252.340037367 	 -29.3153422762 	 0 	 1 	 1 	 1 
110.065		233.413 	 260.833899791 	 25.8186617346 	 1 	 0 	 1 	 -1 
110.065		246.587 	 270.504886183 	 58.3826507713 	 0 	 1 	 1 	 -1 
115.709		259.107 	 90.1637041897 	 66.5236640651 	 1 	 0 	 1 	 1 
126.24		270 	 215.807749145 	 21.5419145532 	 0 	 1 	 1 	 1 
115.709		280.893 	 309.236285184 	 -102.036434946 	 1 	 0 	 1 	 1 
110.065		293.413 	 317.319981546 	 -96.1078001222 	 0 	 1 	 1 	 -1 
110.065		306.587 	 137.703749015 	 -97.6868348736 	 1 	 0 	 1 	 -1 
115.709		319.107 	 100.565935862 	 84.1895907133 	 0 	 1 	 1 	 1 
126.24		330 	 246.977890965 	 121.768278815 	 1 	 0 	 1 	 -1 
140.56		338.948 	 137.392237589 	 -40.471333922 	 1 	 0 	 1 	 0 
133.593		349.107 	 100.956457052 	 156.75382666 	 0 	 1 	 1 	 1 
131.188		0 	 215.178399509 	 -80.1950676632 	 0 	 1 	 1 	 -1 
133.593		10.8934 	 196.378200238 	 67.6399229588 	 0 	 1 	 1 	 0 
140.56		21.0517 	 159.654850417 	 -60.6934486162 	 0 	 1 	 1 	 1 
151.459		30 	 70.7380741926 	 -122.399669809 	 0 	 1 	 1 	 1 
140.56		38.9483 	 253.655954863 	 20.6346569389 	 0 	 1 	 1 	 -1 
133.593		49.1066 	 309.486271385 	 112.221556665 	 0 	 1 	 1 	 0 
131.188		60 	 37.0785602551 	 -95.6552150446 	 0 	 1 	 1 	 -1 
133.593		70.8934 	 289.447810542 	 -35.7970629943 	 1 	 0 	 1 	 -1 
140.56		81.0517 	 224.110895634 	 8.63921878637 	 0 	 1 	 1 	 0 
151.459		90 	 132.855692622 	 146.214078916 	 1 	 0 	 1 	 1 
140.56		98.9483 	 133.823408589 	 143.782511677 	 1 	 0 	 1 	 1 
133.593		109.107 	 111.11560794 	 123.317346157 	 0 	 1 	 1 	 0 
131.188		120 	 201.163513837 	 104.557149131 	 0 	 1 	 1 	 -1 
133.593		130.893 	 120.153702285 	 -59.0840426588 	 0 	 1 	 1 	 -1 
140.56		141.052 	 106.574769862 	 168.41621668 	 0 	 1 	 1 	 0 
151.459		150 	 168.303460986 	 -80.8204101908 	 0 	 1 	 1 	 0 
140.56		158.948 	 59.7100905224 	 -6.25908795041 	 0 	 1 	 1 	 1 
133.593		169.107 	 266.738667361 	 -144.237972513 	 0 	 1 	 1 	 1 
131.188		180 	 27.8507586244 	 94.4697818275 	 1 	 0 	 1 	 1 
133.593		190.893 	 111.637910303 	 -119.606291902 	 0 	 1 	 1 	 -1 
140.56		201.052 	 126.717096394 	 -38.8645148053 	 1 	 0 	 1 	 -1 
151.459		210 	 34.2257041677 	 9.88956031827 	 0 	 1 	 1 	 0 
140.56		218.948 	 134.231913123 	 130.62484387 	 1 	 0 	 1 	 0 
133.593		229.107 	 54.2587875195 	 69.4482791489 	 0 	 1 	 1 	 -1 
131.188		240 	 136.649803563 	 -162.535849393 	 1 	 0 	 1 	 -1 
133.592		250.893 	 53.7360777351 	 -99.0656310849 	 0 	 1 	 1 	 1 
140.56		261.052 	 163.545020411 	 -120.787556249 	 1 	 0 	 1 	 1 
151.459		270 	 308.302536588 	 19.539868948 	 1 	 0 	 1 	 -1 
140.56		278.948 	 62.6558397419 	 47.3245301793 	 0 	 1 	 1 	 0 
133.592		289.107 	 180.276819768 	 -157.169871413 	 0 	 1 	 1 	 0 
131.188		300 	 239.058551405 	 141.301548259 	 1 	 0 	 1 	 -1 
133.593		310.893 	 127.321802463 	 24.839305653 	 1 	 0 	 1 	 0 
140.56		321.052 	 250.934517545 	 155.81587902 	 0 	 1 	 1 	 -1 
151.459		330 	 291.198896846 	 4.86185887542 	 1 	 0 	 1 	 -1 
165.51		337.589 	 224.982836571 	 96.5450835164 	 1 	 0 	 1 	 1 
157.635		346.102 	 27.0199703835 	 -1.78847187813 	 0 	 1 	 1 	 -1 
153.545		355.285 	 139.214958136 	 -132.603793825 	 0 	 1 	 1 	 -1 
153.545		4.715 	 288.075488746 	 -173.02714524 	 1 	 0 	 1 	 1 
157.635		13.8979 	 200.961202918 	 36.6421480242 	 1 	 0 	 1 	 1 
165.51		22.4109 	 221.016477307 	 -159.944918178 	 0 	 1 	 1 	 -1 
176.661		30 	 164.417937673 	 69.1298795898 	 0 	 1 	 1 	 -1 
165.51		37.5891 	 120.326208099 	 -39.5559964872 	 1 	 0 	 1 	 1 
157.635		46.1021 	 71.9350927904 	 35.3448219136 	 1 	 0 	 1 	 1 
153.545		55.285 	 203.485453141 	 -46.1363924772 	 0 	 1 	 1 	 0 
153.545		64.715 	 282.323773638 	 -173.903557927 	 0 	 1 	 1 	 -1 
157.635		73.8979 	 42.1018599447 	 57.2572259795 	 0 	 1 	 1 	 -1 
165.51		82.4109 	 177.415462975 	 -1.4704335217 	 1 	 0 	 1 	 1 
176.661		90 	 195.641830138 	 -84.9224196456 	 0 	 1 	 1 	 1 
165.51		97.5891 	 268.878961983 	 85.9081981894 	 1 	 0 	 1 	 -1 
157.635		106.102 	 159.031987907 	 -0.229290617145 	 1 	 0 	 1 	 -1 
153.545		115.285 	 76.2501335688 	 -91.5150142282 	 1 	 0 	 1 	 0 
153.545		124.715 	 250.544724345 	 -110.176446032 	 0 	 1 	 1 	 0 
157.635		133.898 	 281.141978613 	 105.211423858 	 1 	 0 	 1 	 -1 
165.51		142.411 	 324.192709031 	 -151.363235428 	 0 	 1 	 1 	 0 
176.661		150 	 20.5589020155 	 33.746487959 	 0 	 1 	 1 	 1 
165.509		157.589 	 68.7889714505 	 -35.2904835661 	 0 	 1 	 1 	 1 
157.635		166.102 	 109.442756937 	 -111.579589521 	 1 	 0 	 1 	 0 
153.546		175.285 	 140.704809225 	 -33.1587341581 	 1 	 0 	 1 	 1 
153.546		184.715 	 310.844527244 	 -24.906141285 	 1 	 0 	 1 	 -1 
157.635		193.898 	 304.932067962 	 50.8888847847 	 1 	 0 	 1 	 0 
165.509		202.411 	 113.000252972 	 151.761548133 	 0 	 1 	 1 	 1 
165.51		217.589 	 266.916014092 	 140.073902171 	 0 	 1 	 1 	 -1 
157.635		226.102 	 305.701014149 	 149.832712866 	 1 	 0 	 1 	 0 
153.545		235.285 	 170.370507527 	 75.7524482154 	 1 	 0 	 1 	 -1 
153.545		244.715 	 46.6493009432 	 -1.47477951759 	 0 	 1 	 1 	 -1 
157.635		253.898 	 300.07713855 	 -86.3476693711 	 0 	 1 	 1 	 0 
165.51		262.411 	 297.497863604 	 -1.59427095784 	 0 	 1 	 1 	 0 
176.661		270 	 293.421560392 	 141.308888599 	 0 	 1 	 1 	 0 
165.51		277.589 	 320.866084291 	 -173.302432732 	 1 	 0 	 1 	 0 
157.635		286.102 	 256.40309787 	 42.7273769356 	 1 	 0 	 1 	 1 
153.545		295.285 	 18.9158863663 	 -170.942598002 	 1 	 0 	 1 	 1 
153.545		304.715 	 235.685769423 	 164.261671464 	 0 	 1 	 1 	 1 
157.635		313.898 	 37.2808845843 	 148.181912073 	 0 	 1 	 1 	 -1 
165.51		322.411 	 88.5583824759 	 -126.572952968 	 0 	 1 	 1 	 0 
176.661		330 	 74.952636165 	 83.2724986488 	 0 	 1 	 1 	 0 
190.511		336.587 	 205.522098658 	 121.014324429 	 0 	 1 	 1 	 1 
181.979		343.898 	 129.722633296 	 50.3908490694 	 0 	 1 	 1 	 -1 
176.661		351.787 	 315.9657471 	 -148.763661914 	 1 	 0 	 1 	 1 
174.852		0 	 190.09148204 	 87.9426157355 	 1 	 0 	 1 	 -1 
176.661		8.21321 	 217.898510548 	 156.696640805 	 0 	 1 	 1 	 -1 
181.979		16.1021 	 46.7845380753 	 58.1323954291 	 1 	 0 	 1 	 0 
190.511		23.4132 	 199.983664035 	 109.942500992 	 1 	 0 	 1 	 1 
201.845		30 	 82.3934856025 	 -145.694064407 	 0 	 1 	 1 	 0 
181.979		43.8979 	 286.509223166 	 151.758274013 	 1 	 0 	 1 	 0 
176.661		51.7868 	 8.63304446487 	 -125.377547491 	 1 	 0 	 1 	 1 
174.852		60 	 263.457215788 	 -32.3652288119 	 0 	 1 	 1 	 -1 
176.661		68.2132 	 124.727718478 	 138.793560883 	 0 	 1 	 1 	 0 
181.979		76.1021 	 134.673212821 	 -46.9391472334 	 1 	 0 	 1 	 0 
190.511		83.4132 	 34.4243244135 	 -49.8407136768 	 0 	 1 	 1 	 -1 
201.845		90 	 152.867148126 	 171.831401916 	 1 	 0 	 1 	 0 
190.511		96.5868 	 84.3149806272 	 -13.0227825879 	 0 	 1 	 1 	 -1 
181.979		103.898 	 86.1304495198 	 125.602074998 	 0 	 1 	 1 	 -1 
176.661		111.787 	 227.47344405 	 167.265823891 	 0 	 1 	 1 	 0 
174.852		120 	 192.912440097 	 -13.2404591382 	 1 	 0 	 1 	 1 
176.661		128.213 	 241.519859615 	 -49.4052405175 	 1 	 0 	 1 	 -1 
181.979		136.102 	 299.714681511 	 -173.979400481 	 0 	 1 	 1 	 1 
190.51		143.413 	 32.9651005635 	 41.7266392878 	 0 	 1 	 1 	 1 
201.845		150 	 45.16757622 	 21.7445996729 	 0 	 1 	 1 	 1 
190.511		156.587 	 115.477161418 	 -2.21669428239 	 1 	 0 	 1 	 -1 
181.979		163.898 	 284.515794013 	 -151.181255641 	 1 	 0 	 1 	 0 
176.661		171.787 	 86.9596330804 	 167.095266253 	 0 	 1 	 1 	 0 
174.852		180 	 299.84019414 	 128.154377313 	 1 	 0 	 1 	 -1 
176.661		188.213 	 274.177855128 	 135.956927711 	 1 	 0 	 1 	 -1 
181.979		196.102 	 305.769585133 	 158.272891677 	 0 	 1 	 1 	 -1 
190.511		203.413 	 94.0736522112 	 -87.0360529204 	 1 	 0 	 1 	 0 
201.845		210 	 300.611153092 	 -42.6656517601 	 1 	 0 	 1 	 -1 
190.51		216.587 	 83.8855434687 	 -116.52090057 	 1 	 0 	 1 	 -1 
181.979		223.898 	 109.528017186 	 33.4191039395 	 0 	 1 	 1 	 1 
176.661		231.787 	 194.811747795 	 -126.925890042 	 1 	 0 	 1 	 0 
174.853		240 	 224.407066285 	 72.7379603505 	 0 	 1 	 1 	 -1 
176.662		248.213 	 85.8018044498 	 43.6181253821 	 0 	 1 	 1 	 1 
181.979		256.102 	 321.644551997 	 -21.6831261029 	 1 	 0 	 1 	 0 
190.511		263.413 	 284.22480402 	 65.5350334737 	 1 	 0 	 1 	 1 
190.511		276.587 	 183.523674686 	 75.108245555 	 0 	 1 	 1 	 1 
181.979		283.898 	 243.0966364 	 -154.547122779 	 1 	 0 	 1 	 0 
176.662		291.787 	 56.7489301176 	 -25.7541945294 	 1 	 0 	 1 	 1 
174.853		300 	 146.938996613 	 -145.491922951 	 0 	 1 	 1 	 1 
176.661		308.213 	 273.878645359 	 41.3437218078 	 1 	 0 	 1 	 0 
181.979		316.102 	 190.889502238 	 -29.8113945051 	 1 	 0 	 1 	 0 
190.511		323.413 	 226.742859091 	 146.973032271 	 1 	 0 	 1 	 0 
201.845		330 	 302.325538944 	 64.6495721527 	 1 	 0 	 1 	 1 
215.536		335.818 	 310.246961466 	 -56.6714983654 	 0 	 1 	 1 	 0 
206.511		342.216 	 205.677854658 	 15.1411517818 	 1 	 0 	 1 	 0 
200.265		349.107 	 193.045143762 	 61.6386360126 	 0 	 1 	 1 	 -1 
197.068		356.329 	 125.730148512 	 110.641118646 	 0 	 1 	 1 	 0 
197.068		3.6705 	 168.721768717 	 67.1419006292 	 0 	 1 	 1 	 -1 
200.265		10.8934 	 147.633208199 	 -149.738320567 	 0 	 1 	 1 	 1 
206.511		17.7836 	 110.715773355 	 116.252600152 	 0 	 1 	 1 	 0 
215.536		24.1825 	 270.181855916 	 -74.7644680263 	 0 	 1 	 1 	 -1 
227.007		30 	 220.716674031 	 161.455175649 	 0 	 1 	 1 	 -1 
215.536		35.8175 	 273.336132629 	 146.585824229 	 0 	 1 	 1 	 -1 
206.511		42.2164 	 319.316932484 	 38.2915732462 	 1 	 0 	 1 	 1 
200.265		49.1066 	 147.007995456 	 159.023894938 	 0 	 1 	 1 	 -1 
197.068		56.3295 	 316.574242785 	 113.82190327 	 1 	 0 	 1 	 1 
197.068		63.6705 	 172.136683437 	 94.7657446082 	 1 	 0 	 1 	 -1 
200.265		70.8934 	 211.652604455 	 95.5250421577 	 0 	 1 	 1 	 -1 
206.511		77.7836 	 77.8552056013 	 91.1914513843 	 0 	 1 	 1 	 -1 
215.536		84.1825 	 3.35277530725 	 157.669401909 	 1 	 0 	 1 	 -1 
227.007		90 	 96.7337349335 	 62.551466595 	 0 	 1 	 1 	 0 
215.536		95.8175 	 213.159103113 	 38.078897212 	 1 	 0 	 1 	 1 
206.511		102.216 	 314.726934837 	 -154.402837014 	 1 	 0 	 1 	 0 
200.265		109.107 	 308.90333188 	 -165.369286837 	 1 	 0 	 1 	 1 
197.068		116.33 	 135.208484975 	 55.3762322408 	 1 	 0 	 1 	 0 
197.068		123.671 	 203.459370441 	 61.9831818946 	 1 	 0 	 1 	 -1 
200.265		130.893 	 196.491313319 	 -119.755829295 	 1 	 0 	 1 	 1 
206.51		137.784 	 252.342839136 	 159.705507005 	 1 	 0 	 1 	 1 
215.536		144.182 	 122.474191201 	 33.6941097479 	 1 	 0 	 1 	 0 
227.007		150 	 186.097981979 	 75.0441392988 	 1 	 0 	 1 	 0 
215.536		155.818 	 20.840245002 	 -89.4256283354 	 0 	 1 	 1 	 -1 
206.511		162.216 	 302.033402373 	 90.2594176893 	 1 	 0 	 1 	 1 
200.266		169.107 	 66.5813509826 	 -24.5023153006 	 1 	 0 	 1 	 -1 
197.068		176.33 	 13.265118279 	 -53.0046211506 	 1 	 0 	 1 	 1 
197.068		183.671 	 57.6938974487 	 -148.573635948 	 1 	 0 	 1 	 -1 
200.266		190.893 	 171.671005505 	 -61.8050354251 	 1 	 0 	 1 	 0 
206.511		197.784 	 266.015293988 	 -177.048047168 	 1 	 0 	 1 	 1 
215.536		204.182 	 47.1689787351 	 -48.2812551046 	 1 	 0 	 1 	 1 
227.007		210 	 127.34344574 	 82.1695184215 	 0 	 1 	 1 	 -1 
215.536		215.818 	 97.738625957 	 -104.062082362 	 0 	 1 	 1 	 1 
206.51		222.216 	 165.932862714 	 71.0373365021 	 0 	 1 	 1 	 -1 
200.265		229.107 	 81.9003376054 	 65.3995396564 	 1 	 0 	 1 	 -1 
197.068		236.329 	 282.806101112 	 103.97261358 	 0 	 1 	 1 	 -1 
197.068		243.671 	 212.788620922 	 -51.7367716312 	 0 	 1 	 1 	 1 
200.265		250.893 	 162.475607758 	 79.2320529214 	 0 	 1 	 1 	 1 
206.51		257.784 	 242.853455679 	 148.071147456 	 1 	 0 	 1 	 0 
215.536		264.182 	 170.74209632 	 78.1507001642 	 1 	 0 	 1 	 -1 
227.007		270 	 298.873844619 	 127.812829136 	 0 	 1 	 1 	 1 
215.536		275.818 	 46.124786929 	 138.511961354 	 0 	 1 	 1 	 0 
206.51		282.216 	 1.72483295084 	 134.982864697 	 1 	 0 	 1 	 1 
200.265		289.107 	 246.017101002 	 -21.9987166352 	 0 	 1 	 1 	 1 
197.068		296.329 	 99.1632286785 	 -107.225610667 	 1 	 0 	 1 	 1 
197.068		303.67 	 271.745453392 	 -127.889311495 	 0 	 1 	 1 	 1 
200.265		310.893 	 49.1245211442 	 -161.342110306 	 0 	 1 	 1 	 0 
206.511		317.784 	 216.765551204 	 112.443368934 	 1 	 0 	 1 	 1 
227.008		330 	 201.499222901 	 -147.097466872 	 1 	 0 	 1 	 -1 
240.57		335.209 	 246.756889796 	 -45.945304516 	 0 	 1 	 1 	 0 
231.161		340.893 	 287.942327763 	 -17.0084652007 	 0 	 1 	 1 	 0 
224.195		346.996 	 49.202145694 	 94.3665887745 	 0 	 1 	 1 	 0 
219.909		353.413 	 14.9046059466 	 -118.473559871 	 1 	 0 	 1 	 0 
218.461		0 	 71.154268343 	 118.422426323 	 1 	 0 	 1 	 -1 
219.909		6.58678 	 309.9695234 	 72.0630306272 	 1 	 0 	 1 	 1 
224.195		13.0039 	 84.8268749125 	 6.12629811684 	 0 	 1 	 1 	 1 
231.161		19.1066 	 207.122124786 	 -121.66267697 	 1 	 0 	 1 	 0 
240.57		24.7913 	 277.466685664 	 2.93061049569 	 0 	 1 	 1 	 -1 
252.146		30 	 15.6504959521 	 -140.373642149 	 0 	 1 	 1 	 0 
240.57		35.2087 	 22.7433056867 	 -81.6149015425 	 1 	 0 	 1 	 0 
231.161		40.8934 	 169.087841902 	 -57.8700173433 	 1 	 0 	 1 	 1 
224.195		46.9961 	 204.506976687 	 -99.7212549265 	 0 	 1 	 1 	 0 
219.909		53.4132 	 20.6218882412 	 -24.0327543596 	 1 	 0 	 1 	 -1 
218.461		60 	 162.403317508 	 69.4990474798 	 0 	 1 	 1 	 -1 
219.909		66.5868 	 90.5760159405 	 94.1801437213 	 1 	 0 	 1 	 -1 
224.195		73.0039 	 308.912586194 	 116.140204501 	 1 	 0 	 1 	 0 
231.161		79.1066 	 165.871296354 	 -130.441733473 	 1 	 0 	 1 	 0 
240.57		84.7913 	 286.044844625 	 -125.116220867 	 1 	 0 	 1 	 -1 
240.57		95.2087 	 24.7175942494 	 -179.37303421 	 1 	 0 	 1 	 1 
231.161		100.893 	 73.5610515167 	 -41.6997914171 	 0 	 1 	 1 	 0 
224.195		106.996 	 74.1330097077 	 -111.050949027 	 1 	 0 	 1 	 0 
219.909		113.413 	 26.0246568348 	 109.145238309 	 0 	 1 	 1 	 -1 
218.461		120 	 121.648991174 	 145.655933133 	 0 	 1 	 1 	 0 
219.909		126.587 	 123.692111306 	 -98.3956348167 	 0 	 1 	 1 	 0 
224.195		133.004 	 14.0479286195 	 93.6369707646 	 0 	 1 	 1 	 1 
231.161		139.107 	 211.664356529 	 -43.8631808492 	 0 	 1 	 1 	 0 
252.146		150 	 213.711885615 	 -162.2887353 	 1 	 0 	 1 	 -1 
240.57		155.209 	 216.58301191 	 -103.8546265 	 1 	 0 	 1 	 -1 
231.16		160.893 	 93.2154365176 	 178.074302778 	 0 	 1 	 1 	 1 
224.196		166.996 	 321.301097642 	 -142.962358637 	 1 	 0 	 1 	 0 
219.909		173.413 	 156.043208473 	 -62.8712608301 	 0 	 1 	 1 	 1 
218.461		180 	 179.256122014 	 -125.219638944 	 1 	 0 	 1 	 0 
219.909		186.587 	 88.1046759865 	 -6.29410164571 	 0 	 1 	 1 	 0 
224.196		193.004 	 150.036628441 	 -179.731790905 	 1 	 0 	 1 	 1 
231.16		199.107 	 235.581732005 	 -91.5814663034 	 1 	 0 	 1 	 -1 
240.57		204.791 	 270.492523351 	 -112.423603209 	 0 	 1 	 1 	 0 
252.146		210 	 252.303180879 	 -54.0064561634 	 0 	 1 	 1 	 0 
240.57		215.209 	 131.097143965 	 -102.164727358 	 0 	 1 	 1 	 1 
231.161		220.893 	 95.3016873576 	 101.947520986 	 0 	 1 	 1 	 1 
224.196		226.996 	 152.655978427 	 16.3460813199 	 1 	 0 	 1 	 0 
219.909		233.413 	 196.922419116 	 95.3768325641 	 1 	 0 	 1 	 1 
218.461		240 	 246.493689532 	 -82.6414929727 	 0 	 1 	 1 	 -1 
219.909		246.587 	 266.341340011 	 -161.012403979 	 0 	 1 	 1 	 0 
224.195		253.004 	 30.9668097199 	 -147.408145959 	 1 	 0 	 1 	 1 
231.16		259.107 	 30.4620908463 	 -35.7523906854 	 0 	 1 	 1 	 -1 
240.57		264.791 	 51.0473012535 	 174.063003743 	 1 	 0 	 1 	 0 
252.146		270 	 246.713533954 	 -58.4724439155 	 0 	 1 	 1 	 -1 
240.57		275.209 	 213.794459042 	 -17.4494372974 	 1 	 0 	 1 	 1 
231.16		280.893 	 68.5903702966 	 59.8251860008 	 0 	 1 	 1 	 1 
224.195		286.996 	 199.556292416 	 -46.125772266 	 0 	 1 	 1 	 1 
219.909		293.413 	 80.1125411461 	 -40.2398905914 	 1 	 0 	 1 	 0 
218.461		300 	 141.162252536 	 19.6542934706 	 1 	 0 	 1 	 1 
219.909		306.587 	 10.0795733004 	 -169.530190813 	 0 	 1 	 1 	 0 
224.196		313.004 	 55.8519467224 	 81.3630011849 	 1 	 0 	 1 	 -1 
231.161		319.107 	 269.167154318 	 -121.056024802 	 1 	 0 	 1 	 -1 
240.57		324.791 	 232.253278471 	 31.1241185036 	 1 	 0 	 1 	 0 
252.146		330 	 206.220049005 	 94.9676705395 	 0 	 1 	 1 	 0 
265.601		334.715 	 67.7255327483 	 25.266688124 	 0 	 1 	 1 	 1 
255.886		339.826 	 292.951715536 	 62.3832136785 	 0 	 1 	 1 	 1 
248.348		345.295 	 312.125548364 	 137.732494224 	 1 	 0 	 1 	 1 
243.191		351.052 	 36.5303584553 	 -125.492420534 	 1 	 0 	 1 	 1 
240.57		356.996 	 119.778941434 	 26.0605737184 	 0 	 1 	 1 	 1 
240.57		3.00449 	 5.46755725063 	 -163.07023667 	 1 	 0 	 1 	 0 
243.191		8.94827 	 108.416091433 	 -54.8556300636 	 1 	 0 	 1 	 -1 
248.348		14.7047 	 253.198016079 	 -143.564711979 	 1 	 0 	 1 	 0 
255.886		20.1736 	 43.7748527241 	 119.076745264 	 0 	 1 	 1 	 1 
265.601		25.285 	 222.360872787 	 156.487334231 	 1 	 0 	 1 	 -1 
277.258		30 	 214.85950542 	 -132.617866319 	 1 	 0 	 1 	 0 
265.601		34.715 	 189.886261633 	 -82.005335075 	 0 	 1 	 1 	 1 
255.887		39.8264 	 39.9343930155 	 16.2388211301 	 0 	 1 	 1 	 1 
248.348		45.2953 	 142.723937655 	 39.2844594116 	 1 	 0 	 1 	 -1 
243.191		51.0517 	 71.9660768792 	 124.990256919 	 1 	 0 	 1 	 0 
240.57		56.9955 	 106.09911269 	 -30.326961964 	 0 	 1 	 1 	 -1 
240.57		63.0045 	 63.2483856167 	 124.577963192 	 1 	 0 	 1 	 -1 
243.191		68.9483 	 318.29317315 	 -136.939747351 	 1 	 0 	 1 	 1 
248.348		74.7047 	 63.1638936012 	 179.419625776 	 0 	 1 	 1 	 -1 
255.887		80.1736 	 42.2688736358 	 3.91570806127 	 1 	 0 	 1 	 -1 
265.601		85.285 	 119.23085264 	 -62.9824127802 	 0 	 1 	 1 	 -1 
277.257		90 	 60.9054467851 	 -71.7444476461 	 0 	 1 	 1 	 0 
265.601		94.715 	 115.301465459 	 137.530198956 	 1 	 0 	 1 	 0 
255.887		99.8264 	 262.777241002 	 -132.150607461 	 1 	 0 	 1 	 1 
248.348		105.295 	 268.168049063 	 64.7242747948 	 1 	 0 	 1 	 0 
243.191		111.052 	 221.674027085 	 -149.353350195 	 0 	 1 	 1 	 0 
240.57		116.996 	 178.393620792 	 -38.3955647103 	 1 	 0 	 1 	 0 
240.57		123.005 	 247.713637483 	 22.2674778257 	 1 	 0 	 1 	 0 
243.191		128.948 	 111.860677332 	 42.2101957903 	 1 	 0 	 1 	 0 
248.348		134.705 	 278.590569146 	 -164.038170139 	 0 	 1 	 1 	 1 
255.887		140.174 	 206.983210412 	 20.7820568443 	 1 	 0 	 1 	 0 
265.6		145.285 	 52.4078783357 	 6.30349406451 	 1 	 0 	 1 	 -1 
277.257		150 	 158.797909041 	 -167.947871465 	 1 	 0 	 1 	 1 
265.601		154.715 	 62.6984593071 	 -167.190599352 	 0 	 1 	 1 	 -1 
255.886		159.826 	 158.291911886 	 -145.352687787 	 1 	 0 	 1 	 1 
248.348		165.295 	 244.366231668 	 49.3111902834 	 0 	 1 	 1 	 -1 
243.191		171.052 	 168.990090755 	 -34.3522190924 	 0 	 1 	 1 	 1 
240.57		176.996 	 240.981032421 	 67.4391942762 	 0 	 1 	 1 	 -1 
240.57		183.005 	 29.6325508788 	 -175.776575927 	 0 	 1 	 1 	 -1 
243.191		188.948 	 93.2372161809 	 96.4536865934 	 1 	 0 	 1 	 0 
248.348		194.705 	 70.576224463 	 150.959066919 	 0 	 1 	 1 	 0 
255.886		200.174 	 276.164523169 	 -106.101723731 	 1 	 0 	 1 	 0 
265.601		205.285 	 48.2620101629 	 -89.6450780241 	 1 	 0 	 1 	 0 
277.258		210 	 150.239044694 	 -60.027105953 	 1 	 0 	 1 	 0 
265.6		214.715 	 171.434530932 	 -23.8308696524 	 0 	 1 	 1 	 1 
255.887		219.826 	 320.581479832 	 93.9327513092 	 0 	 1 	 1 	 -1 
248.348		225.295 	 288.846582439 	 177.223356115 	 1 	 0 	 1 	 0 
243.191		231.052 	 150.359032653 	 -129.108133205 	 1 	 0 	 1 	 1 
240.57		236.995 	 43.5768626021 	 -152.651243932 	 1 	 0 	 1 	 1 
240.57		243.004 	 292.396286661 	 -11.8302031726 	 1 	 0 	 1 	 -1 
243.19		248.948 	 247.732095183 	 159.063497525 	 0 	 1 	 1 	 -1 
248.348		254.705 	 224.865944509 	 -60.8993259392 	 0 	 1 	 1 	 1 
255.886		260.174 	 261.505437101 	 -161.856284865 	 1 	 0 	 1 	 -1 
265.601		265.285 	 38.1658901975 	 -146.987698886 	 0 	 1 	 1 	 0 
277.258		270 	 272.54932728 	 -62.2969099882 	 1 	 0 	 1 	 0 
265.601		274.715 	 39.8938778172 	 -163.383621324 	 1 	 0 	 1 	 -1 
255.886		279.826 	 134.146158386 	 -94.4215219729 	 0 	 1 	 1 	 1 
248.348		285.295 	 234.179238819 	 75.7159267278 	 0 	 1 	 1 	 -1 
243.19		291.052 	 324.850713077 	 53.4903387094 	 1 	 0 	 1 	 0 
240.57		296.996 	 74.4634410972 	 5.77011101763 	 0 	 1 	 1 	 1 
240.57		303.004 	 289.804286925 	 -128.021416243 	 1 	 0 	 1 	 0 
243.191		308.948 	 35.7443894155 	 -119.825823813 	 0 	 1 	 1 	 0 
248.348		314.705 	 139.038582503 	 49.3747543288 	 0 	 1 	 1 	 0 
255.886		320.174 	 7.80720559744 	 167.992913283 	 0 	 1 	 1 	 0 
265.6		325.285 	 99.953477598 	 -176.033305041 	 0 	 1 	 1 	 0 
277.258		330 	 301.169102588 	 -124.914066017 	 1 	 0 	 1 	 0 
290.619		334.307 	 252.828697123 	 -37.7009942155 	 0 	 1 	 1 	 1 
280.659		338.948 	 313.480264349 	 87.9043457291 	 1 	 0 	 1 	 0 
272.656		343.898 	 243.315056471 	 -72.9701126828 	 1 	 0 	 1 	 -1 
266.79		349.107 	 253.610570569 	 153.747194168 	 0 	 1 	 1 	 0 
263.206		354.504 	 141.178013497 	 -90.641122336 	 0 	 1 	 1 	 0 
262.001		0 	 293.879441317 	 -71.4394935317 	 0 	 1 	 1 	 0 
263.206		5.49637 	 301.868665239 	 -34.7493461672 	 1 	 0 	 1 	 -1 
266.79		10.8934 	 117.752813189 	 -119.787185813 	 0 	 1 	 1 	 -1 
272.656		16.1021 	 268.163951147 	 36.3296850174 	 0 	 1 	 1 	 1 
280.659		21.0517 	 119.492979794 	 133.175128972 	 0 	 1 	 1 	 1 
290.619		25.6934 	 145.024847188 	 -178.451918986 	 0 	 1 	 1 	 0 
302.34		30 	 260.651400979 	 1.76483717678 	 0 	 1 	 1 	 -1 
290.619		34.3066 	 93.6241757644 	 -121.39852555 	 0 	 1 	 1 	 1 
280.659		38.9483 	 42.6128472235 	 55.3706185316 	 0 	 1 	 1 	 0 
272.656		43.8979 	 166.831316304 	 59.361935031 	 1 	 0 	 1 	 1 
266.789		49.1066 	 51.9432324125 	 -32.4510376836 	 0 	 1 	 1 	 1 
263.206		54.5036 	 270.606818649 	 47.5310020493 	 0 	 1 	 1 	 0 
262.001		60 	 321.073610355 	 -121.624562378 	 1 	 0 	 1 	 0 
263.206		65.4964 	 271.851983719 	 -176.576871161 	 1 	 0 	 1 	 -1 
266.79		70.8934 	 96.8774582035 	 163.491944417 	 1 	 0 	 1 	 0 
272.656		76.1021 	 30.6546443365 	 8.23075342486 	 0 	 1 	 1 	 -1 
280.659		81.0517 	 95.4330617549 	 -157.279499322 	 0 	 1 	 1 	 0 
290.619		85.6934 	 137.623593495 	 -173.720686219 	 0 	 1 	 1 	 -1 
302.34		90 	 262.578140558 	 61.5391965108 	 1 	 0 	 1 	 1 
290.619		94.3066 	 82.8075371345 	 -50.0161645388 	 1 	 0 	 1 	 1 
280.659		98.9483 	 254.19366274 	 155.242595252 	 0 	 1 	 1 	 -1 
272.655		103.898 	 9.64739005019 	 130.483552953 	 1 	 0 	 1 	 -1 
266.79		109.107 	 28.0004510911 	 -1.4220191362 	 0 	 1 	 1 	 0 
263.206		114.504 	 280.798695564 	 9.65862201877 	 0 	 1 	 1 	 -1 
262		120 	 248.504943673 	 123.415527869 	 0 	 1 	 1 	 0 
263.206		125.496 	 209.770566846 	 -117.502245401 	 1 	 0 	 1 	 0 
266.79		130.893 	 155.118500571 	 -142.314935761 	 0 	 1 	 1 	 1 
272.655		136.102 	 249.025237302 	 -177.155663142 	 0 	 1 	 1 	 0 
280.659		141.052 	 126.730267345 	 22.1891013222 	 0 	 1 	 1 	 -1 
290.619		145.693 	 142.202593618 	 -62.121040912 	 1 	 0 	 1 	 -1 
302.34		150 	 159.350407242 	 107.467873168 	 0 	 1 	 1 	 -1 
290.619		154.307 	 74.6860610935 	 -111.766298394 	 0 	 1 	 1 	 1 
280.659		158.948 	 159.053956536 	 -133.903156757 	 1 	 0 	 1 	 -1 
272.656		163.898 	 50.6002729169 	 -137.900487771 	 0 	 1 	 1 	 0 
266.789		169.107 	 128.16643047 	 121.601155833 	 0 	 1 	 1 	 0 
263.206		174.504 	 32.5151577938 	 129.852322449 	 1 	 0 	 1 	 1 
262.001		180 	 252.804789623 	 -153.730410032 	 1 	 0 	 1 	 1 
263.206		185.496 	 232.1565429 	 143.65025916 	 1 	 0 	 1 	 -1 
266.789		190.893 	 64.2302811453 	 103.123129394 	 1 	 0 	 1 	 -1 
272.656		196.102 	 221.298267938 	 -25.4052688961 	 0 	 1 	 1 	 0 
280.659		201.052 	 126.963974624 	 -53.3800784525 	 1 	 0 	 1 	 1 
290.619		205.693 	 154.852468524 	 138.019247502 	 0 	 1 	 1 	 1 
302.34		210 	 41.2593075612 	 -105.90346378 	 0 	 1 	 1 	 1 
290.619		214.307 	 247.84990279 	 -135.908905888 	 1 	 0 	 1 	 0 
280.658		218.948 	 288.199129464 	 -107.809045407 	 0 	 1 	 1 	 1 
272.656		223.898 	 236.386628607 	 142.788917128 	 1 	 0 	 1 	 -1 
266.79		229.107 	 235.20159677 	 55.6370099195 	 1 	 0 	 1 	 0 
263.206		234.504 	 130.934499328 	 133.818422199 	 1 	 0 	 1 	 -1 
262		240 	 23.4266023516 	 -42.0179753736 	 0 	 1 	 1 	 1 
263.206		245.496 	 11.9908274026 	 67.7681811302 	 0 	 1 	 1 	 -1 
266.789		250.893 	 63.9070801583 	 17.2910391078 	 0 	 1 	 1 	 0 
272.656		256.102 	 147.359289621 	 47.786532852 	 1 	 0 	 1 	 0 
280.659		261.052 	 248.707399379 	 -104.561968165 	 1 	 0 	 1 	 0 
290.62		265.693 	 114.772331407 	 174.496030032 	 1 	 0 	 1 	 1 
302.34		270 	 139.216100775 	 8.44218318651 	 0 	 1 	 1 	 -1 
290.62		274.307 	 179.395080775 	 162.51199523 	 0 	 1 	 1 	 1 
280.659		278.948 	 176.557248207 	 78.4172713253 	 0 	 1 	 1 	 0 
272.656		283.898 	 86.5461039037 	 132.171699006 	 0 	 1 	 1 	 0 
266.789		289.107 	 320.311422003 	 78.4109522518 	 1 	 0 	 1 	 1 
263.206		294.504 	 230.688600165 	 -65.6034983532 	 0 	 1 	 1 	 1 
262		300 	 255.717409149 	 -4.08801204102 	 0 	 1 	 1 	 1 
263.206		305.496 	 44.7091759639 	 64.1279866536 	 0 	 1 	 1 	 0 
266.79		310.893 	 51.1145279586 	 178.023256968 	 1 	 0 	 1 	 -1 
272.656		316.102 	 16.9037054231 	 -179.224034191 	 1 	 0 	 1 	 -1 
280.659		321.052 	 52.8738360857 	 105.658956765 	 1 	 0 	 1 	 1 
290.619		325.693 	 305.96992462 	 -47.9662380109 	 1 	 0 	 1 	 -1 
302.34		330 	 7.97263382777 	 77.8544308782 	 0 	 1 	 1 	 -1 
315.62		333.963 	 208.690291113 	 20.8941524884 	 0 	 1 	 1 	 -1 
305.457		338.213 	 260.454119718 	 -80.5769623811 	 1 	 0 	 1 	 1 
297.071		342.731 	 0.830771486145 	 -1.41727022398 	 1 	 0 	 1 	 -1 
290.619		347.48 	 143.87640141 	 -87.8442923345 	 1 	 0 	 1 	 0 
286.236		352.411 	 217.232470693 	 41.0960572167 	 1 	 0 	 1 	 1 
284.018		357.457 	 155.150093234 	 -12.0642701605 	 1 	 0 	 1 	 0 
284.018		2.54292 	 150.649548244 	 -9.43023093518 	 0 	 1 	 1 	 -1 
286.236		7.58909 	 125.111421191 	 86.7053573333 	 0 	 1 	 1 	 0 
290.619		12.5198 	 202.955831745 	 -54.3426376475 	 1 	 0 	 1 	 0 
297.071		17.2695 	 189.378728283 	 -24.8108711103 	 0 	 1 	 1 	 1 
305.457		21.7868 	 141.935251174 	 -48.7776372172 	 1 	 0 	 1 	 -1 
315.62		26.0368 	 193.171979666 	 36.3786622978 	 1 	 0 	 1 	 -1 
327.39		30 	 134.53560404 	 164.219078305 	 0 	 1 	 1 	 1 
305.457		38.2132 	 219.311007524 	 -85.143308775 	 0 	 1 	 1 	 -1 
297.071		42.7305 	 11.3169343539 	 -162.69363791 	 0 	 1 	 1 	 -1 
290.619		47.4802 	 239.957412928 	 -79.3224544103 	 0 	 1 	 1 	 1 
286.236		52.4109 	 283.799042744 	 -93.4962344392 	 1 	 0 	 1 	 1 
284.018		57.4571 	 287.526130157 	 155.497056458 	 1 	 0 	 1 	 0 
284.018		62.5429 	 60.6977521435 	 -171.219058787 	 0 	 1 	 1 	 1 
286.236		67.5891 	 182.036286818 	 58.6255544342 	 1 	 0 	 1 	 1 
290.619		72.5198 	 87.8851823391 	 -47.636596984 	 1 	 0 	 1 	 -1 
297.071		77.2695 	 295.088258422 	 -82.9400366144 	 0 	 1 	 1 	 -1 
305.457		81.7868 	 191.505897977 	 151.586411271 	 1 	 0 	 1 	 1 
315.62		86.0368 	 317.347903087 	 105.107916726 	 0 	 1 	 1 	 -1 
327.39		90 	 217.768867116 	 -174.583655289 	 1 	 0 	 1 	 -1 
315.62		93.9632 	 254.591332336 	 93.5952878646 	 1 	 0 	 1 	 1 
305.457		98.2132 	 271.073132463 	 147.046790954 	 1 	 0 	 1 	 -1 
297.071		102.731 	 78.2881050411 	 -100.597174751 	 0 	 1 	 1 	 1 
290.619		107.48 	 243.707815048 	 -125.690476826 	 1 	 0 	 1 	 1 
286.236		112.411 	 309.477194902 	 124.052911623 	 1 	 0 	 1 	 0 
284.018		117.457 	 324.261768485 	 -11.6889393941 	 1 	 0 	 1 	 1 
284.018		122.543 	 304.839788915 	 95.05153065 	 1 	 0 	 1 	 0 
286.236		127.589 	 259.684198614 	 117.422046878 	 1 	 0 	 1 	 0 
290.62		132.52 	 183.599270589 	 -75.7000740026 	 0 	 1 	 1 	 1 
297.071		137.269 	 130.249388891 	 -147.700596697 	 0 	 1 	 1 	 1 
305.457		141.787 	 99.0644865402 	 -33.1058079377 	 1 	 0 	 1 	 -1 
315.62		146.037 	 154.785101207 	 121.931158566 	 1 	 0 	 1 	 -1 
327.39		150 	 160.604198793 	 34.816304371 	 1 	 0 	 1 	 0 
315.619		153.963 	 223.04809831 	 -150.931932192 	 1 	 0 	 1 	 -1 
305.457		158.213 	 44.1306256107 	 81.9187138732 	 1 	 0 	 1 	 1 
297.071		162.731 	 100.656413952 	 101.288734037 	 1 	 0 	 1 	 1 
290.62		167.48 	 320.862442551 	 19.4696846161 	 0 	 1 	 1 	 -1 
286.236		172.411 	 288.099834968 	 -87.2389333558 	 0 	 1 	 1 	 1 
284.019		177.457 	 32.7325612324 	 80.5527478321 	 0 	 1 	 1 	 0 
284.019		182.543 	 37.32782921 	 52.4646594105 	 0 	 1 	 1 	 1 
286.236		187.589 	 209.950242735 	 95.7408250094 	 1 	 0 	 1 	 -1 
290.62		192.52 	 46.2977376492 	 -148.369509713 	 1 	 0 	 1 	 0 
297.071		197.269 	 250.234785972 	 160.551812806 	 1 	 0 	 1 	 0 
305.457		201.787 	 205.982464271 	 -145.764407656 	 0 	 1 	 1 	 -1 
315.62		206.037 	 120.724142574 	 -96.1724419712 	 1 	 0 	 1 	 0 
327.39		210 	 162.880851695 	 46.061350985 	 1 	 0 	 1 	 0 
315.62		213.963 	 166.420055193 	 136.873215117 	 1 	 0 	 1 	 0 
305.457		218.213 	 274.7716626 	 -141.502856146 	 1 	 0 	 1 	 0 
297.071		222.731 	 217.781864099 	 18.9284474504 	 0 	 1 	 1 	 -1 
290.619		227.48 	 55.3724269203 	 132.513162379 	 0 	 1 	 1 	 0 
286.236		232.411 	 139.838604495 	 118.251402828 	 1 	 0 	 1 	 0 
284.018		237.457 	 206.00761464 	 -89.260865902 	 1 	 0 	 1 	 0 
284.019		242.543 	 152.007845445 	 -152.401150232 	 1 	 0 	 1 	 1 
286.236		247.589 	 190.777265194 	 169.388496349 	 0 	 1 	 1 	 -1 
290.62		252.52 	 66.3811616307 	 36.8453800991 	 1 	 0 	 1 	 0 
297.071		257.269 	 37.6920201334 	 135.63646017 	 0 	 1 	 1 	 0 
305.457		261.787 	 318.733951629 	 -4.17241342518 	 0 	 1 	 1 	 1 
315.62		266.037 	 63.8071677251 	 -79.0985663616 	 0 	 1 	 1 	 1 
327.39		270 	 67.5178904685 	 125.628886551 	 0 	 1 	 1 	 0 
315.62		273.963 	 202.163895836 	 134.653477045 	 0 	 1 	 1 	 0 
305.457		278.213 	 241.93111886 	 -93.6564715201 	 0 	 1 	 1 	 0 
297.071		282.731 	 53.9553647359 	 10.7062765522 	 1 	 0 	 1 	 0 
290.62		287.48 	 222.585317911 	 -55.1343832715 	 1 	 0 	 1 	 1 
286.236		292.411 	 134.92766372 	 -29.3405967922 	 0 	 1 	 1 	 1 
284.019		297.457 	 117.037828777 	 101.791262037 	 0 	 1 	 1 	 -1 
284.018		302.543 	 133.306282512 	 100.74736864 	 1 	 0 	 1 	 1 
286.236		307.589 	 216.776348717 	 20.122291776 	 0 	 1 	 1 	 1 
290.619		312.52 	 30.4728250444 	 -162.978988694 	 1 	 0 	 1 	 -1 
297.071		317.269 	 274.54257965 	 168.006300142 	 0 	 1 	 1 	 0 
305.457		321.787 	 0.725696172343 	 162.07748268 	 1 	 0 	 1 	 0 
327.39		330 	 216.166402154 	 141.290383896 	 1 	 0 	 1 	 -1 
340.597		333.67 	 227.554453094 	 82.1753619961 	 1 	 0 	 1 	 -1 
330.266		337.589 	 128.438457276 	 -66.6557107753 	 1 	 0 	 1 	 -1 
321.56		341.742 	 283.037994785 	 81.2091690354 	 1 	 0 	 1 	 1 
314.619		346.102 	 319.314465025 	 92.5256439646 	 1 	 0 	 1 	 0 
309.563		350.633 	 280.418236592 	 -92.4394266763 	 0 	 1 	 1 	 -1 
306.489		355.285 	 169.886667472 	 -100.171961003 	 1 	 0 	 1 	 -1 
305.457		0 	 48.5575962413 	 -52.3263556398 	 1 	 0 	 1 	 -1 
306.489		4.715 	 203.919523447 	 -96.1440276729 	 0 	 1 	 1 	 0 
309.563		9.367 	 244.790356252 	 -142.564680179 	 0 	 1 	 1 	 -1 
314.619		13.8979 	 26.479060292 	 159.320463193 	 1 	 0 	 1 	 0 
321.56		18.2585 	 157.68069113 	 -131.063102391 	 0 	 1 	 1 	 1 
330.266		22.4109 	 172.540560137 	 6.22366879276 	 0 	 1 	 1 	 0 
340.597		26.3295 	 62.2144447691 	 38.684424524 	 1 	 0 	 1 	 -1 
352.406		30 	 220.996231874 	 -7.45376148489 	 0 	 1 	 1 	 0 
340.597		33.6705 	 4.53575909536 	 -139.364642892 	 1 	 0 	 1 	 0 
330.266		37.5891 	 214.133141643 	 60.5038055682 	 0 	 1 	 1 	 -1 
321.56		41.7415 	 171.308922391 	 -162.460229594 	 1 	 0 	 1 	 0 
314.619		46.1021 	 211.108568726 	 -90.6618705584 	 1 	 0 	 1 	 1 
309.563		50.633 	 66.2233349357 	 -157.0127107 	 0 	 1 	 1 	 -1 
306.489		55.285 	 243.224699785 	 -44.6466584744 	 0 	 1 	 1 	 1 
305.457		60 	 318.566563101 	 -41.683894831 	 0 	 1 	 1 	 -1 
306.489		64.715 	 83.163695132 	 -164.273805917 	 1 	 0 	 1 	 -1 
309.563		69.367 	 223.220679828 	 172.980148525 	 0 	 1 	 1 	 1 
314.619		73.8979 	 66.7918670346 	 -80.2024279856 	 1 	 0 	 1 	 0 
321.56		78.2585 	 244.642836921 	 119.212484313 	 0 	 1 	 1 	 1 
330.266		82.4109 	 64.3655331501 	 -116.001034181 	 0 	 1 	 1 	 -1 
340.597		86.3295 	 214.571101717 	 -170.52720346 	 0 	 1 	 1 	 0 
352.406		90 	 17.9599892894 	 149.247690023 	 1 	 0 	 1 	 -1 
340.597		93.6705 	 56.9737974067 	 -30.589400776 	 1 	 0 	 1 	 -1 
330.266		97.5891 	 120.050053414 	 -101.246173067 	 1 	 0 	 1 	 -1 
321.56		101.742 	 67.2397251493 	 157.505699624 	 1 	 0 	 1 	 0 
314.619		106.102 	 176.630829224 	 -144.541431596 	 1 	 0 	 1 	 0 
309.563		110.633 	 68.0452190708 	 -146.720544447 	 1 	 0 	 1 	 0 
306.489		115.285 	 118.733217278 	 64.1676658911 	 0 	 1 	 1 	 1 
305.457		120 	 193.34676464 	 -83.6914495859 	 1 	 0 	 1 	 1 
306.489		124.715 	 84.9787968675 	 16.155223407 	 0 	 1 	 1 	 1 
309.563		129.367 	 291.820682338 	 -163.00813737 	 1 	 0 	 1 	 -1 
314.619		133.898 	 32.3431307054 	 -148.35419216 	 0 	 1 	 1 	 1 
321.56		138.258 	 64.1928259738 	 87.5040230278 	 0 	 1 	 1 	 1 
330.266		142.411 	 299.252946385 	 -179.836432154 	 1 	 0 	 1 	 -1 
340.597		146.329 	 244.112073443 	 55.1065606919 	 1 	 0 	 1 	 1 
352.406		150 	 211.627161398 	 161.129127958 	 1 	 0 	 1 	 1 
340.597		153.671 	 316.26677958 	 88.799609136 	 0 	 1 	 1 	 0 
330.266		157.589 	 41.0084779976 	 13.5431886798 	 0 	 1 	 1 	 0 
321.561		161.742 	 158.388795703 	 92.9798521733 	 1 	 0 	 1 	 -1 
314.618		166.102 	 50.1738528952 	 -111.790804913 	 0 	 1 	 1 	 -1 
309.563		170.633 	 102.28898398 	 -136.398464636 	 1 	 0 	 1 	 -1 
306.488		175.285 	 323.607872425 	 8.10920328147 	 0 	 1 	 1 	 -1 
305.457		180 	 14.0750904688 	 132.918046377 	 0 	 1 	 1 	 -1 
306.488		184.715 	 146.451368366 	 -45.5235781996 	 0 	 1 	 1 	 0 
309.563		189.367 	 35.7986720888 	 -58.7549702035 	 1 	 0 	 1 	 0 
314.618		193.898 	 212.515406588 	 -116.672850103 	 0 	 1 	 1 	 0 
321.561		198.258 	 12.8877787323 	 -64.742567408 	 1 	 0 	 1 	 0 
330.266		202.411 	 171.940315862 	 -99.1111111375 	 0 	 1 	 1 	 1 
340.597		206.329 	 33.7418678278 	 -53.5528729146 	 1 	 0 	 1 	 1 
352.406		210 	 77.9354703328 	 176.333669368 	 0 	 1 	 1 	 -1 
330.266		217.589 	 152.785198031 	 57.7678101119 	 0 	 1 	 1 	 1 
321.56		221.742 	 319.32219876 	 -21.1579132245 	 0 	 1 	 1 	 -1 
314.619		226.102 	 74.7235170367 	 -20.257773991 	 1 	 0 	 1 	 -1 
309.563		230.633 	 204.035356286 	 23.5793386453 	 0 	 1 	 1 	 -1 
306.489		235.285 	 313.171263028 	 101.304488959 	 0 	 1 	 1 	 0 
305.456		240 	 10.1953745455 	 153.556882692 	 1 	 0 	 1 	 1 
306.488		244.715 	 209.66152865 	 57.5668526552 	 1 	 0 	 1 	 -1 
309.563		249.367 	 190.727699936 	 159.752222375 	 0 	 1 	 1 	 1 
314.619		253.898 	 147.244193825 	 -49.458992268 	 1 	 0 	 1 	 -1 
321.56		258.258 	 46.6571883339 	 -173.913583171 	 0 	 1 	 1 	 1 
330.266		262.411 	 162.593085981 	 151.201755816 	 1 	 0 	 1 	 1 
340.597		266.33 	 127.027387186 	 45.3959013999 	 1 	 0 	 1 	 -1 
340.597		273.671 	 12.3470618564 	 41.3327072267 	 1 	 0 	 1 	 0 
330.266		277.589 	 224.784793364 	 167.253979366 	 0 	 1 	 1 	 -1 
321.56		281.742 	 135.999894638 	 120.136160088 	 1 	 0 	 1 	 -1 
314.619		286.102 	 90.2396712127 	 -17.6623144587 	 1 	 0 	 1 	 1 
309.563		290.633 	 66.358157063 	 -46.72187766 	 0 	 1 	 1 	 1 
306.488		295.285 	 263.197006291 	 129.809479138 	 0 	 1 	 1 	 1 
305.457		300 	 192.455810514 	 157.073942945 	 1 	 0 	 1 	 -1 
306.489		304.715 	 275.772987855 	 -68.0088608817 	 1 	 0 	 1 	 0 
309.563		309.367 	 101.194831021 	 -26.6873995922 	 0 	 1 	 1 	 -1 
314.619		313.898 	 283.864670651 	 -21.3538664115 	 1 	 0 	 1 	 0 
321.56		318.258 	 19.9548073814 	 163.744628829 	 1 	 0 	 1 	 1 
330.266		322.411 	 102.457302409 	 -132.493421069 	 0 	 1 	 1 	 1 
340.597		326.33 	 220.152378459 	 107.479908899 	 0 	 1 	 1 	 1 
352.406		330 	 131.330906996 	 -84.2907454116 	 1 	 0 	 1 	 0 
365.546		333.418 	 131.003912385 	 37.4378421011 	 1 	 0 	 1 	 1 
355.074		337.053 	 234.856245508 	 40.4863314648 	 0 	 1 	 1 	 1 
346.099		340.893 	 127.909655266 	 118.609056722 	 0 	 1 	 1 	 -1 
338.742		344.921 	 295.564315451 	 -170.081762794 	 0 	 1 	 1 	 1 
333.116		349.107 	 122.089167027 	 144.061956663 	 0 	 1 	 1 	 0 
329.31		353.413 	 320.449208833 	 4.37477510932 	 0 	 1 	 1 	 1 
327.39		357.796 	 160.161518106 	 166.652296307 	 0 	 1 	 1 	 1 
327.39		2.20423 	 75.7425833845 	 136.125516667 	 1 	 0 	 1 	 1 
329.31		6.58678 	 168.009792466 	 94.2887995024 	 1 	 0 	 1 	 0 
333.116		10.8934 	 157.289161308 	 46.4038671892 	 1 	 0 	 1 	 -1 
338.742		15.0791 	 149.655613294 	 22.1474961708 	 0 	 1 	 1 	 -1 
346.099		19.1066 	 292.690368835 	 146.659122049 	 0 	 1 	 1 	 0 
355.074		22.9473 	 73.5028084499 	 20.9544175573 	 1 	 0 	 1 	 -1 
365.546		26.582 	 130.691960648 	 178.464013158 	 0 	 1 	 1 	 -1 
377.385		30 	 35.9319206917 	 130.848076568 	 1 	 0 	 1 	 1 
365.546		33.418 	 182.476582577 	 54.2608333391 	 0 	 1 	 1 	 0 
355.074		37.0527 	 239.213382157 	 -5.9382637532 	 1 	 0 	 1 	 1 
346.099		40.8934 	 228.68587335 	 -53.9184161081 	 0 	 1 	 1 	 -1 
338.743		44.9209 	 11.3484473646 	 118.098373789 	 0 	 1 	 1 	 1 
333.116		49.1066 	 100.575305148 	 117.292644948 	 1 	 0 	 1 	 1 
329.31		53.4132 	 198.212912606 	 95.1703187712 	 1 	 0 	 1 	 1 
327.39		57.7958 	 180.527551614 	 176.441842054 	 1 	 0 	 1 	 0 
327.39		62.2042 	 293.113250125 	 -158.174193514 	 0 	 1 	 1 	 1 
329.31		66.5868 	 84.0109758216 	 158.949619233 	 0 	 1 	 1 	 1 
333.116		70.8934 	 5.55906775717 	 121.862508378 	 1 	 0 	 1 	 1 
338.742		75.0791 	 258.027749673 	 66.4299573726 	 0 	 1 	 1 	 0 
346.099		79.1066 	 92.9682560517 	 -65.4422869746 	 1 	 0 	 1 	 0 
355.074		82.9473 	 34.9830377337 	 173.053094887 	 1 	 0 	 1 	 -1 
