25.2587		30 	 42.3470095166 	 325.984973888 	 1 	 1 	 1 	 -1 
25.2587		90 	 28.0867501402 	 173.880963294 	 0 	 0 	 1 	 -1 
25.2587		150 	 18.2292850011 	 328.888582127 	 0 	 1 	 1 	 1 
25.2587		210 	 26.3430268452 	 299.31556016 	 0 	 1 	 1 	 -1 
25.2587		270 	 18.063603443 	 11.542907937 	 1 	 0 	 1 	 1 
43.7478		0 	 41.2223988736 	 286.256383195 	 1 	 1 	 1 	 -1 
50.5147		30 	 25.5239729829 	 132.558675822 	 1 	 1 	 1 	 0 
43.7478		60 	 11.9216961589 	 352.691926089 	 1 	 1 	 1 	 1 
50.5147		90 	 31.2215648339 	 55.1653393978 	 1 	 0 	 1 	 0 
43.7478		120 	 30.619627402 	 90.0192694944 	 0 	 1 	 1 	 1 
50.5147		150 	 2.88470156945 	 347.478270497 	 1 	 0 	 1 	 0 
43.7478		180 	 12.5228782978 	 285.226035087 	 0 	 1 	 1 	 -1 
50.5147		210 	 4.68083900014 	 329.494937471 	 0 	 1 	 1 	 0 
43.7478		240 	 52.5595537214 	 254.32339691 	 0 	 0 	 1 	 0 
43.7478		300 	 5.78459549952 	 39.3864329039 	 1 	 1 	 1 	 1 
50.5148		330 	 49.5357901095 	 335.438222069 	 0 	 1 	 1 	 -1 
66.8212		349.107 	 45.3152251329 	 124.995109212 	 1 	 0 	 1 	 -1 
66.8212		10.8934 	 36.1543746224 	 132.180920391 	 1 	 1 	 1 	 -1 
75.7654		30 	 25.5647585958 	 260.116860205 	 0 	 1 	 1 	 0 
66.8212		49.1066 	 40.9584889863 	 3.70462753878 	 0 	 1 	 1 	 -1 
66.8212		70.8934 	 9.63258771263 	 261.628998753 	 0 	 1 	 1 	 0 
75.7654		90 	 13.3550837881 	 300.7430273 	 0 	 1 	 1 	 1 
66.8212		109.107 	 47.5047792041 	 217.55691888 	 0 	 0 	 1 	 0 
66.8212		130.893 	 2.59113592684 	 293.521018551 	 0 	 1 	 1 	 0 
75.7654		150 	 16.2349112171 	 89.0302814965 	 0 	 1 	 1 	 -1 
66.8212		169.107 	 27.5114298337 	 133.16314486 	 0 	 1 	 1 	 0 
66.8212		190.893 	 33.6505245648 	 51.0690034446 	 0 	 1 	 1 	 0 
66.8212		229.107 	 40.0435514923 	 137.780329968 	 0 	 1 	 1 	 0 
66.8212		250.893 	 35.4415518851 	 194.802811404 	 1 	 1 	 1 	 0 
75.7654		270 	 10.169027636 	 343.737178476 	 0 	 1 	 1 	 0 
66.8212		289.107 	 16.3863107423 	 233.076057249 	 1 	 1 	 1 	 -1 
66.8212		310.893 	 23.1383776698 	 200.85719729 	 1 	 1 	 1 	 0 
75.7654		330 	 30.1344196478 	 174.729896251 	 1 	 0 	 1 	 0 
91.0523		343.898 	 31.8565028186 	 64.2958359977 	 0 	 1 	 1 	 -1 
87.4818		0 	 5.72961764722 	 69.9843721488 	 1 	 0 	 1 	 -1 
91.0523		16.1021 	 10.09114419 	 276.227319526 	 1 	 1 	 1 	 0 
101.008		30 	 34.4001765866 	 157.731361496 	 1 	 0 	 1 	 1 
91.0523		43.8979 	 25.6201433133 	 326.164433256 	 1 	 1 	 1 	 1 
87.4818		60 	 35.540750477 	 124.103294162 	 1 	 0 	 1 	 1 
91.0523		76.1021 	 37.0935116569 	 232.906053238 	 0 	 1 	 1 	 0 
91.0523		103.898 	 44.4943825082 	 196.156774042 	 0 	 1 	 1 	 -1 
87.4818		120 	 9.19357236834 	 159.258265421 	 1 	 0 	 1 	 -1 
91.0523		136.102 	 24.3525205838 	 221.14165049 	 1 	 0 	 1 	 -1 
91.0523		163.898 	 36.1349112973 	 233.745086449 	 1 	 1 	 1 	 0 
87.4818		180 	 19.3931766289 	 104.889060573 	 0 	 0 	 1 	 0 
91.0523		196.102 	 10.4934651834 	 337.012615313 	 1 	 1 	 1 	 0 
101.008		210 	 41.6809978692 	 298.078608717 	 1 	 1 	 1 	 0 
91.0523		223.898 	 41.2794553264 	 145.726816605 	 1 	 1 	 1 	 0 
87.4818		240 	 10.2025094044 	 122.456654023 	 0 	 1 	 1 	 -1 
91.0523		256.102 	 8.80950689905 	 7.70398691734 	 1 	 1 	 1 	 0 
101.008		270 	 7.77010945867 	 182.494928523 	 1 	 1 	 1 	 1 
91.0523		283.898 	 46.1363588587 	 349.570371494 	 1 	 0 	 1 	 1 
87.4817		300 	 48.1193356488 	 280.409685872 	 0 	 0 	 1 	 0 
91.0523		316.102 	 51.88882143 	 330.99047989 	 0 	 1 	 1 	 -1 
101.008		330 	 5.30881790466 	 276.617649999 	 1 	 1 	 1 	 -1 
115.709		340.893 	 33.4039985005 	 126.944578382 	 1 	 0 	 1 	 0 
110.065		353.413 	 17.3104380576 	 243.032293128 	 0 	 0 	 1 	 1 
110.065		6.58677 	 27.7617913287 	 156.547314915 	 0 	 1 	 1 	 -1 
115.709		19.1066 	 17.201425478 	 229.573767597 	 0 	 0 	 1 	 0 
126.24		30 	 6.17234013385 	 73.6426343163 	 1 	 0 	 1 	 0 
115.709		40.8934 	 8.90801978823 	 292.648603777 	 0 	 1 	 1 	 -1 
110.065		53.4132 	 34.0200787572 	 129.137026317 	 1 	 1 	 1 	 0 
110.065		66.5868 	 2.79165530271 	 334.936913681 	 0 	 1 	 1 	 -1 
115.709		79.1066 	 18.4483565116 	 340.454223494 	 0 	 1 	 1 	 0 
126.24		90 	 15.224909189 	 137.86104486 	 1 	 0 	 1 	 0 
115.709		100.893 	 40.5246099822 	 295.01370259 	 0 	 1 	 1 	 0 
110.065		113.413 	 16.8348897634 	 230.9864387 	 0 	 0 	 1 	 1 
110.065		126.587 	 38.1611742962 	 296.783937811 	 0 	 0 	 1 	 -1 
115.709		139.107 	 38.7644776069 	 112.910347429 	 0 	 1 	 1 	 -1 
126.24		150 	 46.3330607157 	 181.374086701 	 0 	 0 	 1 	 -1 
115.709		160.893 	 9.52775343446 	 296.818859366 	 0 	 1 	 1 	 1 
110.066		173.413 	 50.2186313201 	 230.186969303 	 0 	 0 	 1 	 1 
110.066		186.587 	 1.79940558483 	 264.036538241 	 0 	 0 	 1 	 -1 
115.709		199.107 	 16.0344601718 	 10.8722002832 	 0 	 0 	 1 	 1 
126.24		210 	 24.1712317361 	 135.198554815 	 0 	 0 	 1 	 0 
115.709		220.893 	 1.39220167475 	 14.5876109104 	 1 	 1 	 1 	 -1 
110.065		233.413 	 15.2293229885 	 29.7422647377 	 1 	 1 	 1 	 -1 
110.065		246.587 	 24.1221165657 	 270.980792119 	 0 	 1 	 1 	 0 
115.709		259.107 	 31.8951568902 	 347.397366307 	 1 	 0 	 1 	 0 
126.24		270 	 14.6703976922 	 256.649314444 	 0 	 1 	 1 	 1 
115.709		280.893 	 30.4727209777 	 251.911097696 	 1 	 0 	 1 	 1 
110.065		293.413 	 11.0969727374 	 49.4724829133 	 0 	 1 	 1 	 -1 
110.065		306.587 	 40.1278817301 	 235.616622715 	 1 	 0 	 1 	 -1 
115.709		319.107 	 30.0389491797 	 332.21006239 	 0 	 1 	 1 	 -1 
126.24		330 	 50.451145862 	 242.532908473 	 0 	 1 	 1 	 -1 
140.56		338.948 	 9.8643128751 	 125.942215445 	 1 	 1 	 1 	 0 
133.593		349.107 	 51.7030186613 	 263.86081703 	 1 	 0 	 1 	 0 
131.188		0 	 33.710002678 	 307.207794178 	 0 	 0 	 1 	 -1 
133.593		10.8934 	 21.8375170856 	 349.386025874 	 1 	 0 	 1 	 1 
140.56		21.0517 	 26.2552899572 	 0.000856163954096 	 0 	 0 	 1 	 0 
151.459		30 	 8.16486706549 	 171.955036175 	 0 	 0 	 1 	 1 
140.56		38.9483 	 47.9952771552 	 2.72685441191 	 0 	 1 	 1 	 -1 
133.593		49.1066 	 15.0678877308 	 163.799361384 	 0 	 0 	 1 	 1 
131.188		60 	 22.058524304 	 4.33011486096 	 1 	 0 	 1 	 1 
133.593		70.8934 	 34.4324115503 	 223.034421512 	 0 	 0 	 1 	 1 
140.56		81.0517 	 46.1303800969 	 188.675645289 	 0 	 0 	 1 	 0 
151.459		90 	 36.3848535626 	 341.643084876 	 0 	 0 	 1 	 1 
140.56		98.9483 	 7.96803318743 	 297.677238072 	 1 	 0 	 1 	 0 
133.593		109.107 	 15.9674052828 	 83.2005624196 	 0 	 0 	 1 	 -1 
131.188		120 	 26.2900075457 	 10.0932193202 	 1 	 0 	 1 	 -1 
133.593		130.893 	 22.1402743452 	 111.983365023 	 1 	 1 	 1 	 -1 
140.56		141.052 	 32.4890337861 	 156.794977995 	 0 	 0 	 1 	 0 
151.459		150 	 31.5507055259 	 296.006847426 	 1 	 1 	 1 	 1 
140.56		158.948 	 12.9679319206 	 269.519943084 	 0 	 1 	 1 	 -1 
133.593		169.107 	 28.3970070522 	 183.61185599 	 0 	 0 	 1 	 1 
131.188		180 	 18.2065134679 	 350.08898405 	 0 	 0 	 1 	 1 
133.593		190.893 	 44.9374484599 	 108.46070549 	 0 	 0 	 1 	 1 
140.56		201.052 	 5.89749831582 	 278.963489036 	 0 	 1 	 1 	 -1 
151.459		210 	 7.83312104765 	 179.707590862 	 0 	 0 	 1 	 1 
140.56		218.948 	 11.5279553883 	 286.648618163 	 1 	 1 	 1 	 0 
133.593		229.107 	 31.2436277365 	 258.446457673 	 0 	 0 	 1 	 0 
131.188		240 	 24.4645664299 	 255.084800812 	 1 	 0 	 1 	 0 
133.592		250.893 	 18.2919725908 	 221.995989286 	 0 	 1 	 1 	 1 
140.56		261.052 	 8.85474177921 	 226.701987943 	 1 	 1 	 1 	 -1 
151.459		270 	 11.9906561416 	 289.202393401 	 0 	 0 	 1 	 1 
140.56		278.948 	 9.27458039654 	 292.50936268 	 1 	 1 	 1 	 1 
133.592		289.107 	 29.8406662905 	 68.0252256735 	 1 	 1 	 1 	 0 
131.188		300 	 15.5036377724 	 281.448685845 	 1 	 1 	 1 	 1 
133.593		310.893 	 30.3233865403 	 215.412523896 	 0 	 0 	 1 	 -1 
140.56		321.052 	 22.8811961139 	 67.3773511019 	 0 	 0 	 1 	 -1 
151.459		330 	 13.8907560225 	 28.175829937 	 1 	 0 	 1 	 0 
165.51		337.589 	 29.4413252378 	 209.993852825 	 0 	 1 	 1 	 0 
157.635		346.102 	 19.3148436627 	 23.1008837775 	 1 	 1 	 1 	 1 
153.545		355.285 	 8.49381521908 	 205.500930051 	 1 	 1 	 1 	 1 
153.545		4.715 	 40.0612474079 	 358.767400692 	 0 	 1 	 1 	 0 
157.635		13.8979 	 29.5994152853 	 11.034506581 	 1 	 1 	 1 	 1 
165.51		22.4109 	 10.0598179 	 268.398075389 	 0 	 0 	 1 	 -1 
176.661		30 	 34.8587448735 	 304.638366689 	 0 	 1 	 1 	 1 
165.51		37.5891 	 44.0156896841 	 209.622299867 	 1 	 1 	 1 	 0 
157.635		46.1021 	 10.7535934428 	 132.274442783 	 1 	 1 	 1 	 1 
153.545		55.285 	 8.8425521971 	 337.158854696 	 0 	 0 	 1 	 -1 
153.545		64.715 	 26.4010548079 	 269.097596834 	 0 	 0 	 1 	 1 
157.635		73.8979 	 47.6947047265 	 29.1969656198 	 0 	 0 	 1 	 1 
165.51		82.4109 	 26.4559093171 	 1.10466691392 	 0 	 1 	 1 	 0 
176.661		90 	 13.7300849437 	 71.2983208537 	 1 	 1 	 1 	 0 
165.51		97.5891 	 12.477736607 	 231.577264161 	 1 	 1 	 1 	 -1 
157.635		106.102 	 10.6017682793 	 5.60170131597 	 0 	 0 	 1 	 0 
153.545		115.285 	 1.71551125117 	 323.102415436 	 0 	 0 	 1 	 -1 
153.545		124.715 	 3.18093386579 	 296.264380104 	 0 	 1 	 1 	 0 
157.635		133.898 	 18.3849796492 	 336.09787117 	 0 	 0 	 1 	 -1 
165.51		142.411 	 9.7805152231 	 218.863303025 	 0 	 1 	 1 	 1 
176.661		150 	 6.49887829003 	 295.632344996 	 0 	 0 	 1 	 1 
165.509		157.589 	 44.6813482572 	 121.125460826 	 1 	 0 	 1 	 0 
157.635		166.102 	 29.3258656035 	 122.167899315 	 1 	 1 	 1 	 -1 
153.546		175.285 	 31.1290139938 	 198.168985243 	 1 	 0 	 1 	 0 
153.546		184.715 	 34.7248281575 	 70.3639537961 	 1 	 0 	 1 	 0 
157.635		193.898 	 2.23435662343 	 231.544247283 	 1 	 1 	 1 	 1 
165.509		202.411 	 20.1821091226 	 189.134650392 	 1 	 0 	 1 	 -1 
165.51		217.589 	 1.24262400406 	 353.834765301 	 0 	 0 	 1 	 1 
157.635		226.102 	 6.69040294605 	 253.543128657 	 0 	 0 	 1 	 -1 
153.545		235.285 	 26.8217125184 	 37.8154134601 	 0 	 0 	 1 	 1 
153.545		244.715 	 19.7816019999 	 182.835626753 	 1 	 0 	 1 	 1 
157.635		253.898 	 25.6720281436 	 80.5901291349 	 1 	 0 	 1 	 1 
165.51		262.411 	 4.71404102704 	 283.557221353 	 1 	 0 	 1 	 1 
176.661		270 	 5.71352530051 	 149.815561234 	 0 	 1 	 1 	 0 
165.51		277.589 	 22.8536370303 	 319.656703577 	 0 	 1 	 1 	 0 
157.635		286.102 	 24.6060561791 	 223.43224201 	 1 	 1 	 1 	 0 
153.545		295.285 	 45.0925152919 	 17.9460425819 	 0 	 1 	 1 	 -1 
153.545		304.715 	 14.4990109826 	 286.537915986 	 0 	 0 	 1 	 1 
157.635		313.898 	 21.8611928793 	 317.586043871 	 1 	 1 	 1 	 0 
165.51		322.411 	 50.5490805278 	 219.956023488 	 0 	 1 	 1 	 1 
176.661		330 	 25.173067859 	 217.904598815 	 0 	 1 	 1 	 0 
190.511		336.587 	 40.1555261856 	 142.872652448 	 1 	 1 	 1 	 -1 
181.979		343.898 	 6.21942154932 	 267.958857631 	 1 	 1 	 1 	 1 
176.661		351.787 	 13.3296899563 	 267.831257081 	 1 	 0 	 1 	 1 
174.852		0 	 23.6387697398 	 275.328279746 	 1 	 0 	 1 	 0 
176.661		8.21321 	 4.93579641859 	 292.682365146 	 1 	 1 	 1 	 0 
181.979		16.1021 	 47.6671419966 	 254.733759967 	 0 	 1 	 1 	 0 
190.511		23.4132 	 39.3723030505 	 173.721734788 	 1 	 0 	 1 	 1 
201.845		30 	 37.5017144941 	 188.558090466 	 0 	 0 	 1 	 -1 
181.979		43.8979 	 13.8639318408 	 317.83122285 	 1 	 1 	 1 	 -1 
176.661		51.7868 	 35.9901285277 	 88.638493503 	 1 	 0 	 1 	 0 
174.852		60 	 35.4251217556 	 34.7550859053 	 1 	 1 	 1 	 0 
176.661		68.2132 	 13.2220752991 	 3.58427884593 	 0 	 0 	 1 	 1 
181.979		76.1021 	 27.9345917071 	 230.307499067 	 1 	 0 	 1 	 1 
190.511		83.4132 	 30.0814419907 	 231.983340378 	 0 	 1 	 1 	 1 
201.845		90 	 23.8129325011 	 356.21168021 	 0 	 1 	 1 	 1 
190.511		96.5868 	 30.5154421666 	 270.904220629 	 0 	 1 	 1 	 0 
181.979		103.898 	 10.2586508982 	 229.875067148 	 1 	 1 	 1 	 1 
176.661		111.787 	 2.67740313166 	 313.455245431 	 1 	 1 	 1 	 -1 
174.852		120 	 33.3939384749 	 142.062763635 	 1 	 0 	 1 	 0 
176.661		128.213 	 31.3803583042 	 330.726826139 	 1 	 0 	 1 	 -1 
181.979		136.102 	 23.8586971974 	 249.41758673 	 1 	 0 	 1 	 -1 
190.51		143.413 	 1.81259309054 	 314.821952156 	 1 	 0 	 1 	 1 
201.845		150 	 15.9439776215 	 201.477206173 	 0 	 0 	 1 	 0 
190.511		156.587 	 21.7213679496 	 133.970936821 	 1 	 1 	 1 	 -1 
181.979		163.898 	 23.0474709113 	 248.120518899 	 0 	 0 	 1 	 0 
176.661		171.787 	 0.613299305621 	 271.287203884 	 0 	 0 	 1 	 0 
174.852		180 	 21.7653298146 	 81.233802455 	 1 	 0 	 1 	 1 
176.661		188.213 	 26.2820116863 	 56.8482729178 	 0 	 1 	 1 	 1 
181.979		196.102 	 23.62839081 	 75.5473288263 	 0 	 1 	 1 	 1 
190.511		203.413 	 51.6692443583 	 237.893118907 	 0 	 0 	 1 	 -1 
201.845		210 	 27.202864193 	 79.2046121914 	 1 	 0 	 1 	 -1 
190.51		216.587 	 3.33376783188 	 277.918129305 	 1 	 0 	 1 	 -1 
181.979		223.898 	 0.420459835282 	 165.192450331 	 1 	 1 	 1 	 -1 
176.661		231.787 	 20.522624365 	 220.845249775 	 0 	 1 	 1 	 0 
174.853		240 	 12.9939232466 	 312.983772459 	 0 	 0 	 1 	 0 
176.662		248.213 	 23.1853135732 	 165.065214864 	 1 	 0 	 1 	 1 
181.979		256.102 	 40.8041320122 	 21.5024773582 	 0 	 1 	 1 	 -1 
190.511		263.413 	 5.71196458747 	 312.790294721 	 0 	 0 	 1 	 -1 
190.511		276.587 	 16.1852167895 	 332.954437212 	 0 	 1 	 1 	 0 
181.979		283.898 	 2.40207493207 	 141.82145772 	 1 	 1 	 1 	 1 
176.662		291.787 	 19.435512088 	 61.9522520578 	 1 	 1 	 1 	 -1 
174.853		300 	 13.8330954219 	 194.501007828 	 1 	 0 	 1 	 1 
176.661		308.213 	 42.0147248915 	 177.945491724 	 1 	 1 	 1 	 0 
181.979		316.102 	 15.7100790287 	 261.074622796 	 1 	 0 	 1 	 1 
190.511		323.413 	 47.2058397795 	 301.620559565 	 1 	 1 	 1 	 1 
201.845		330 	 23.0966119738 	 139.335984056 	 1 	 0 	 1 	 1 
215.536		335.818 	 42.710940901 	 299.056267928 	 0 	 0 	 1 	 0 
206.511		342.216 	 25.7687119263 	 98.6517790406 	 1 	 1 	 1 	 -1 
200.265		349.107 	 0.600081446804 	 178.138801585 	 0 	 1 	 1 	 1 
197.068		356.329 	 29.5814081478 	 199.285219053 	 1 	 1 	 1 	 1 
197.068		3.6705 	 4.55301314496 	 295.849403264 	 1 	 0 	 1 	 0 
200.265		10.8934 	 25.4794642141 	 44.9276574105 	 0 	 1 	 1 	 -1 
206.511		17.7836 	 20.3601773538 	 258.760340469 	 1 	 0 	 1 	 0 
215.536		24.1825 	 2.34300947781 	 270.370288118 	 0 	 0 	 1 	 0 
227.007		30 	 34.6872528245 	 27.14455484 	 0 	 0 	 1 	 0 
215.536		35.8175 	 19.8522512093 	 339.107588646 	 0 	 0 	 1 	 0 
206.511		42.2164 	 43.2693850767 	 281.567991025 	 0 	 0 	 1 	 -1 
200.265		49.1066 	 4.58986188803 	 355.981854758 	 0 	 0 	 1 	 -1 
197.068		56.3295 	 37.6256437196 	 334.785284608 	 0 	 1 	 1 	 1 
197.068		63.6705 	 20.9465450806 	 103.514729882 	 0 	 1 	 1 	 1 
200.265		70.8934 	 22.2460171983 	 63.8836479501 	 0 	 0 	 1 	 0 
206.511		77.7836 	 25.3666362278 	 72.3260669135 	 0 	 0 	 1 	 1 
215.536		84.1825 	 45.375983624 	 63.2772202966 	 1 	 0 	 1 	 -1 
227.007		90 	 42.5461999908 	 106.63287865 	 0 	 0 	 1 	 -1 
215.536		95.8175 	 27.4751540139 	 359.260800384 	 1 	 0 	 1 	 -1 
206.511		102.216 	 49.1103796666 	 219.247278479 	 1 	 0 	 1 	 0 
200.265		109.107 	 15.2939471149 	 87.8731780635 	 1 	 0 	 1 	 -1 
197.068		116.33 	 12.3195125234 	 243.796716999 	 1 	 0 	 1 	 1 
197.068		123.671 	 2.203710589 	 239.591421522 	 0 	 0 	 1 	 0 
200.265		130.893 	 8.23552904529 	 218.655657487 	 1 	 1 	 1 	 -1 
206.51		137.784 	 38.6198084802 	 358.790543697 	 1 	 1 	 1 	 0 
215.536		144.182 	 35.6832859307 	 90.0941260119 	 0 	 0 	 1 	 -1 
227.007		150 	 3.71389226504 	 285.546436006 	 0 	 1 	 1 	 0 
215.536		155.818 	 47.0632066614 	 64.6680451414 	 0 	 1 	 1 	 0 
206.511		162.216 	 6.06663577657 	 320.140603326 	 1 	 1 	 1 	 0 
200.266		169.107 	 49.0381590513 	 278.330840724 	 1 	 0 	 1 	 1 
197.068		176.33 	 42.6785406854 	 217.961405086 	 1 	 1 	 1 	 0 
197.068		183.671 	 34.6301393585 	 192.38529024 	 1 	 0 	 1 	 0 
200.266		190.893 	 18.7146578839 	 52.5662205481 	 1 	 1 	 1 	 0 
206.511		197.784 	 27.8209842343 	 100.691196336 	 1 	 1 	 1 	 -1 
215.536		204.182 	 12.9530046892 	 123.755148192 	 1 	 0 	 1 	 1 
227.007		210 	 4.45339271419 	 226.928175888 	 0 	 0 	 1 	 0 
215.536		215.818 	 20.9960939902 	 208.970030427 	 1 	 1 	 1 	 0 
206.51		222.216 	 48.7079717967 	 191.835099608 	 0 	 1 	 1 	 -1 
200.265		229.107 	 43.5914416457 	 358.818866274 	 0 	 0 	 1 	 -1 
197.068		236.329 	 46.4203961794 	 228.832128657 	 0 	 1 	 1 	 0 
197.068		243.671 	 25.6029244109 	 28.183965872 	 1 	 0 	 1 	 1 
200.265		250.893 	 41.1836962805 	 310.666177699 	 0 	 0 	 1 	 0 
206.51		257.784 	 20.2808472129 	 341.169380125 	 0 	 1 	 1 	 -1 
215.536		264.182 	 9.4978979448 	 265.771834577 	 0 	 0 	 1 	 0 
227.007		270 	 47.6611047229 	 287.445386447 	 0 	 1 	 1 	 0 
215.536		275.818 	 12.8745813411 	 262.86886509 	 0 	 1 	 1 	 1 
206.51		282.216 	 38.8257987053 	 300.225185407 	 1 	 1 	 1 	 -1 
200.265		289.107 	 44.464441556 	 71.9248074207 	 0 	 0 	 1 	 1 
197.068		296.329 	 42.6230702663 	 271.885891338 	 0 	 1 	 1 	 -1 
197.068		303.67 	 18.7918264991 	 122.378861666 	 1 	 1 	 1 	 1 
200.265		310.893 	 23.3113326485 	 174.329465342 	 0 	 0 	 1 	 1 
206.511		317.784 	 9.46744344703 	 246.733006275 	 0 	 1 	 1 	 0 
227.008		330 	 51.2557274364 	 242.735123975 	 0 	 0 	 1 	 0 
240.57		335.209 	 6.93512148131 	 140.642212413 	 1 	 1 	 1 	 -1 
231.161		340.893 	 13.2742854436 	 294.693264483 	 1 	 1 	 1 	 0 
224.195		346.996 	 21.9867769384 	 60.5091094819 	 0 	 0 	 1 	 -1 
219.909		353.413 	 15.9053609552 	 280.249212071 	 1 	 1 	 1 	 -1 
218.461		0 	 25.2904675488 	 151.019316795 	 1 	 0 	 1 	 0 
219.909		6.58678 	 33.2783810534 	 105.07854087 	 1 	 1 	 1 	 0 
224.195		13.0039 	 22.8303775471 	 167.126731601 	 1 	 0 	 1 	 0 
231.161		19.1066 	 32.57345408 	 330.511805979 	 0 	 0 	 1 	 -1 
240.57		24.7913 	 50.7496504822 	 235.014581268 	 1 	 1 	 1 	 1 
252.146		30 	 21.4045287018 	 265.939725312 	 0 	 1 	 1 	 1 
240.57		35.2087 	 31.5302975723 	 182.056534035 	 1 	 0 	 1 	 0 
231.161		40.8934 	 2.23428480315 	 276.334292699 	 1 	 0 	 1 	 1 
224.195		46.9961 	 29.1696303134 	 5.28031885508 	 1 	 0 	 1 	 1 
219.909		53.4132 	 2.50427319956 	 261.744983287 	 0 	 0 	 1 	 -1 
218.461		60 	 20.1795137053 	 36.5241388201 	 0 	 1 	 1 	 0 
219.909		66.5868 	 48.101617059 	 306.918726267 	 0 	 1 	 1 	 1 
224.195		73.0039 	 33.3206601201 	 148.58426227 	 1 	 0 	 1 	 -1 
231.161		79.1066 	 23.5236604361 	 96.8685509143 	 0 	 1 	 1 	 -1 
240.57		84.7913 	 18.43706625 	 273.560813959 	 0 	 0 	 1 	 -1 
240.57		95.2087 	 28.3065566204 	 351.469865442 	 1 	 1 	 1 	 -1 
231.161		100.893 	 46.7409704166 	 325.474980326 	 1 	 1 	 1 	 0 
224.195		106.996 	 3.93138957372 	 82.501607671 	 1 	 0 	 1 	 -1 
219.909		113.413 	 22.0839574493 	 347.29176111 	 1 	 1 	 1 	 -1 
218.461		120 	 48.2489661935 	 294.468789351 	 1 	 0 	 1 	 -1 
219.909		126.587 	 1.83824716189 	 124.716040164 	 0 	 0 	 1 	 1 
224.195		133.004 	 9.97495130467 	 54.0173635511 	 1 	 0 	 1 	 -1 
231.161		139.107 	 1.67959759853 	 68.9296976546 	 1 	 1 	 1 	 -1 
252.146		150 	 10.9729895471 	 281.0257832 	 0 	 1 	 1 	 0 
240.57		155.209 	 48.5441116102 	 14.660872034 	 0 	 1 	 1 	 -1 
231.16		160.893 	 9.91940761689 	 34.9794580696 	 0 	 0 	 1 	 1 
224.196		166.996 	 42.645074066 	 318.195290947 	 0 	 1 	 1 	 1 
219.909		173.413 	 21.7549162049 	 352.396894591 	 0 	 1 	 1 	 -1 
218.461		180 	 17.4260787338 	 262.197338042 	 0 	 1 	 1 	 -1 
219.909		186.587 	 20.5164384102 	 225.744545051 	 1 	 0 	 1 	 1 
224.196		193.004 	 12.3881796897 	 208.984614774 	 0 	 0 	 1 	 1 
231.16		199.107 	 6.18546107533 	 81.2469304536 	 0 	 0 	 1 	 0 
240.57		204.791 	 35.7005105072 	 322.852874393 	 0 	 1 	 1 	 -1 
252.146		210 	 4.62447157873 	 162.951567743 	 1 	 1 	 1 	 1 
240.57		215.209 	 30.644881517 	 116.438005441 	 0 	 1 	 1 	 1 
231.161		220.893 	 25.7374091081 	 299.26314699 	 0 	 0 	 1 	 -1 
224.196		226.996 	 26.6681868931 	 231.256336725 	 1 	 1 	 1 	 -1 
219.909		233.413 	 10.9811036791 	 250.977668151 	 0 	 1 	 1 	 -1 
218.461		240 	 24.0753160717 	 348.947679439 	 0 	 0 	 1 	 1 
219.909		246.587 	 31.6081952731 	 37.9520856841 	 0 	 1 	 1 	 1 
224.195		253.004 	 3.50941837062 	 284.922613466 	 0 	 0 	 1 	 0 
231.16		259.107 	 28.6343534614 	 176.879075352 	 0 	 1 	 1 	 1 
240.57		264.791 	 22.1340482375 	 16.0125240052 	 0 	 0 	 1 	 -1 
252.146		270 	 18.6390056282 	 108.226261857 	 1 	 1 	 1 	 -1 
240.57		275.209 	 46.3691241546 	 347.821231714 	 1 	 0 	 1 	 -1 
231.16		280.893 	 14.0832486484 	 282.808383767 	 0 	 1 	 1 	 -1 
224.195		286.996 	 23.8510799682 	 174.836982322 	 0 	 0 	 1 	 0 
219.909		293.413 	 30.3057072383 	 351.072062763 	 0 	 1 	 1 	 -1 
218.461		300 	 6.44409828473 	 121.937389924 	 1 	 1 	 1 	 -1 
219.909		306.587 	 2.42828308566 	 291.772195388 	 1 	 0 	 1 	 1 
224.196		313.004 	 13.9834623485 	 163.02351033 	 1 	 0 	 1 	 -1 
231.161		319.107 	 34.9300549724 	 185.756517787 	 0 	 0 	 1 	 -1 
240.57		324.791 	 3.48474643646 	 282.146119749 	 0 	 1 	 1 	 -1 
252.146		330 	 9.66428943042 	 187.927982099 	 0 	 0 	 1 	 -1 
265.601		334.715 	 3.94853199963 	 279.444060101 	 0 	 0 	 1 	 0 
255.886		339.826 	 20.022143956 	 284.177323146 	 0 	 1 	 1 	 -1 
248.348		345.295 	 14.8293310296 	 130.529088903 	 0 	 0 	 1 	 1 
243.191		351.052 	 40.6569305848 	 192.008159498 	 1 	 0 	 1 	 -1 
240.57		356.996 	 11.2153767817 	 229.133454679 	 1 	 0 	 1 	 1 
240.57		3.00449 	 47.0209974163 	 234.491478134 	 0 	 0 	 1 	 0 
243.191		8.94827 	 49.9856134043 	 300.232575618 	 0 	 1 	 1 	 -1 
248.348		14.7047 	 13.3955557324 	 348.230273303 	 1 	 1 	 1 	 0 
255.886		20.1736 	 36.2354830732 	 175.748584508 	 0 	 1 	 1 	 1 
265.601		25.285 	 23.393110613 	 246.161898126 	 0 	 1 	 1 	 -1 
277.258		30 	 37.0133860836 	 29.5051995083 	 1 	 0 	 1 	 -1 
265.601		34.715 	 35.035228275 	 112.523438886 	 0 	 0 	 1 	 -1 
255.887		39.8264 	 38.6685566598 	 56.5645460366 	 0 	 0 	 1 	 -1 
248.348		45.2953 	 52.2080851002 	 306.996861469 	 1 	 0 	 1 	 0 
243.191		51.0517 	 6.25189893935 	 155.34416702 	 1 	 0 	 1 	 0 
240.57		56.9955 	 23.0521608572 	 315.070584855 	 1 	 1 	 1 	 0 
240.57		63.0045 	 11.9459025178 	 9.99284898625 	 0 	 0 	 1 	 1 
243.191		68.9483 	 42.1632901436 	 245.517568819 	 0 	 0 	 1 	 0 
248.348		74.7047 	 25.7049821131 	 109.672886318 	 1 	 0 	 1 	 0 
255.887		80.1736 	 34.8580721297 	 34.1038512048 	 1 	 1 	 1 	 -1 
265.601		85.285 	 46.5246041517 	 230.881718921 	 1 	 1 	 1 	 -1 
277.257		90 	 32.8080741828 	 209.914495893 	 1 	 1 	 1 	 1 
265.601		94.715 	 13.0990088895 	 196.646230745 	 0 	 1 	 1 	 -1 
255.887		99.8264 	 2.86013545877 	 352.721934267 	 0 	 0 	 1 	 -1 
248.348		105.295 	 4.06708713835 	 290.815491048 	 1 	 0 	 1 	 -1 
243.191		111.052 	 10.8025390292 	 286.751346453 	 1 	 1 	 1 	 -1 
240.57		116.996 	 38.1352069493 	 70.6104084485 	 0 	 1 	 1 	 0 
240.57		123.005 	 40.4603437906 	 131.788100085 	 1 	 1 	 1 	 -1 
243.191		128.948 	 44.4888966823 	 228.646125382 	 1 	 0 	 1 	 1 
248.348		134.705 	 37.8302470253 	 212.07288287 	 0 	 0 	 1 	 -1 
255.887		140.174 	 40.6786997883 	 59.1125381323 	 1 	 1 	 1 	 0 
265.6		145.285 	 16.9259238618 	 239.274266233 	 0 	 0 	 1 	 1 
277.257		150 	 35.7632758453 	 293.444996752 	 1 	 0 	 1 	 -1 
265.601		154.715 	 8.0931164501 	 44.5015737564 	 0 	 0 	 1 	 0 
255.886		159.826 	 33.9741119826 	 81.1123220816 	 0 	 1 	 1 	 0 
248.348		165.295 	 22.9949904203 	 12.9103179205 	 1 	 1 	 1 	 -1 
243.191		171.052 	 11.3471358323 	 300.861023361 	 1 	 0 	 1 	 -1 
240.57		176.996 	 28.068378157 	 181.482609298 	 0 	 0 	 1 	 1 
240.57		183.005 	 6.58234797849 	 254.79936047 	 0 	 1 	 1 	 1 
243.191		188.948 	 12.565970822 	 301.829940203 	 1 	 0 	 1 	 1 
248.348		194.705 	 34.5455087683 	 205.674667662 	 1 	 1 	 1 	 1 
255.886		200.174 	 9.74935752878 	 358.924501596 	 0 	 1 	 1 	 0 
265.601		205.285 	 34.7088595808 	 289.474010618 	 1 	 0 	 1 	 0 
277.258		210 	 32.6350507237 	 117.195526392 	 1 	 1 	 1 	 -1 
265.6		214.715 	 34.0468653322 	 213.975712825 	 0 	 1 	 1 	 0 
255.887		219.826 	 16.8430182491 	 197.250732395 	 0 	 1 	 1 	 1 
248.348		225.295 	 19.7228100549 	 344.354246205 	 0 	 0 	 1 	 -1 
243.191		231.052 	 20.6115472089 	 198.766326234 	 0 	 1 	 1 	 1 
240.57		236.995 	 9.23275507681 	 347.05958365 	 1 	 0 	 1 	 1 
240.57		243.004 	 48.4737165715 	 268.792425255 	 0 	 0 	 1 	 1 
243.19		248.948 	 17.5845114125 	 313.371672445 	 0 	 1 	 1 	 0 
248.348		254.705 	 6.60939134665 	 222.702226662 	 0 	 1 	 1 	 -1 
255.886		260.174 	 3.94661567329 	 298.403758665 	 1 	 0 	 1 	 1 
265.601		265.285 	 31.8593287454 	 98.7196936194 	 0 	 1 	 1 	 1 
277.258		270 	 21.9755029744 	 208.499504529 	 0 	 0 	 1 	 1 
265.601		274.715 	 38.6239237475 	 176.968326158 	 0 	 1 	 1 	 0 
255.886		279.826 	 39.2118710941 	 254.216117545 	 0 	 1 	 1 	 -1 
248.348		285.295 	 20.500101165 	 298.977133107 	 0 	 1 	 1 	 1 
243.19		291.052 	 38.3160706156 	 243.894999844 	 1 	 0 	 1 	 -1 
240.57		296.996 	 44.5767714959 	 241.02742394 	 1 	 0 	 1 	 0 
240.57		303.004 	 46.451327167 	 35.7855622321 	 1 	 0 	 1 	 -1 
243.191		308.948 	 7.63279728473 	 275.527809676 	 1 	 0 	 1 	 1 
248.348		314.705 	 14.9504383895 	 348.730878429 	 0 	 1 	 1 	 -1 
255.886		320.174 	 32.1239078453 	 327.037102725 	 0 	 0 	 1 	 1 
265.6		325.285 	 32.602216219 	 353.135018585 	 0 	 1 	 1 	 1 
277.258		330 	 11.0217166641 	 272.398561931 	 1 	 1 	 1 	 0 
290.619		334.307 	 39.4579529906 	 208.099470492 	 0 	 0 	 1 	 0 
280.659		338.948 	 30.5627762554 	 205.019725337 	 1 	 0 	 1 	 -1 
272.656		343.898 	 25.0352391833 	 118.249334797 	 1 	 0 	 1 	 -1 
266.79		349.107 	 30.1556008634 	 238.929484462 	 1 	 1 	 1 	 1 
263.206		354.504 	 32.8703911668 	 286.299216506 	 0 	 1 	 1 	 0 
262.001		0 	 3.25062478924 	 285.355948153 	 1 	 0 	 1 	 0 
263.206		5.49637 	 4.78519926833 	 312.423666187 	 1 	 1 	 1 	 0 
266.79		10.8934 	 17.6874693222 	 148.622313589 	 0 	 0 	 1 	 -1 
272.656		16.1021 	 43.8598636982 	 339.270434189 	 0 	 0 	 1 	 -1 
280.659		21.0517 	 47.2853931294 	 191.243875849 	 1 	 1 	 1 	 0 
290.619		25.6934 	 23.6201099191 	 124.671632136 	 1 	 1 	 1 	 0 
302.34		30 	 27.0116036829 	 184.428737944 	 0 	 1 	 1 	 -1 
290.619		34.3066 	 30.7461287564 	 9.4453351144 	 1 	 1 	 1 	 1 
280.659		38.9483 	 15.1234701442 	 207.843300478 	 1 	 1 	 1 	 0 
272.656		43.8979 	 32.0709925626 	 345.220967309 	 1 	 1 	 1 	 -1 
266.789		49.1066 	 19.1105254804 	 76.8609756158 	 0 	 1 	 1 	 0 
263.206		54.5036 	 12.0761751019 	 173.003699918 	 0 	 0 	 1 	 -1 
262.001		60 	 24.0284780646 	 158.806515029 	 0 	 1 	 1 	 -1 
263.206		65.4964 	 4.01998171464 	 179.836885443 	 1 	 0 	 1 	 1 
266.79		70.8934 	 25.1596791209 	 44.2266377994 	 1 	 0 	 1 	 0 
272.656		76.1021 	 4.07803840172 	 286.472749627 	 0 	 1 	 1 	 1 
280.659		81.0517 	 31.8552707536 	 337.26945395 	 0 	 1 	 1 	 -1 
290.619		85.6934 	 3.3779911786 	 21.0248491251 	 1 	 1 	 1 	 0 
302.34		90 	 15.3464844099 	 185.081110048 	 1 	 0 	 1 	 0 
290.619		94.3066 	 3.76944590287 	 118.574164557 	 1 	 1 	 1 	 1 
280.659		98.9483 	 20.1725597088 	 60.0121225567 	 1 	 1 	 1 	 -1 
272.655		103.898 	 36.1229118101 	 234.760691746 	 0 	 1 	 1 	 -1 
266.79		109.107 	 32.7790756281 	 231.483515227 	 0 	 0 	 1 	 0 
263.206		114.504 	 34.1154327784 	 347.813051098 	 1 	 0 	 1 	 0 
262		120 	 33.1589956313 	 318.778811573 	 1 	 0 	 1 	 1 
263.206		125.496 	 35.2670338723 	 309.618570082 	 1 	 0 	 1 	 -1 
266.79		130.893 	 26.6528771413 	 314.072841392 	 1 	 1 	 1 	 1 
272.655		136.102 	 15.0702479935 	 69.0054486681 	 1 	 0 	 1 	 0 
280.659		141.052 	 40.7447220595 	 300.156162968 	 1 	 0 	 1 	 1 
290.619		145.693 	 44.6673462464 	 71.9852614687 	 0 	 0 	 1 	 0 
302.34		150 	 44.3263038837 	 320.321571447 	 0 	 0 	 1 	 1 
290.619		154.307 	 19.5083230994 	 229.701473487 	 1 	 0 	 1 	 -1 
280.659		158.948 	 41.100375113 	 33.5471464824 	 1 	 1 	 1 	 1 
272.656		163.898 	 14.1430722048 	 30.373153265 	 1 	 0 	 1 	 -1 
266.789		169.107 	 44.6524087332 	 285.349403712 	 0 	 1 	 1 	 -1 
263.206		174.504 	 6.84137135385 	 135.993975232 	 1 	 0 	 1 	 1 
262.001		180 	 9.59265713003 	 99.3366469266 	 1 	 0 	 1 	 -1 
263.206		185.496 	 29.7968703729 	 270.474818269 	 0 	 0 	 1 	 -1 
266.789		190.893 	 12.4662669012 	 99.8612327301 	 0 	 1 	 1 	 -1 
272.656		196.102 	 11.7014245838 	 206.737792407 	 0 	 1 	 1 	 1 
280.659		201.052 	 1.59414741062 	 237.410835094 	 1 	 0 	 1 	 1 
290.619		205.693 	 10.929552796 	 355.283695383 	 0 	 0 	 1 	 -1 
302.34		210 	 15.3295909619 	 223.560944156 	 0 	 0 	 1 	 -1 
290.619		214.307 	 34.0740421299 	 359.635767528 	 0 	 0 	 1 	 1 
280.658		218.948 	 2.34246368943 	 308.500122033 	 0 	 0 	 1 	 1 
272.656		223.898 	 18.0639924396 	 200.700082998 	 1 	 0 	 1 	 0 
266.79		229.107 	 32.0560399218 	 40.7369514257 	 1 	 0 	 1 	 0 
263.206		234.504 	 24.8607437155 	 70.4266677807 	 0 	 1 	 1 	 1 
262		240 	 12.3572132549 	 341.065213336 	 1 	 1 	 1 	 1 
263.206		245.496 	 5.4254636668 	 42.6034418743 	 0 	 0 	 1 	 0 
266.789		250.893 	 4.73171963729 	 72.0830940386 	 1 	 0 	 1 	 -1 
272.656		256.102 	 38.9158899583 	 174.720581853 	 0 	 0 	 1 	 1 
280.659		261.052 	 47.2166244279 	 231.427823639 	 0 	 1 	 1 	 1 
290.62		265.693 	 41.2284480934 	 217.9266184 	 0 	 0 	 1 	 0 
302.34		270 	 7.39976870804 	 166.09176888 	 1 	 0 	 1 	 0 
290.62		274.307 	 14.78264656 	 231.707897269 	 1 	 0 	 1 	 -1 
280.659		278.948 	 47.3314884285 	 144.982161774 	 1 	 0 	 1 	 0 
272.656		283.898 	 28.9920036721 	 165.366037198 	 1 	 0 	 1 	 0 
266.789		289.107 	 33.4483285407 	 44.3215879357 	 1 	 1 	 1 	 1 
263.206		294.504 	 46.5559270166 	 314.761862674 	 0 	 0 	 1 	 0 
262		300 	 23.4957301587 	 142.529718858 	 0 	 0 	 1 	 0 
263.206		305.496 	 20.2641942311 	 130.097277861 	 0 	 0 	 1 	 -1 
266.79		310.893 	 3.29702322525 	 302.727505016 	 1 	 1 	 1 	 1 
272.656		316.102 	 43.3736198983 	 228.812120282 	 1 	 0 	 1 	 0 
280.659		321.052 	 9.86939616577 	 222.195455382 	 1 	 1 	 1 	 1 
290.619		325.693 	 6.82488720938 	 55.4162401601 	 1 	 0 	 1 	 1 
302.34		330 	 41.8679434948 	 319.302095224 	 1 	 0 	 1 	 0 
315.62		333.963 	 33.9249451038 	 299.566248691 	 0 	 0 	 1 	 1 
305.457		338.213 	 15.3159804081 	 187.770137321 	 0 	 0 	 1 	 0 
297.071		342.731 	 15.9549236681 	 3.94087505546 	 1 	 1 	 1 	 -1 
290.619		347.48 	 9.64090298772 	 64.1068930467 	 0 	 1 	 1 	 1 
286.236		352.411 	 35.0554293536 	 327.471040479 	 1 	 1 	 1 	 -1 
284.018		357.457 	 50.0829393951 	 276.41851617 	 0 	 1 	 1 	 0 
284.018		2.54292 	 15.4212059475 	 343.627185728 	 0 	 0 	 1 	 -1 
286.236		7.58909 	 41.6889381804 	 94.570779521 	 1 	 1 	 1 	 -1 
290.619		12.5198 	 14.7225280092 	 187.718978985 	 1 	 1 	 1 	 1 
297.071		17.2695 	 12.4119947129 	 206.98304378 	 0 	 1 	 1 	 1 
305.457		21.7868 	 9.62271570514 	 339.068341444 	 1 	 0 	 1 	 -1 
315.62		26.0368 	 9.1100406108 	 120.192392313 	 0 	 0 	 1 	 1 
327.39		30 	 40.0508062315 	 237.733553961 	 0 	 0 	 1 	 -1 
305.457		38.2132 	 35.7572539882 	 18.5175762685 	 0 	 1 	 1 	 -1 
297.071		42.7305 	 33.7676838157 	 150.096450129 	 1 	 0 	 1 	 0 
290.619		47.4802 	 41.3344946419 	 308.860631625 	 0 	 0 	 1 	 0 
286.236		52.4109 	 13.0338171203 	 22.4504005359 	 1 	 1 	 1 	 -1 
284.018		57.4571 	 30.5985413422 	 288.113814549 	 0 	 1 	 1 	 0 
284.018		62.5429 	 25.5785062689 	 206.844757758 	 1 	 0 	 1 	 1 
286.236		67.5891 	 16.1665481529 	 65.5381620317 	 1 	 0 	 1 	 0 
290.619		72.5198 	 9.33855414766 	 275.028273056 	 1 	 0 	 1 	 -1 
297.071		77.2695 	 35.6344343259 	 139.222447595 	 0 	 0 	 1 	 1 
305.457		81.7868 	 32.4205959078 	 281.942722706 	 1 	 0 	 1 	 -1 
315.62		86.0368 	 27.4968023206 	 322.637956726 	 0 	 0 	 1 	 1 
327.39		90 	 38.2968858319 	 350.539741456 	 0 	 0 	 1 	 0 
315.62		93.9632 	 52.3336923518 	 287.704170457 	 0 	 0 	 1 	 0 
305.457		98.2132 	 41.3744561955 	 218.566880471 	 0 	 1 	 1 	 1 
297.071		102.731 	 39.095970742 	 74.0426282351 	 0 	 0 	 1 	 -1 
290.619		107.48 	 47.2705616608 	 31.5630208905 	 1 	 1 	 1 	 -1 
286.236		112.411 	 34.6918814216 	 12.9747316502 	 1 	 0 	 1 	 1 
284.018		117.457 	 41.6013406618 	 172.248057397 	 1 	 0 	 1 	 1 
284.018		122.543 	 38.9956269547 	 340.30038669 	 1 	 1 	 1 	 1 
286.236		127.589 	 19.4614010572 	 190.662548338 	 1 	 1 	 1 	 -1 
290.62		132.52 	 49.2074297204 	 23.8336016558 	 0 	 1 	 1 	 -1 
297.071		137.269 	 48.2860937148 	 334.424261178 	 0 	 0 	 1 	 -1 
305.457		141.787 	 44.0579333742 	 7.55278804897 	 0 	 0 	 1 	 -1 
315.62		146.037 	 35.8206207091 	 66.4950281361 	 0 	 0 	 1 	 -1 
327.39		150 	 26.839842645 	 306.289674978 	 1 	 0 	 1 	 0 
315.619		153.963 	 21.8954426721 	 272.879636773 	 1 	 0 	 1 	 0 
305.457		158.213 	 41.8088825887 	 266.990227768 	 1 	 1 	 1 	 1 
297.071		162.731 	 35.1346913583 	 25.4993837738 	 1 	 1 	 1 	 -1 
290.62		167.48 	 40.0805414516 	 163.730852099 	 0 	 1 	 1 	 1 
286.236		172.411 	 14.9616557485 	 316.022156347 	 0 	 0 	 1 	 0 
284.019		177.457 	 14.5047798887 	 115.371849689 	 0 	 0 	 1 	 -1 
284.019		182.543 	 30.3644895037 	 354.24928925 	 1 	 1 	 1 	 -1 
286.236		187.589 	 30.7528962294 	 286.6727863 	 1 	 0 	 1 	 1 
290.62		192.52 	 7.11964256749 	 21.4748791289 	 1 	 0 	 1 	 0 
297.071		197.269 	 11.4930412325 	 14.8080080039 	 0 	 1 	 1 	 -1 
305.457		201.787 	 3.4176940648 	 271.093697497 	 0 	 0 	 1 	 -1 
315.62		206.037 	 17.2731574442 	 69.4077347294 	 0 	 1 	 1 	 0 
327.39		210 	 46.7599167169 	 164.726105891 	 0 	 1 	 1 	 1 
315.62		213.963 	 16.3651803743 	 154.588903523 	 0 	 1 	 1 	 0 
305.457		218.213 	 26.8860087194 	 318.772137389 	 0 	 0 	 1 	 1 
297.071		222.731 	 31.0498505693 	 333.680234573 	 1 	 1 	 1 	 -1 
290.619		227.48 	 12.2773908015 	 282.473184785 	 1 	 1 	 1 	 -1 
286.236		232.411 	 49.0619355298 	 232.054429172 	 0 	 1 	 1 	 0 
284.018		237.457 	 13.1057167174 	 13.7675496435 	 1 	 1 	 1 	 0 
284.019		242.543 	 28.6786610649 	 232.917224554 	 0 	 0 	 1 	 1 
286.236		247.589 	 19.2000894891 	 9.61510467204 	 1 	 1 	 1 	 0 
290.62		252.52 	 23.6428414212 	 59.3309641145 	 1 	 1 	 1 	 0 
297.071		257.269 	 18.6037323515 	 274.893413846 	 0 	 0 	 1 	 0 
305.457		261.787 	 41.1183398465 	 299.902409694 	 0 	 0 	 1 	 -1 
315.62		266.037 	 22.2817472965 	 307.19130011 	 0 	 0 	 1 	 -1 
327.39		270 	 18.7407484231 	 79.1167998238 	 1 	 0 	 1 	 -1 
315.62		273.963 	 44.4746085519 	 189.725136816 	 0 	 1 	 1 	 -1 
305.457		278.213 	 40.1261101992 	 3.09021690745 	 1 	 0 	 1 	 0 
297.071		282.731 	 8.61506398073 	 17.3865852045 	 1 	 1 	 1 	 -1 
290.62		287.48 	 17.7436518256 	 24.4458749587 	 0 	 0 	 1 	 1 
286.236		292.411 	 37.8730674942 	 176.94919239 	 0 	 0 	 1 	 -1 
284.019		297.457 	 33.1193626322 	 340.035505125 	 1 	 1 	 1 	 -1 
284.018		302.543 	 15.8605648065 	 324.973902596 	 1 	 0 	 1 	 -1 
286.236		307.589 	 29.6829344572 	 234.494362738 	 1 	 1 	 1 	 1 
290.619		312.52 	 11.3050496626 	 310.774660684 	 1 	 0 	 1 	 1 
297.071		317.269 	 4.5072299633 	 139.400015572 	 1 	 0 	 1 	 1 
305.457		321.787 	 17.8187148126 	 161.609923392 	 0 	 1 	 1 	 1 
327.39		330 	 30.3027868077 	 214.99784635 	 1 	 0 	 1 	 1 
340.597		333.67 	 43.9911428911 	 348.243518751 	 1 	 1 	 1 	 -1 
330.266		337.589 	 11.405400221 	 103.005327071 	 0 	 1 	 1 	 -1 
321.56		341.742 	 15.9319048116 	 166.4056449 	 0 	 0 	 1 	 -1 
314.619		346.102 	 35.708676113 	 302.678035655 	 0 	 1 	 1 	 1 
309.563		350.633 	 8.1781288265 	 4.10417311296 	 1 	 1 	 1 	 -1 
306.489		355.285 	 2.29439929005 	 289.522121832 	 0 	 1 	 1 	 -1 
305.457		0 	 33.7488801409 	 153.224853805 	 1 	 0 	 1 	 -1 
306.489		4.715 	 47.2153749495 	 237.125422109 	 0 	 1 	 1 	 0 
309.563		9.367 	 37.5853154853 	 114.735180132 	 1 	 1 	 1 	 -1 
314.619		13.8979 	 32.7735579976 	 296.768952651 	 1 	 0 	 1 	 1 
321.56		18.2585 	 40.0438024467 	 287.886882144 	 0 	 0 	 1 	 -1 
330.266		22.4109 	 13.0558277444 	 141.348688948 	 1 	 1 	 1 	 -1 
340.597		26.3295 	 45.5143914589 	 14.2403341187 	 0 	 0 	 1 	 0 
352.406		30 	 24.0467738544 	 269.327604655 	 0 	 0 	 1 	 -1 
340.597		33.6705 	 17.1858016216 	 20.2194708397 	 1 	 0 	 1 	 1 
330.266		37.5891 	 15.0416561778 	 1.28903020312 	 0 	 1 	 1 	 -1 
321.56		41.7415 	 27.4185298411 	 246.36834131 	 0 	 0 	 1 	 -1 
314.619		46.1021 	 43.0881758146 	 174.568202891 	 0 	 0 	 1 	 -1 
309.563		50.633 	 5.35076570574 	 267.460619316 	 1 	 1 	 1 	 0 
306.489		55.285 	 16.7458355773 	 245.548001939 	 0 	 0 	 1 	 1 
305.457		60 	 46.736173519 	 352.882352237 	 1 	 1 	 1 	 1 
306.489		64.715 	 20.4521706094 	 275.429193662 	 1 	 1 	 1 	 -1 
309.563		69.367 	 13.3520180754 	 353.55810989 	 1 	 1 	 1 	 -1 
314.619		73.8979 	 46.8248293616 	 151.88289969 	 0 	 0 	 1 	 -1 
321.56		78.2585 	 2.59230135913 	 249.139013069 	 0 	 0 	 1 	 1 
330.266		82.4109 	 29.9196048124 	 156.939510525 	 0 	 0 	 1 	 -1 
340.597		86.3295 	 15.3206642595 	 104.035968191 	 1 	 1 	 1 	 -1 
352.406		90 	 23.136815791 	 236.135332502 	 1 	 0 	 1 	 1 
340.597		93.6705 	 46.1542435947 	 166.95452821 	 1 	 1 	 1 	 0 
330.266		97.5891 	 37.3982798211 	 217.931645876 	 0 	 0 	 1 	 -1 
321.56		101.742 	 16.1605745595 	 183.708602079 	 0 	 1 	 1 	 1 
314.619		106.102 	 38.9477555981 	 269.30943721 	 0 	 0 	 1 	 0 
309.563		110.633 	 45.0048894617 	 257.140058181 	 0 	 1 	 1 	 -1 
306.489		115.285 	 24.0329688152 	 133.065001317 	 0 	 0 	 1 	 0 
305.457		120 	 32.4238121114 	 212.482172906 	 1 	 1 	 1 	 1 
306.489		124.715 	 44.6878873142 	 181.436360415 	 0 	 0 	 1 	 0 
309.563		129.367 	 19.7368999708 	 298.516715157 	 0 	 1 	 1 	 1 
314.619		133.898 	 25.3181589524 	 356.544983081 	 1 	 1 	 1 	 1 
321.56		138.258 	 8.50317943712 	 278.396971103 	 0 	 1 	 1 	 1 
330.266		142.411 	 10.9791838729 	 194.344133044 	 1 	 1 	 1 	 1 
340.597		146.329 	 26.2627874139 	 135.818036893 	 0 	 1 	 1 	 0 
352.406		150 	 42.0228117177 	 259.137565652 	 0 	 1 	 1 	 0 
340.597		153.671 	 23.03931601 	 92.7296651363 	 1 	 0 	 1 	 0 
330.266		157.589 	 3.90147405456 	 350.403408248 	 1 	 0 	 1 	 0 
321.561		161.742 	 43.3359092031 	 48.7232622541 	 0 	 1 	 1 	 1 
314.618		166.102 	 43.1212587435 	 353.926124915 	 0 	 0 	 1 	 -1 
309.563		170.633 	 19.3496965439 	 226.65191774 	 0 	 1 	 1 	 0 
306.488		175.285 	 20.3929089243 	 33.4793354822 	 0 	 0 	 1 	 -1 
305.457		180 	 40.0446489492 	 100.555226071 	 1 	 0 	 1 	 0 
306.488		184.715 	 26.1312735461 	 32.3404486287 	 0 	 1 	 1 	 -1 
309.563		189.367 	 42.5105439745 	 144.559443986 	 1 	 0 	 1 	 1 
314.618		193.898 	 13.3967245484 	 140.450640516 	 0 	 0 	 1 	 -1 
321.561		198.258 	 43.8414865343 	 240.062535624 	 1 	 1 	 1 	 0 
330.266		202.411 	 43.5550692025 	 287.518625979 	 0 	 1 	 1 	 -1 
340.597		206.329 	 37.1176155564 	 227.333875344 	 0 	 0 	 1 	 0 
352.406		210 	 36.4340287356 	 4.1290506805 	 0 	 0 	 1 	 -1 
330.266		217.589 	 6.9747933784 	 318.591886352 	 1 	 1 	 1 	 1 
321.56		221.742 	 12.2650827921 	 290.431311787 	 0 	 1 	 1 	 -1 
314.619		226.102 	 28.5208253161 	 103.944961153 	 1 	 1 	 1 	 0 
309.563		230.633 	 46.0887704374 	 207.315450291 	 0 	 0 	 1 	 0 
306.489		235.285 	 34.1347204301 	 303.164945486 	 1 	 1 	 1 	 0 
305.456		240 	 22.8610996905 	 177.652071251 	 0 	 0 	 1 	 -1 
306.488		244.715 	 44.979519044 	 178.93768636 	 0 	 0 	 1 	 0 
309.563		249.367 	 36.6585659647 	 54.6740766886 	 1 	 0 	 1 	 1 
314.619		253.898 	 4.52910443024 	 273.66105166 	 1 	 0 	 1 	 0 
321.56		258.258 	 30.0076907075 	 38.0394701669 	 1 	 1 	 1 	 1 
330.266		262.411 	 48.1060019353 	 47.8824079842 	 1 	 0 	 1 	 0 
340.597		266.33 	 12.6968816085 	 327.385154374 	 1 	 1 	 1 	 0 
340.597		273.671 	 20.1318904682 	 202.994902927 	 0 	 0 	 1 	 1 
330.266		277.589 	 15.6429412987 	 320.366910081 	 0 	 0 	 1 	 -1 
321.56		281.742 	 29.8535916022 	 160.67712781 	 0 	 1 	 1 	 -1 
314.619		286.102 	 35.9353479924 	 87.9270850981 	 0 	 1 	 1 	 0 
309.563		290.633 	 15.7993721596 	 177.824444425 	 0 	 1 	 1 	 -1 
306.488		295.285 	 29.1956920674 	 273.589669235 	 0 	 1 	 1 	 0 
305.457		300 	 24.62936912 	 10.2014421231 	 1 	 1 	 1 	 1 
306.489		304.715 	 47.0746150136 	 240.296819387 	 0 	 1 	 1 	 0 
309.563		309.367 	 46.2945196063 	 318.205883041 	 1 	 0 	 1 	 0 
314.619		313.898 	 32.9986899406 	 325.247930117 	 0 	 0 	 1 	 -1 
321.56		318.258 	 12.626510867 	 267.142881983 	 1 	 1 	 1 	 0 
330.266		322.411 	 3.61009001682 	 167.347506321 	 1 	 1 	 1 	 0 
340.597		326.33 	 13.7909132138 	 287.572115428 	 1 	 1 	 1 	 1 
352.406		330 	 25.8415160781 	 256.29853919 	 0 	 0 	 1 	 1 
365.546		333.418 	 43.8883413087 	 330.794580719 	 1 	 1 	 1 	 1 
355.074		337.053 	 18.1049014368 	 273.599539407 	 0 	 0 	 1 	 0 
346.099		340.893 	 3.60179318335 	 278.547464107 	 0 	 1 	 1 	 0 
338.742		344.921 	 38.5424281382 	 339.379955898 	 1 	 1 	 1 	 0 
333.116		349.107 	 42.5028355594 	 145.431304557 	 1 	 1 	 1 	 1 
329.31		353.413 	 39.3346840292 	 57.4553247447 	 0 	 0 	 1 	 1 
327.39		357.796 	 29.470006251 	 279.968544534 	 1 	 1 	 1 	 -1 
327.39		2.20423 	 23.0337823409 	 54.1407180251 	 0 	 1 	 1 	 -1 
329.31		6.58678 	 29.6796760939 	 213.174748542 	 1 	 1 	 1 	 0 
333.116		10.8934 	 15.6899109569 	 234.0198106 	 1 	 1 	 1 	 0 
338.742		15.0791 	 39.2045705959 	 306.602511514 	 1 	 0 	 1 	 0 
346.099		19.1066 	 34.6112543602 	 42.8288555085 	 0 	 0 	 1 	 -1 
355.074		22.9473 	 39.5682646085 	 311.774814501 	 1 	 1 	 1 	 0 
365.546		26.582 	 13.4541418843 	 57.9095028655 	 0 	 0 	 1 	 0 
377.385		30 	 15.8935455723 	 269.16519886 	 0 	 1 	 1 	 1 
365.546		33.418 	 29.4758554903 	 226.249370181 	 1 	 0 	 1 	 1 
355.074		37.0527 	 18.1078223145 	 254.288318512 	 1 	 0 	 1 	 0 
346.099		40.8934 	 10.3408068231 	 341.629830723 	 0 	 1 	 1 	 1 
338.743		44.9209 	 29.6871413652 	 158.857366423 	 0 	 1 	 1 	 -1 
333.116		49.1066 	 32.8942000318 	 318.359171895 	 0 	 0 	 1 	 0 
329.31		53.4132 	 23.9212012845 	 109.783180437 	 1 	 0 	 1 	 1 
327.39		57.7958 	 30.7919379117 	 192.640055899 	 0 	 0 	 1 	 0 
327.39		62.2042 	 33.4498657438 	 221.631962919 	 0 	 1 	 1 	 -1 
329.31		66.5868 	 4.5083042522 	 218.376930465 	 0 	 0 	 1 	 1 
333.116		70.8934 	 28.1810090282 	 351.352930967 	 0 	 0 	 1 	 1 
338.742		75.0791 	 45.4236935563 	 339.664746091 	 1 	 0 	 1 	 -1 
346.099		79.1066 	 12.4199207324 	 315.155606591 	 0 	 1 	 1 	 1 
355.074		82.9473 	 16.7900830812 	 248.323569772 	 0 	 1 	 1 	 1 
