25.2587		30 	 28.9316143568 	 53.7451851406 	 0 	 0 	 1 	 0 
25.2587		90 	 41.2098201714 	 83.6138988952 	 1 	 0 	 1 	 1 
25.2587		150 	 26.78717285 	 -174.637824023 	 1 	 0 	 1 	 0 
25.2587		210 	 23.6235018055 	 -127.761702797 	 0 	 1 	 1 	 1 
25.2587		270 	 32.730835475 	 -102.728124397 	 1 	 0 	 1 	 1 
43.7478		0 	 28.4766175821 	 14.2823135736 	 1 	 0 	 1 	 -1 
50.5147		30 	 61.2559532188 	 12.8911964899 	 1 	 0 	 1 	 1 
43.7478		60 	 37.5129262917 	 76.6805755126 	 0 	 1 	 1 	 -1 
50.5147		90 	 51.6013013016 	 66.6403051881 	 0 	 1 	 1 	 1 
43.7478		120 	 61.0198559837 	 120.158379627 	 1 	 1 	 1 	 1 
50.5147		150 	 32.4593776502 	 146.4611343 	 0 	 1 	 1 	 0 
43.7478		180 	 58.4884728801 	 179.789149091 	 1 	 0 	 1 	 -1 
50.5147		210 	 70.579099065 	 -149.27063274 	 0 	 1 	 1 	 -1 
43.7478		240 	 29.0282230799 	 -133.58031327 	 0 	 0 	 1 	 1 
43.7478		300 	 60.8458063536 	 -47.5922606716 	 1 	 1 	 1 	 1 
50.5148		330 	 59.5819938967 	 -45.4777898469 	 1 	 0 	 1 	 -1 
66.8212		349.107 	 59.1355520185 	 -21.3895514918 	 1 	 1 	 1 	 1 
66.8212		10.8934 	 79.9767046854 	 18.1929560456 	 1 	 1 	 1 	 -1 
75.7654		30 	 86.7415987276 	 35.2770363032 	 0 	 0 	 1 	 1 
66.8212		49.1066 	 70.4813085976 	 62.4163840606 	 0 	 1 	 1 	 -1 
66.8212		70.8934 	 52.8964299636 	 59.4975476447 	 1 	 1 	 1 	 0 
75.7654		90 	 66.1678552023 	 87.404122288 	 1 	 1 	 1 	 0 
66.8212		109.107 	 78.5033291622 	 112.104071483 	 1 	 0 	 1 	 1 
66.8212		130.893 	 62.1969248019 	 139.450314678 	 1 	 1 	 1 	 1 
75.7654		150 	 87.0949362411 	 163.444075583 	 0 	 1 	 1 	 0 
66.8212		169.107 	 57.5586297597 	 163.039167495 	 1 	 1 	 1 	 -1 
66.8212		190.893 	 59.1263569203 	 -173.852546721 	 1 	 0 	 1 	 -1 
66.8212		229.107 	 83.868405365 	 -136.304179139 	 1 	 1 	 1 	 1 
66.8212		250.893 	 71.9245609477 	 -93.2421402941 	 0 	 0 	 1 	 1 
75.7654		270 	 91.5212566464 	 -82.4350312426 	 1 	 1 	 1 	 -1 
66.8212		289.107 	 68.6120338808 	 -88.1273254607 	 0 	 0 	 1 	 1 
66.8212		310.893 	 73.7141680955 	 -31.8480960814 	 1 	 0 	 1 	 -1 
75.7654		330 	 93.5256112522 	 -26.2244541364 	 1 	 0 	 1 	 0 
91.0523		343.898 	 79.1899765588 	 -14.987554676 	 0 	 1 	 1 	 0 
87.4818		0 	 89.5148783773 	 9.85158086108 	 0 	 0 	 1 	 0 
91.0523		16.1021 	 75.9249531554 	 8.11301695919 	 1 	 0 	 1 	 0 
101.008		30 	 90.9984504841 	 27.1624658335 	 1 	 1 	 1 	 0 
91.0523		43.8979 	 93.5135608828 	 51.785963799 	 0 	 0 	 1 	 1 
87.4818		60 	 104.085585555 	 57.0363797982 	 0 	 0 	 1 	 1 
91.0523		76.1021 	 75.1590698463 	 80.9702647354 	 0 	 1 	 1 	 0 
91.0523		103.898 	 101.390521554 	 104.26889049 	 1 	 1 	 1 	 0 
87.4818		120 	 105.35626874 	 123.313866951 	 1 	 1 	 1 	 0 
91.0523		136.102 	 100.382796293 	 136.609517611 	 0 	 1 	 1 	 0 
91.0523		163.898 	 103.842631382 	 159.400741987 	 0 	 0 	 1 	 -1 
87.4818		180 	 86.4116762271 	 -174.942364097 	 0 	 1 	 1 	 -1 
91.0523		196.102 	 92.6152957782 	 -157.225477123 	 0 	 1 	 1 	 -1 
101.008		210 	 88.703824976 	 -141.914040321 	 1 	 1 	 1 	 -1 
91.0523		223.898 	 72.336738046 	 -142.235397096 	 0 	 1 	 1 	 -1 
87.4818		240 	 73.2136394734 	 -128.920844935 	 0 	 1 	 1 	 1 
91.0523		256.102 	 101.093526844 	 -105.211794033 	 1 	 1 	 1 	 1 
101.008		270 	 98.9854626937 	 -85.2555597267 	 0 	 0 	 1 	 0 
91.0523		283.898 	 102.078778561 	 -76.1143040957 	 1 	 0 	 1 	 -1 
87.4817		300 	 84.1820155693 	 -45.5557975213 	 0 	 1 	 1 	 1 
91.0523		316.102 	 89.5874237313 	 -51.6971128791 	 1 	 0 	 1 	 -1 
101.008		330 	 87.9167259618 	 -25.4718735999 	 0 	 0 	 1 	 -1 
115.709		340.893 	 121.656609495 	 -9.49976360508 	 1 	 1 	 1 	 1 
110.065		353.413 	 111.850847492 	 -12.1468527489 	 1 	 0 	 1 	 1 
110.065		6.58677 	 122.725971495 	 0.0822040682629 	 1 	 0 	 1 	 1 
115.709		19.1066 	 115.864908864 	 13.0844838634 	 0 	 1 	 1 	 -1 
126.24		30 	 120.208319809 	 36.6375618592 	 0 	 1 	 1 	 0 
115.709		40.8934 	 125.669851788 	 36.4846763849 	 0 	 0 	 1 	 0 
110.065		53.4132 	 103.848696122 	 59.4213093626 	 0 	 1 	 1 	 0 
110.065		66.5868 	 99.1031273481 	 60.020883567 	 0 	 1 	 1 	 0 
115.709		79.1066 	 116.901309866 	 69.4078817502 	 1 	 1 	 1 	 -1 
126.24		90 	 125.850274518 	 100.010840681 	 1 	 1 	 1 	 1 
115.709		100.893 	 124.653234767 	 110.243481782 	 0 	 1 	 1 	 -1 
110.065		113.413 	 116.222022728 	 115.945305058 	 0 	 1 	 1 	 0 
110.065		126.587 	 94.6239465411 	 132.96443169 	 1 	 0 	 1 	 0 
115.709		139.107 	 101.692192251 	 142.78099229 	 1 	 0 	 1 	 -1 
126.24		150 	 144.664517389 	 147.733026504 	 0 	 0 	 1 	 -1 
115.709		160.893 	 121.014332158 	 165.384568149 	 1 	 1 	 1 	 0 
110.066		173.413 	 96.5995802069 	 169.695644815 	 0 	 0 	 1 	 0 
110.066		186.587 	 118.87990078 	 -174.339482518 	 1 	 0 	 1 	 1 
115.709		199.107 	 100.027924907 	 -166.87742806 	 0 	 1 	 1 	 -1 
126.24		210 	 118.905222898 	 -145.876357812 	 1 	 1 	 1 	 0 
115.709		220.893 	 99.7080297327 	 -138.052050352 	 0 	 1 	 1 	 -1 
110.065		233.413 	 121.680968725 	 -127.469793576 	 0 	 0 	 1 	 0 
110.065		246.587 	 108.742059116 	 -125.033475584 	 1 	 0 	 1 	 1 
115.709		259.107 	 131.684272225 	 -98.6260316696 	 0 	 1 	 1 	 0 
126.24		270 	 112.763945268 	 -86.742523125 	 0 	 1 	 1 	 1 
115.709		280.893 	 117.75876822 	 -87.4524083346 	 1 	 0 	 1 	 1 
110.065		293.413 	 108.828414305 	 -71.2518441603 	 0 	 1 	 1 	 -1 
110.065		306.587 	 126.484109612 	 -50.8997836097 	 1 	 0 	 1 	 -1 
115.709		319.107 	 118.85747049 	 -32.0330368089 	 1 	 0 	 1 	 1 
126.24		330 	 120.743132507 	 -38.9686023125 	 1 	 0 	 1 	 1 
140.56		338.948 	 148.082942184 	 -18.9685599992 	 1 	 0 	 1 	 -1 
133.593		349.107 	 146.707187902 	 -9.83481985895 	 1 	 0 	 1 	 -1 
131.188		0 	 121.428964086 	 4.83858106961 	 1 	 1 	 1 	 1 
133.593		10.8934 	 144.476864934 	 18.4485985309 	 0 	 1 	 1 	 1 
140.56		21.0517 	 143.438166326 	 16.8574699474 	 1 	 0 	 1 	 -1 
151.459		30 	 144.1056025 	 25.2099839711 	 1 	 0 	 1 	 -1 
140.56		38.9483 	 128.134648359 	 40.1681750766 	 0 	 1 	 1 	 -1 
133.593		49.1066 	 125.210710799 	 44.9225272139 	 1 	 0 	 1 	 1 
131.188		60 	 134.197873197 	 66.9107828535 	 1 	 0 	 1 	 1 
133.593		70.8934 	 146.175085106 	 74.4100314516 	 1 	 1 	 1 	 -1 
140.56		81.0517 	 144.627185221 	 85.0397497458 	 0 	 1 	 1 	 0 
151.459		90 	 152.232536867 	 84.7909669949 	 0 	 1 	 1 	 0 
140.56		98.9483 	 147.288546682 	 104.669205113 	 0 	 1 	 1 	 0 
133.593		109.107 	 145.279226704 	 105.638244753 	 0 	 0 	 1 	 -1 
131.188		120 	 149.55425217 	 115.288113395 	 1 	 1 	 1 	 0 
133.593		130.893 	 125.116810041 	 133.359079025 	 1 	 1 	 1 	 0 
140.56		141.052 	 157.345594905 	 141.348679249 	 0 	 1 	 1 	 -1 
151.459		150 	 150.235534252 	 153.32033159 	 1 	 1 	 1 	 -1 
140.56		158.948 	 125.913468304 	 157.203831777 	 1 	 0 	 1 	 1 
133.593		169.107 	 131.35765523 	 159.878326466 	 0 	 0 	 1 	 1 
131.188		180 	 113.711850344 	 -178.684243635 	 0 	 0 	 1 	 -1 
133.593		190.893 	 146.896333716 	 -164.441410271 	 0 	 1 	 1 	 0 
140.56		201.052 	 144.827708373 	 -152.964726461 	 0 	 0 	 1 	 0 
151.459		210 	 159.715908343 	 -154.806339102 	 1 	 1 	 1 	 1 
140.56		218.948 	 150.879505571 	 -135.413997317 	 1 	 1 	 1 	 -1 
133.593		229.107 	 135.413331672 	 -126.850793488 	 0 	 1 	 1 	 0 
131.188		240 	 133.999803393 	 -116.99436319 	 0 	 1 	 1 	 1 
133.592		250.893 	 147.772485693 	 -106.081607989 	 1 	 0 	 1 	 0 
140.56		261.052 	 125.048801774 	 -99.3914397316 	 0 	 0 	 1 	 1 
151.459		270 	 143.705857041 	 -88.8091909797 	 0 	 0 	 1 	 -1 
140.56		278.948 	 126.199844655 	 -77.8637980748 	 1 	 0 	 1 	 -1 
133.592		289.107 	 125.050116857 	 -76.9368064575 	 1 	 0 	 1 	 -1 
131.188		300 	 130.291479181 	 -52.848164571 	 1 	 0 	 1 	 0 
133.593		310.893 	 144.48594018 	 -50.0015975581 	 0 	 0 	 1 	 -1 
140.56		321.052 	 140.879630223 	 -45.3056032472 	 1 	 1 	 1 	 1 
151.459		330 	 143.830988341 	 -30.6870293374 	 1 	 0 	 1 	 -1 
165.51		337.589 	 179.580843831 	 -17.818406681 	 0 	 1 	 1 	 -1 
157.635		346.102 	 153.610086474 	 -7.21310825115 	 1 	 1 	 1 	 0 
153.545		355.285 	 151.701634934 	 -12.8095054779 	 0 	 1 	 1 	 -1 
153.545		4.715 	 163.308482769 	 6.61319569991 	 0 	 1 	 1 	 -1 
157.635		13.8979 	 170.100089873 	 18.802399356 	 1 	 1 	 1 	 -1 
165.51		22.4109 	 181.386508298 	 26.0559700768 	 1 	 1 	 1 	 1 
176.661		30 	 165.685668681 	 34.6766200232 	 0 	 1 	 1 	 1 
165.51		37.5891 	 172.693333977 	 41.6545094794 	 0 	 0 	 1 	 1 
157.635		46.1021 	 157.65006532 	 42.5320092537 	 1 	 0 	 1 	 0 
153.545		55.285 	 134.497136109 	 55.285364426 	 1 	 1 	 1 	 -1 
153.545		64.715 	 171.774791152 	 68.4388135545 	 0 	 0 	 1 	 -1 
157.635		73.8979 	 161.403287621 	 71.3224602727 	 0 	 0 	 1 	 0 
165.51		82.4109 	 161.530614932 	 86.2695470763 	 0 	 0 	 1 	 -1 
176.661		90 	 171.922778564 	 84.4948281439 	 1 	 0 	 1 	 -1 
165.51		97.5891 	 170.196235487 	 92.1414788531 	 1 	 0 	 1 	 -1 
157.635		106.102 	 153.858539081 	 98.0139294065 	 1 	 0 	 1 	 -1 
153.545		115.285 	 171.61043223 	 114.087118896 	 0 	 1 	 1 	 -1 
153.545		124.715 	 168.623185304 	 120.186994368 	 0 	 1 	 1 	 1 
157.635		133.898 	 170.107598018 	 127.962208998 	 0 	 0 	 1 	 1 
165.51		142.411 	 169.121473516 	 145.760021054 	 0 	 1 	 1 	 0 
176.661		150 	 168.276072647 	 150.127419108 	 1 	 0 	 1 	 1 
165.509		157.589 	 160.192922575 	 154.993114112 	 0 	 0 	 1 	 0 
157.635		166.102 	 164.392873045 	 162.678624684 	 0 	 1 	 1 	 1 
153.546		175.285 	 175.153868385 	 174.490867311 	 1 	 1 	 1 	 -1 
153.546		184.715 	 166.943798562 	 -174.054791373 	 0 	 0 	 1 	 1 
157.635		193.898 	 161.663499075 	 -168.930897366 	 0 	 0 	 1 	 -1 
165.509		202.411 	 176.428341665 	 -154.168464497 	 0 	 0 	 1 	 1 
165.51		217.589 	 183.088070221 	 -144.147240064 	 1 	 1 	 1 	 1 
157.635		226.102 	 153.467610993 	 -139.957274035 	 1 	 1 	 1 	 -1 
153.545		235.285 	 152.206157595 	 -128.514092238 	 0 	 0 	 1 	 0 
153.545		244.715 	 162.545478645 	 -116.136330296 	 0 	 0 	 1 	 0 
157.635		253.898 	 170.473954558 	 -107.870029567 	 1 	 1 	 1 	 0 
165.51		262.411 	 177.073538761 	 -101.280769242 	 0 	 0 	 1 	 1 
176.661		270 	 161.502866704 	 -90.6839882218 	 1 	 1 	 1 	 -1 
165.51		277.589 	 174.495762416 	 -78.6796893953 	 0 	 1 	 1 	 -1 
157.635		286.102 	 150.89448111 	 -76.849395608 	 1 	 0 	 1 	 -1 
153.545		295.285 	 162.152600188 	 -64.5304323975 	 0 	 1 	 1 	 0 
153.545		304.715 	 147.235709312 	 -58.9598370096 	 1 	 0 	 1 	 -1 
157.635		313.898 	 176.266979819 	 -49.7798092969 	 0 	 0 	 1 	 1 
165.51		322.411 	 156.092199391 	 -41.8781493088 	 0 	 0 	 1 	 0 
176.661		330 	 160.393918682 	 -30.7909626147 	 1 	 0 	 1 	 1 
190.511		336.587 	 194.720432011 	 -28.6642845459 	 1 	 1 	 1 	 -1 
181.979		343.898 	 172.251869391 	 -15.7076656957 	 0 	 1 	 1 	 0 
176.661		351.787 	 159.706515958 	 -12.315519012 	 0 	 0 	 1 	 1 
174.852		0 	 176.580775144 	 -6.44077063446 	 1 	 0 	 1 	 1 
176.661		8.21321 	 186.791461168 	 9.70298142704 	 0 	 0 	 1 	 -1 
181.979		16.1021 	 196.199479169 	 16.8520691966 	 1 	 0 	 1 	 0 
190.511		23.4132 	 190.696321223 	 20.3270105923 	 0 	 1 	 1 	 0 
201.845		30 	 200.829513219 	 26.7323782143 	 1 	 1 	 1 	 0 
181.979		43.8979 	 191.144820382 	 44.7952151352 	 0 	 1 	 1 	 -1 
176.661		51.7868 	 197.599874938 	 52.9033364504 	 0 	 1 	 1 	 0 
174.852		60 	 191.744277192 	 60.8549600375 	 1 	 1 	 1 	 1 
176.661		68.2132 	 174.542582861 	 72.0651888471 	 0 	 1 	 1 	 1 
181.979		76.1021 	 203.399491354 	 74.5253663741 	 0 	 0 	 1 	 -1 
190.511		83.4132 	 195.204522179 	 79.4515260847 	 1 	 1 	 1 	 -1 
201.845		90 	 201.71407338 	 93.4718181921 	 1 	 0 	 1 	 0 
190.511		96.5868 	 175.008355071 	 95.497735782 	 1 	 0 	 1 	 -1 
181.979		103.898 	 184.84526669 	 98.9173288719 	 0 	 0 	 1 	 1 
176.661		111.787 	 189.057964663 	 113.797417378 	 0 	 0 	 1 	 0 
174.852		120 	 159.196999954 	 120.884892479 	 0 	 1 	 1 	 0 
176.661		128.213 	 162.812629354 	 128.472323226 	 0 	 0 	 1 	 1 
181.979		136.102 	 181.254972002 	 133.052720273 	 0 	 0 	 1 	 -1 
190.51		143.413 	 199.981885936 	 146.20130115 	 0 	 1 	 1 	 1 
201.845		150 	 220.76510259 	 151.451510857 	 1 	 0 	 1 	 0 
190.511		156.587 	 180.709285945 	 158.326125475 	 1 	 1 	 1 	 1 
181.979		163.898 	 187.219991469 	 168.117880194 	 0 	 1 	 1 	 1 
176.661		171.787 	 186.84028046 	 168.489006803 	 1 	 0 	 1 	 0 
174.852		180 	 172.729932199 	 175.983963796 	 1 	 0 	 1 	 -1 
176.661		188.213 	 162.983769628 	 -170.702807832 	 0 	 1 	 1 	 1 
181.979		196.102 	 168.669449261 	 -164.716980105 	 0 	 1 	 1 	 -1 
190.511		203.413 	 188.061456821 	 -161.358344511 	 1 	 0 	 1 	 1 
201.845		210 	 215.071016552 	 -145.276333584 	 1 	 1 	 1 	 1 
190.51		216.587 	 185.471369332 	 -138.918648781 	 0 	 0 	 1 	 -1 
181.979		223.898 	 197.551427601 	 -136.82123612 	 1 	 0 	 1 	 0 
176.661		231.787 	 176.312674981 	 -131.887733259 	 0 	 0 	 1 	 1 
174.853		240 	 187.263354678 	 -120.623069704 	 1 	 0 	 1 	 0 
176.662		248.213 	 161.913605686 	 -109.244251178 	 1 	 0 	 1 	 1 
181.979		256.102 	 190.378222439 	 -105.302237188 	 1 	 1 	 1 	 0 
190.511		263.413 	 192.026404127 	 -93.7465846118 	 1 	 0 	 1 	 1 
190.511		276.587 	 182.004403177 	 -85.1415903361 	 0 	 0 	 1 	 1 
181.979		283.898 	 176.585351495 	 -78.3012344202 	 0 	 0 	 1 	 -1 
176.662		291.787 	 189.859316394 	 -69.6638335663 	 0 	 1 	 1 	 1 
174.853		300 	 167.438762994 	 -53.9717005784 	 0 	 0 	 1 	 -1 
176.661		308.213 	 198.988602906 	 -51.8792058282 	 0 	 1 	 1 	 0 
181.979		316.102 	 198.176464371 	 -41.2449721539 	 0 	 1 	 1 	 -1 
190.511		323.413 	 190.420948401 	 -31.5828398476 	 1 	 0 	 1 	 0 
201.845		330 	 197.212442177 	 -32.0995893517 	 1 	 1 	 1 	 0 
215.536		335.818 	 222.699558904 	 -22.5336277895 	 0 	 1 	 1 	 1 
206.511		342.216 	 214.346418086 	 -22.8728987736 	 0 	 1 	 1 	 -1 
200.265		349.107 	 212.005421727 	 -7.35021446063 	 0 	 0 	 1 	 1 
197.068		356.329 	 193.37459907 	 -7.81168392921 	 1 	 1 	 1 	 1 
197.068		3.6705 	 205.79579351 	 6.2561084932 	 0 	 0 	 1 	 -1 
200.265		10.8934 	 207.458037042 	 11.8022305982 	 0 	 0 	 1 	 -1 
206.511		17.7836 	 224.951591145 	 18.6282875715 	 0 	 1 	 1 	 -1 
215.536		24.1825 	 210.200889887 	 27.1534076002 	 0 	 1 	 1 	 0 
227.007		30 	 238.426627771 	 28.5504330201 	 0 	 1 	 1 	 1 
215.536		35.8175 	 224.899763739 	 34.6377107221 	 0 	 0 	 1 	 -1 
206.511		42.2164 	 193.618645179 	 46.2078046852 	 0 	 1 	 1 	 -1 
200.265		49.1066 	 213.552670067 	 46.1011887143 	 0 	 1 	 1 	 -1 
197.068		56.3295 	 186.21870995 	 57.6334488379 	 1 	 1 	 1 	 0 
197.068		63.6705 	 204.670577483 	 63.7084874343 	 1 	 0 	 1 	 0 
200.265		70.8934 	 205.421867688 	 76.8544505651 	 1 	 0 	 1 	 0 
206.511		77.7836 	 189.643368455 	 75.8332559077 	 1 	 1 	 1 	 0 
215.536		84.1825 	 229.378254487 	 81.7100998126 	 0 	 0 	 1 	 -1 
227.007		90 	 228.606623948 	 87.647343197 	 0 	 1 	 1 	 -1 
215.536		95.8175 	 220.211416645 	 101.207300176 	 0 	 1 	 1 	 0 
206.511		102.216 	 199.095964843 	 99.2120569592 	 1 	 0 	 1 	 0 
200.265		109.107 	 203.007546998 	 104.591261347 	 1 	 1 	 1 	 -1 
197.068		116.33 	 188.946678044 	 112.403503647 	 1 	 1 	 1 	 1 
197.068		123.671 	 191.520508147 	 120.217321109 	 1 	 1 	 1 	 0 
200.265		130.893 	 197.307419959 	 136.758250057 	 1 	 0 	 1 	 -1 
206.51		137.784 	 201.80928534 	 134.954321656 	 0 	 1 	 1 	 1 
215.536		144.182 	 207.295679039 	 141.006972366 	 0 	 1 	 1 	 1 
227.007		150 	 237.525183877 	 146.511570206 	 1 	 1 	 1 	 1 
215.536		155.818 	 214.762942104 	 160.302046855 	 0 	 0 	 1 	 0 
206.511		162.216 	 200.144127128 	 164.095509131 	 1 	 1 	 1 	 1 
200.266		169.107 	 190.900501746 	 164.796433801 	 0 	 0 	 1 	 -1 
197.068		176.33 	 208.412252902 	 179.104640562 	 0 	 1 	 1 	 -1 
197.068		183.671 	 203.939997655 	 -179.033822695 	 1 	 0 	 1 	 -1 
200.266		190.893 	 197.960259481 	 -166.627981777 	 0 	 0 	 1 	 1 
206.511		197.784 	 221.304575666 	 -163.808263449 	 0 	 0 	 1 	 0 
215.536		204.182 	 208.457804826 	 -153.756683712 	 1 	 1 	 1 	 1 
227.007		210 	 229.698767093 	 -147.764703452 	 1 	 0 	 1 	 0 
215.536		215.818 	 223.596499422 	 -139.271766998 	 0 	 0 	 1 	 -1 
206.51		222.216 	 214.503263482 	 -136.769844306 	 1 	 0 	 1 	 1 
200.265		229.107 	 207.756116167 	 -132.648876614 	 0 	 0 	 1 	 0 
197.068		236.329 	 186.648126764 	 -125.139435747 	 0 	 0 	 1 	 1 
197.068		243.671 	 210.226256103 	 -119.391731678 	 1 	 1 	 1 	 -1 
200.265		250.893 	 202.836143317 	 -114.396385137 	 0 	 1 	 1 	 0 
206.51		257.784 	 198.37511165 	 -106.689113058 	 0 	 0 	 1 	 1 
215.536		264.182 	 217.49398246 	 -91.039927717 	 0 	 0 	 1 	 -1 
227.007		270 	 239.989767547 	 -88.8022462589 	 0 	 0 	 1 	 0 
215.536		275.818 	 215.134900753 	 -78.4389254478 	 1 	 0 	 1 	 -1 
206.51		282.216 	 210.733287752 	 -79.6226929254 	 1 	 0 	 1 	 1 
200.265		289.107 	 208.832198713 	 -70.7268603863 	 1 	 0 	 1 	 0 
197.068		296.329 	 194.071458324 	 -58.4972122375 	 1 	 0 	 1 	 0 
197.068		303.67 	 201.289363697 	 -61.0498102938 	 1 	 0 	 1 	 1 
200.265		310.893 	 208.471013443 	 -46.0795609746 	 0 	 1 	 1 	 -1 
206.511		317.784 	 211.74476052 	 -40.057071582 	 1 	 1 	 1 	 1 
227.008		330 	 204.675276062 	 -29.5602744723 	 0 	 0 	 1 	 -1 
240.57		335.209 	 251.902098349 	 -22.0661161553 	 1 	 0 	 1 	 -1 
231.161		340.893 	 243.379197708 	 -15.9103038431 	 0 	 1 	 1 	 -1 
224.195		346.996 	 208.924903034 	 -12.2944370676 	 0 	 1 	 1 	 -1 
219.909		353.413 	 220.610027807 	 -2.41333874677 	 0 	 0 	 1 	 1 
218.461		0 	 227.292495204 	 2.84716414974 	 1 	 1 	 1 	 -1 
219.909		6.58678 	 210.439657495 	 11.5563506732 	 1 	 1 	 1 	 1 
224.195		13.0039 	 235.230019293 	 15.425312836 	 1 	 0 	 1 	 0 
231.161		19.1066 	 233.282677465 	 17.2492881374 	 0 	 1 	 1 	 1 
240.57		24.7913 	 249.866867184 	 22.7206230049 	 0 	 0 	 1 	 0 
252.146		30 	 267.405961769 	 30.1069131287 	 0 	 1 	 1 	 0 
240.57		35.2087 	 232.644078799 	 30.7814127294 	 1 	 1 	 1 	 0 
231.161		40.8934 	 219.93718317 	 40.9780868458 	 1 	 0 	 1 	 1 
224.195		46.9961 	 215.972439295 	 49.7640845697 	 1 	 0 	 1 	 -1 
219.909		53.4132 	 227.586544466 	 51.9629132247 	 1 	 1 	 1 	 -1 
218.461		60 	 212.928970815 	 64.0037022513 	 1 	 0 	 1 	 -1 
219.909		66.5868 	 224.345777183 	 69.0937320791 	 0 	 0 	 1 	 0 
224.195		73.0039 	 223.329632649 	 77.1537231695 	 1 	 1 	 1 	 1 
231.161		79.1066 	 219.621005334 	 77.6257600265 	 0 	 1 	 1 	 0 
240.57		84.7913 	 220.843127826 	 82.4157638503 	 1 	 1 	 1 	 1 
240.57		95.2087 	 232.422410935 	 95.1878657991 	 0 	 1 	 1 	 -1 
231.161		100.893 	 211.815304624 	 99.4992073399 	 1 	 0 	 1 	 0 
224.195		106.996 	 232.861718897 	 108.868193821 	 0 	 0 	 1 	 1 
219.909		113.413 	 232.896428674 	 111.544139753 	 1 	 1 	 1 	 0 
218.461		120 	 211.105661994 	 121.972122743 	 0 	 0 	 1 	 0 
219.909		126.587 	 221.733722853 	 130.140172198 	 0 	 0 	 1 	 -1 
224.195		133.004 	 245.713598126 	 132.877186881 	 0 	 1 	 1 	 -1 
231.161		139.107 	 218.138360475 	 139.986368658 	 0 	 1 	 1 	 0 
252.146		150 	 240.190583856 	 147.779708907 	 0 	 0 	 1 	 -1 
240.57		155.209 	 243.198253231 	 157.531571741 	 0 	 0 	 1 	 -1 
231.16		160.893 	 229.336883081 	 163.574054855 	 0 	 0 	 1 	 1 
224.196		166.996 	 208.984143945 	 167.82137034 	 1 	 1 	 1 	 -1 
219.909		173.413 	 232.376567515 	 176.558241618 	 1 	 1 	 1 	 -1 
218.461		180 	 210.685392746 	 -176.665232019 	 0 	 1 	 1 	 0 
219.909		186.587 	 232.800164883 	 -170.945999962 	 0 	 1 	 1 	 0 
224.196		193.004 	 225.331839429 	 -170.880414254 	 0 	 0 	 1 	 -1 
231.16		199.107 	 234.263932305 	 -165.243271661 	 0 	 0 	 1 	 -1 
240.57		204.791 	 235.470848729 	 -156.733557591 	 0 	 0 	 1 	 1 
252.146		210 	 244.38126489 	 -151.665479179 	 1 	 0 	 1 	 0 
240.57		215.209 	 242.805691138 	 -148.460599607 	 0 	 0 	 1 	 1 
231.161		220.893 	 217.491649031 	 -136.820700535 	 1 	 0 	 1 	 0 
224.196		226.996 	 225.198999274 	 -128.513903027 	 0 	 1 	 1 	 0 
219.909		233.413 	 233.073643836 	 -125.214567636 	 0 	 0 	 1 	 1 
218.461		240 	 234.197000551 	 -119.977763946 	 1 	 0 	 1 	 1 
219.909		246.587 	 231.425032646 	 -117.743769894 	 0 	 0 	 1 	 -1 
224.195		253.004 	 229.053242706 	 -108.5599072 	 0 	 1 	 1 	 0 
231.16		259.107 	 232.246119417 	 -95.8465058047 	 1 	 1 	 1 	 -1 
240.57		264.791 	 255.491490431 	 -98.4121743266 	 1 	 0 	 1 	 1 
252.146		270 	 264.551114992 	 -90.6638144441 	 0 	 1 	 1 	 1 
240.57		275.209 	 223.909787138 	 -85.3645332516 	 0 	 0 	 1 	 -1 
231.16		280.893 	 250.137584134 	 -81.6277269973 	 1 	 1 	 1 	 -1 
224.195		286.996 	 244.609945206 	 -74.7474173285 	 1 	 1 	 1 	 0 
219.909		293.413 	 219.982945197 	 -68.6867930853 	 0 	 0 	 1 	 1 
218.461		300 	 216.721102057 	 -58.0274176108 	 1 	 1 	 1 	 0 
219.909		306.587 	 211.236797805 	 -58.1001015901 	 0 	 1 	 1 	 1 
224.196		313.004 	 227.894415568 	 -49.9688896499 	 0 	 0 	 1 	 1 
231.161		319.107 	 252.096186435 	 -42.4397246334 	 0 	 0 	 1 	 1 
240.57		324.791 	 261.11894282 	 -33.3590069623 	 1 	 1 	 1 	 -1 
252.146		330 	 260.532904896 	 -26.6065459898 	 1 	 0 	 1 	 0 
265.601		334.715 	 277.347834343 	 -23.0289572955 	 1 	 0 	 1 	 1 
255.886		339.826 	 262.985138097 	 -23.7585806561 	 0 	 0 	 1 	 0 
248.348		345.295 	 251.197708234 	 -9.94835877683 	 0 	 0 	 1 	 1 
243.191		351.052 	 245.601827861 	 -5.90550870156 	 0 	 0 	 1 	 0 
240.57		356.996 	 243.104183368 	 -7.63192388894 	 1 	 0 	 1 	 0 
240.57		3.00449 	 227.483010457 	 1.49776036104 	 1 	 1 	 1 	 -1 
243.191		8.94827 	 235.903815698 	 5.12643457107 	 0 	 0 	 1 	 -1 
248.348		14.7047 	 247.876575872 	 17.4275152786 	 1 	 0 	 1 	 0 
255.886		20.1736 	 267.930166651 	 19.5948535747 	 1 	 1 	 1 	 -1 
265.601		25.285 	 279.536456227 	 24.5537438011 	 1 	 1 	 1 	 1 
277.258		30 	 285.830355097 	 32.5962033367 	 0 	 0 	 1 	 -1 
265.601		34.715 	 283.077603974 	 35.416205234 	 0 	 0 	 1 	 1 
255.887		39.8264 	 262.759773286 	 41.2438572256 	 0 	 1 	 1 	 0 
248.348		45.2953 	 228.38782484 	 47.2734033151 	 0 	 1 	 1 	 -1 
243.191		51.0517 	 234.805772827 	 50.5957998752 	 0 	 0 	 1 	 0 
240.57		56.9955 	 254.160976248 	 55.9042600486 	 0 	 1 	 1 	 0 
240.57		63.0045 	 238.148508016 	 60.0201441871 	 0 	 1 	 1 	 -1 
243.191		68.9483 	 258.637031458 	 65.6500922419 	 0 	 0 	 1 	 1 
248.348		74.7047 	 258.664746451 	 70.8623203827 	 1 	 0 	 1 	 0 
255.887		80.1736 	 260.269879509 	 78.0957434556 	 0 	 0 	 1 	 -1 
265.601		85.285 	 280.342444334 	 83.9998963934 	 0 	 0 	 1 	 0 
277.257		90 	 278.937991061 	 94.0796515318 	 1 	 1 	 1 	 -1 
265.601		94.715 	 279.2776719 	 96.3049957526 	 1 	 1 	 1 	 1 
255.887		99.8264 	 264.109847312 	 99.3565504051 	 1 	 1 	 1 	 1 
248.348		105.295 	 253.082512398 	 107.653728177 	 1 	 0 	 1 	 1 
243.191		111.052 	 235.06337659 	 111.573342564 	 0 	 1 	 1 	 -1 
240.57		116.996 	 257.564213031 	 114.940209723 	 1 	 0 	 1 	 0 
240.57		123.005 	 221.628306525 	 125.161136982 	 1 	 0 	 1 	 1 
243.191		128.948 	 232.316595594 	 127.772914062 	 0 	 0 	 1 	 0 
248.348		134.705 	 228.665625924 	 136.785353074 	 1 	 1 	 1 	 0 
255.887		140.174 	 243.382560813 	 141.164673257 	 1 	 1 	 1 	 1 
265.6		145.285 	 271.317261308 	 149.213860915 	 0 	 1 	 1 	 1 
277.257		150 	 270.02844834 	 151.053203644 	 1 	 1 	 1 	 1 
265.601		154.715 	 262.992726453 	 152.772372716 	 0 	 1 	 1 	 -1 
255.886		159.826 	 268.410632305 	 158.659199092 	 0 	 1 	 1 	 0 
248.348		165.295 	 235.766782502 	 161.693767486 	 0 	 0 	 1 	 -1 
243.191		171.052 	 231.428670285 	 167.045301399 	 1 	 0 	 1 	 -1 
240.57		176.996 	 245.689841075 	 179.020972101 	 1 	 1 	 1 	 1 
240.57		183.005 	 246.174398674 	 179.777189679 	 1 	 0 	 1 	 1 
243.191		188.948 	 233.652238823 	 -167.935124406 	 0 	 1 	 1 	 1 
248.348		194.705 	 232.624081065 	 -166.914085452 	 1 	 0 	 1 	 0 
255.886		200.174 	 253.242440577 	 -163.826885258 	 0 	 1 	 1 	 0 
265.601		205.285 	 269.096297304 	 -153.019174825 	 0 	 1 	 1 	 -1 
277.258		210 	 286.154231292 	 -151.791931099 	 0 	 1 	 1 	 0 
265.6		214.715 	 255.721426228 	 -142.247335161 	 1 	 0 	 1 	 0 
255.887		219.826 	 260.31086206 	 -137.115586828 	 1 	 1 	 1 	 -1 
248.348		225.295 	 255.383459739 	 -132.962465275 	 1 	 0 	 1 	 -1 
243.191		231.052 	 226.49319287 	 -129.875413182 	 0 	 1 	 1 	 1 
240.57		236.995 	 250.357090527 	 -118.8074549 	 1 	 1 	 1 	 0 
240.57		243.004 	 229.907541211 	 -120.939850994 	 0 	 0 	 1 	 0 
243.19		248.948 	 249.465079383 	 -114.65684448 	 1 	 1 	 1 	 0 
248.348		254.705 	 248.330203039 	 -107.742201874 	 0 	 0 	 1 	 0 
255.886		260.174 	 269.492622904 	 -99.6756031611 	 1 	 1 	 1 	 0 
265.601		265.285 	 256.018898152 	 -94.2600827314 	 0 	 0 	 1 	 0 
277.258		270 	 261.829366679 	 -88.5360811728 	 1 	 0 	 1 	 -1 
265.601		274.715 	 246.000217318 	 -83.0699995462 	 1 	 1 	 1 	 1 
255.886		279.826 	 270.456977733 	 -79.1532956733 	 1 	 0 	 1 	 0 
248.348		285.295 	 242.269289454 	 -72.3114567013 	 1 	 1 	 1 	 -1 
243.19		291.052 	 251.678718517 	 -72.5035175433 	 0 	 1 	 1 	 0 
240.57		296.996 	 254.058145797 	 -60.3840144589 	 1 	 0 	 1 	 0 
240.57		303.004 	 227.329446726 	 -55.2450694965 	 1 	 1 	 1 	 1 
243.191		308.948 	 242.817963644 	 -53.382926047 	 1 	 0 	 1 	 -1 
248.348		314.705 	 254.577757442 	 -43.2081053024 	 0 	 1 	 1 	 0 
255.886		320.174 	 270.588764306 	 -40.173797507 	 0 	 1 	 1 	 1 
265.6		325.285 	 247.827085944 	 -37.0636952737 	 1 	 1 	 1 	 1 
277.258		330 	 289.551539959 	 -29.4488803739 	 1 	 1 	 1 	 1 
290.619		334.307 	 279.808488749 	 -28.7019600437 	 1 	 1 	 1 	 0 
280.659		338.948 	 290.539702962 	 -24.2636905472 	 0 	 1 	 1 	 0 
272.656		343.898 	 276.496121929 	 -18.433389374 	 0 	 0 	 1 	 -1 
266.79		349.107 	 248.64465096 	 -8.61589315034 	 0 	 1 	 1 	 1 
263.206		354.504 	 244.51899543 	 -5.33923236916 	 0 	 1 	 1 	 0 
262.001		0 	 249.041583319 	 3.06833543315 	 1 	 0 	 1 	 -1 
263.206		5.49637 	 250.698383823 	 6.22514012408 	 0 	 0 	 1 	 0 
266.79		10.8934 	 267.447610106 	 14.7048060301 	 1 	 0 	 1 	 0 
272.656		16.1021 	 280.003657389 	 14.7461413444 	 1 	 1 	 1 	 1 
280.659		21.0517 	 286.998899165 	 24.494162678 	 1 	 1 	 1 	 1 
290.619		25.6934 	 294.920593315 	 21.8156692737 	 0 	 1 	 1 	 0 
302.34		30 	 311.075249405 	 30.2215899384 	 0 	 1 	 1 	 -1 
290.619		34.3066 	 304.73479888 	 33.4968317435 	 1 	 0 	 1 	 1 
280.659		38.9483 	 263.252804873 	 39.2319813574 	 0 	 1 	 1 	 0 
272.656		43.8979 	 276.139252696 	 41.677205533 	 0 	 0 	 1 	 0 
266.789		49.1066 	 276.2065202 	 49.5283985616 	 0 	 1 	 1 	 0 
263.206		54.5036 	 248.112933937 	 51.5294689227 	 1 	 1 	 1 	 1 
262.001		60 	 257.164004492 	 62.086131279 	 0 	 1 	 1 	 -1 
263.206		65.4964 	 250.867507764 	 63.693595821 	 0 	 1 	 1 	 -1 
266.79		70.8934 	 261.856432621 	 75.1986655246 	 1 	 1 	 1 	 1 
272.656		76.1021 	 260.631439848 	 74.2426858251 	 0 	 0 	 1 	 -1 
280.659		81.0517 	 289.028033883 	 78.7844628186 	 0 	 1 	 1 	 0 
290.619		85.6934 	 299.209989276 	 84.3583218856 	 1 	 1 	 1 	 -1 
302.34		90 	 287.0086687 	 90.9734162975 	 0 	 1 	 1 	 1 
290.619		94.3066 	 280.668092252 	 95.508255221 	 0 	 0 	 1 	 -1 
280.659		98.9483 	 300.69504694 	 98.8825879559 	 1 	 1 	 1 	 0 
272.655		103.898 	 254.051742591 	 102.718889746 	 1 	 0 	 1 	 -1 
266.79		109.107 	 264.245334676 	 113.136516385 	 0 	 1 	 1 	 -1 
263.206		114.504 	 242.188997091 	 115.808508489 	 1 	 0 	 1 	 -1 
262		120 	 270.509925567 	 124.075616021 	 0 	 1 	 1 	 1 
263.206		125.496 	 255.858969367 	 126.010103525 	 0 	 0 	 1 	 -1 
266.79		130.893 	 267.970682038 	 128.702268188 	 0 	 1 	 1 	 1 
272.655		136.102 	 256.558547668 	 139.22601018 	 0 	 1 	 1 	 0 
280.659		141.052 	 265.617958531 	 140.76373454 	 0 	 0 	 1 	 -1 
290.619		145.693 	 306.286568427 	 146.3728683 	 0 	 1 	 1 	 1 
302.34		150 	 308.229105636 	 151.609508491 	 1 	 1 	 1 	 1 
290.619		154.307 	 277.473959902 	 150.681182726 	 0 	 1 	 1 	 -1 
280.659		158.948 	 289.631616097 	 158.01292421 	 0 	 0 	 1 	 1 
272.656		163.898 	 285.589294394 	 165.695216006 	 1 	 0 	 1 	 -1 
266.789		169.107 	 252.604948445 	 170.961027099 	 1 	 0 	 1 	 0 
263.206		174.504 	 267.660736555 	 171.949272492 	 0 	 0 	 1 	 1 
262.001		180 	 269.827011929 	 -176.180535378 	 0 	 1 	 1 	 0 
263.206		185.496 	 260.867972682 	 -171.807818162 	 1 	 0 	 1 	 0 
266.789		190.893 	 253.913894715 	 -166.260932436 	 0 	 0 	 1 	 1 
272.656		196.102 	 258.890460486 	 -165.376907132 	 1 	 0 	 1 	 0 
280.659		201.052 	 288.354083798 	 -158.29479207 	 0 	 0 	 1 	 1 
290.619		205.693 	 271.538235041 	 -155.389153581 	 1 	 0 	 1 	 0 
302.34		210 	 316.015194707 	 -153.229174 	 1 	 1 	 1 	 0 
290.619		214.307 	 295.512767947 	 -141.567324224 	 1 	 0 	 1 	 0 
280.658		218.948 	 294.838510874 	 -139.358729021 	 1 	 0 	 1 	 1 
272.656		223.898 	 258.929029752 	 -135.746049106 	 1 	 0 	 1 	 -1 
266.79		229.107 	 255.571997226 	 -131.174319703 	 0 	 1 	 1 	 0 
263.206		234.504 	 256.433537274 	 -123.706063686 	 1 	 0 	 1 	 -1 
262		240 	 260.318386623 	 -122.917898438 	 0 	 0 	 1 	 -1 
263.206		245.496 	 282.002110135 	 -114.241536031 	 1 	 1 	 1 	 -1 
266.789		250.893 	 253.422753269 	 -112.074375833 	 0 	 0 	 1 	 1 
272.656		256.102 	 258.634327806 	 -105.549272977 	 0 	 0 	 1 	 -1 
280.659		261.052 	 293.017387178 	 -101.697663944 	 1 	 0 	 1 	 0 
290.62		265.693 	 300.42351011 	 -92.1967058868 	 0 	 0 	 1 	 1 
302.34		270 	 307.464343147 	 -93.8538508818 	 0 	 0 	 1 	 1 
290.62		274.307 	 307.692542937 	 -84.4431244846 	 0 	 1 	 1 	 1 
280.659		278.948 	 290.122607711 	 -82.5426776961 	 0 	 0 	 1 	 -1 
272.656		283.898 	 290.10869084 	 -76.4908060158 	 1 	 1 	 1 	 -1 
266.789		289.107 	 259.397104942 	 -72.8789818104 	 1 	 0 	 1 	 0 
263.206		294.504 	 271.133660759 	 -69.5507971394 	 1 	 0 	 1 	 1 
262		300 	 244.671386393 	 -62.4345375456 	 0 	 1 	 1 	 0 
263.206		305.496 	 251.646278674 	 -58.5977822737 	 1 	 0 	 1 	 0 
266.79		310.893 	 253.159454808 	 -49.7096133177 	 1 	 1 	 1 	 -1 
272.656		316.102 	 283.241458739 	 -42.4875854883 	 1 	 1 	 1 	 -1 
280.659		321.052 	 284.567676534 	 -35.8613472361 	 1 	 1 	 1 	 -1 
290.619		325.693 	 277.916593372 	 -32.3066440536 	 1 	 0 	 1 	 1 
302.34		330 	 284.570316688 	 -30.0167627617 	 1 	 1 	 1 	 1 
315.62		333.963 	 306.911578754 	 -28.0568590647 	 1 	 1 	 1 	 -1 
305.457		338.213 	 318.175458363 	 -22.4265447328 	 0 	 0 	 1 	 0 
297.071		342.731 	 302.276865077 	 -18.5864750984 	 1 	 1 	 1 	 0 
290.619		347.48 	 302.369882029 	 -9.93775074772 	 0 	 1 	 1 	 1 
286.236		352.411 	 282.789471412 	 -5.53791516453 	 0 	 0 	 1 	 1 
284.018		357.457 	 296.175466884 	 -2.22566898203 	 0 	 1 	 1 	 0 
284.018		2.54292 	 267.132033062 	 3.73719597316 	 1 	 1 	 1 	 1 
286.236		7.58909 	 296.81548165 	 9.34892665324 	 1 	 0 	 1 	 1 
290.619		12.5198 	 289.971807873 	 10.6847213642 	 0 	 0 	 1 	 0 
297.071		17.2695 	 283.576667747 	 16.5785716142 	 1 	 0 	 1 	 1 
305.457		21.7868 	 326.729324421 	 22.301679906 	 1 	 0 	 1 	 0 
315.62		26.0368 	 335.128576856 	 26.2334140043 	 0 	 0 	 1 	 -1 
327.39		30 	 326.315200741 	 33.0378160318 	 0 	 0 	 1 	 0 
305.457		38.2132 	 300.40750758 	 41.9967825528 	 1 	 1 	 1 	 -1 
297.071		42.7305 	 291.601444709 	 43.8450668192 	 1 	 0 	 1 	 -1 
290.619		47.4802 	 283.729419091 	 49.5667196179 	 0 	 1 	 1 	 -1 
286.236		52.4109 	 292.461771866 	 55.0013631829 	 1 	 1 	 1 	 -1 
284.018		57.4571 	 275.98257567 	 58.3378772725 	 0 	 0 	 1 	 0 
284.018		62.5429 	 275.249674593 	 59.0448631704 	 0 	 1 	 1 	 1 
286.236		67.5891 	 302.713682681 	 67.2279565758 	 0 	 1 	 1 	 -1 
290.619		72.5198 	 273.785542174 	 71.8484992845 	 1 	 1 	 1 	 0 
297.071		77.2695 	 305.158137109 	 78.6470310667 	 1 	 1 	 1 	 -1 
305.457		81.7868 	 315.615592648 	 81.9750582754 	 1 	 0 	 1 	 -1 
315.62		86.0368 	 302.795074002 	 84.8854384346 	 0 	 0 	 1 	 0 
327.39		90 	 317.08985317 	 89.3601029396 	 0 	 0 	 1 	 -1 
315.62		93.9632 	 304.799241049 	 93.7138413782 	 1 	 0 	 1 	 1 
305.457		98.2132 	 300.563523893 	 94.9117835404 	 0 	 1 	 1 	 -1 
297.071		102.731 	 291.878484592 	 101.089229484 	 0 	 0 	 1 	 1 
290.619		107.48 	 288.330315754 	 104.695352492 	 1 	 1 	 1 	 1 
286.236		112.411 	 271.855109073 	 110.259466428 	 1 	 1 	 1 	 -1 
284.018		117.457 	 278.186087224 	 118.650060113 	 1 	 1 	 1 	 -1 
284.018		122.543 	 292.015896183 	 119.243489229 	 1 	 1 	 1 	 -1 
286.236		127.589 	 293.849010541 	 127.830715551 	 0 	 0 	 1 	 1 
290.62		132.52 	 297.845105045 	 133.191779652 	 0 	 0 	 1 	 0 
297.071		137.269 	 310.938978786 	 134.165807435 	 1 	 0 	 1 	 1 
305.457		141.787 	 319.082307854 	 140.028986842 	 1 	 0 	 1 	 0 
315.62		146.037 	 307.339201342 	 146.588393602 	 1 	 1 	 1 	 -1 
327.39		150 	 314.35679496 	 151.110088977 	 1 	 1 	 1 	 1 
315.619		153.963 	 323.538025132 	 154.923573968 	 0 	 0 	 1 	 1 
305.457		158.213 	 307.193916047 	 159.688002411 	 1 	 0 	 1 	 1 
297.071		162.731 	 303.334489853 	 160.935288259 	 1 	 1 	 1 	 0 
290.62		167.48 	 291.251858664 	 164.965863084 	 1 	 1 	 1 	 0 
286.236		172.411 	 288.46238096 	 174.717018513 	 1 	 1 	 1 	 1 
284.019		177.457 	 291.578751906 	 176.984904295 	 1 	 0 	 1 	 1 
284.019		182.543 	 273.716782801 	 -176.409181602 	 0 	 1 	 1 	 -1 
286.236		187.589 	 287.8174777 	 -170.126009948 	 0 	 1 	 1 	 0 
290.62		192.52 	 289.78793212 	 -165.992832211 	 1 	 1 	 1 	 0 
297.071		197.269 	 306.033440267 	 -162.995155341 	 0 	 1 	 1 	 -1 
305.457		201.787 	 307.92103623 	 -160.216900705 	 1 	 1 	 1 	 1 
315.62		206.037 	 300.457647318 	 -153.248027916 	 1 	 0 	 1 	 0 
327.39		210 	 320.702440957 	 -151.087993165 	 1 	 0 	 1 	 1 
315.62		213.963 	 326.472516328 	 -146.652941191 	 0 	 1 	 1 	 -1 
305.457		218.213 	 313.275132826 	 -140.861312091 	 0 	 0 	 1 	 -1 
297.071		222.731 	 309.889281856 	 -139.21199271 	 0 	 1 	 1 	 -1 
290.619		227.48 	 294.548530335 	 -130.299061274 	 1 	 1 	 1 	 1 
286.236		232.411 	 294.504460969 	 -124.758285378 	 1 	 1 	 1 	 1 
284.018		237.457 	 275.053853516 	 -123.504459598 	 0 	 1 	 1 	 -1 
284.019		242.543 	 293.188182906 	 -117.982774843 	 1 	 0 	 1 	 1 
286.236		247.589 	 304.36708026 	 -112.097638195 	 1 	 1 	 1 	 0 
290.62		252.52 	 300.868139481 	 -105.737650658 	 1 	 0 	 1 	 0 
297.071		257.269 	 305.73445651 	 -104.255705222 	 0 	 0 	 1 	 1 
305.457		261.787 	 296.95122112 	 -98.5673587124 	 1 	 1 	 1 	 0 
315.62		266.037 	 324.224566959 	 -93.4149315559 	 1 	 1 	 1 	 0 
327.39		270 	 340.579930201 	 -90.8582404197 	 1 	 0 	 1 	 -1 
315.62		273.963 	 331.975183407 	 -86.2239303535 	 1 	 1 	 1 	 -1 
305.457		278.213 	 325.203739115 	 -80.1373021615 	 0 	 0 	 1 	 0 
297.071		282.731 	 296.179458441 	 -74.8393662545 	 1 	 0 	 1 	 -1 
290.62		287.48 	 272.414092859 	 -73.3737127917 	 1 	 0 	 1 	 1 
286.236		292.411 	 285.173741156 	 -65.6596420205 	 1 	 1 	 1 	 -1 
284.019		297.457 	 266.148652939 	 -64.9775699612 	 0 	 1 	 1 	 -1 
284.018		302.543 	 279.708533451 	 -55.616282369 	 1 	 1 	 1 	 0 
286.236		307.589 	 282.317454777 	 -48.6444544848 	 0 	 0 	 1 	 0 
290.619		312.52 	 300.276218578 	 -47.8936575326 	 1 	 1 	 1 	 0 
297.071		317.269 	 289.270483548 	 -46.390174255 	 1 	 1 	 1 	 1 
305.457		321.787 	 319.934440447 	 -37.4508904018 	 0 	 1 	 1 	 -1 
327.39		330 	 335.985198487 	 -30.9317899519 	 1 	 1 	 1 	 -1 
340.597		333.67 	 352.328541674 	 -26.8170067906 	 0 	 0 	 1 	 -1 
330.266		337.589 	 336.324422299 	 -23.8462503618 	 1 	 0 	 1 	 -1 
321.56		341.742 	 327.772760536 	 -18.9826859588 	 1 	 1 	 1 	 1 
314.619		346.102 	 310.513448584 	 -16.6438055418 	 1 	 0 	 1 	 1 
309.563		350.633 	 301.795320766 	 -11.3008546702 	 0 	 1 	 1 	 0 
306.489		355.285 	 293.646741517 	 -5.48039233349 	 1 	 1 	 1 	 1 
305.457		0 	 291.835843019 	 1.60607258387 	 0 	 1 	 1 	 0 
306.489		4.715 	 312.776607017 	 0.888943675271 	 0 	 0 	 1 	 0 
309.563		9.367 	 326.644964683 	 11.8059118586 	 1 	 1 	 1 	 -1 
314.619		13.8979 	 324.880303408 	 15.8807941875 	 0 	 1 	 1 	 1 
321.56		18.2585 	 337.049318822 	 19.2260468489 	 0 	 1 	 1 	 1 
330.266		22.4109 	 320.44512647 	 22.5017585567 	 1 	 0 	 1 	 0 
340.597		26.3295 	 340.243589977 	 28.3796535469 	 0 	 0 	 1 	 1 
352.406		30 	 337.832909811 	 30.8186107348 	 1 	 0 	 1 	 -1 
340.597		33.6705 	 334.552496389 	 30.3292397679 	 0 	 1 	 1 	 -1 
330.266		37.5891 	 342.447033534 	 37.2177600333 	 1 	 1 	 1 	 0 
321.56		41.7415 	 304.562556636 	 40.1624146501 	 1 	 1 	 1 	 0 
314.619		46.1021 	 304.464513667 	 46.500814733 	 1 	 0 	 1 	 0 
309.563		50.633 	 302.459914095 	 49.46013652 	 1 	 0 	 1 	 1 
306.489		55.285 	 285.7522033 	 56.8880815866 	 1 	 1 	 1 	 1 
305.457		60 	 315.037634488 	 62.6272711919 	 1 	 0 	 1 	 0 
306.489		64.715 	 287.643184602 	 66.3616971364 	 0 	 0 	 1 	 0 
309.563		69.367 	 320.894496679 	 68.1236536069 	 1 	 0 	 1 	 0 
314.619		73.8979 	 295.943351067 	 73.1941643929 	 0 	 0 	 1 	 0 
321.56		78.2585 	 321.342375512 	 80.0731942819 	 1 	 1 	 1 	 0 
330.266		82.4109 	 326.382946681 	 79.385979414 	 1 	 0 	 1 	 -1 
340.597		86.3295 	 359.421838093 	 86.8965735308 	 1 	 1 	 1 	 0 
352.406		90 	 362.726819826 	 91.4323859606 	 0 	 0 	 1 	 0 
340.597		93.6705 	 343.107916066 	 95.291057771 	 0 	 1 	 1 	 0 
330.266		97.5891 	 329.23055099 	 101.38639694 	 0 	 1 	 1 	 1 
321.56		101.742 	 328.148967128 	 99.331208916 	 1 	 0 	 1 	 1 
314.619		106.102 	 309.19676365 	 102.918169083 	 0 	 0 	 1 	 1 
309.563		110.633 	 298.474035615 	 110.999424732 	 0 	 1 	 1 	 1 
306.489		115.285 	 323.709767559 	 116.361090726 	 1 	 1 	 1 	 1 
305.457		120 	 314.989920638 	 119.439035126 	 0 	 0 	 1 	 -1 
306.489		124.715 	 320.725140532 	 125.158411435 	 0 	 1 	 1 	 -1 
309.563		129.367 	 297.968049019 	 129.465442689 	 0 	 1 	 1 	 0 
314.619		133.898 	 295.569003987 	 132.701730319 	 0 	 1 	 1 	 -1 
321.56		138.258 	 321.443571138 	 141.264347176 	 1 	 1 	 1 	 -1 
330.266		142.411 	 318.583794182 	 141.291724702 	 0 	 0 	 1 	 0 
340.597		146.329 	 334.928869404 	 148.206258298 	 0 	 1 	 1 	 -1 
352.406		150 	 362.643299153 	 152.835343969 	 1 	 0 	 1 	 1 
340.597		153.671 	 324.555527025 	 154.069372854 	 1 	 1 	 1 	 1 
330.266		157.589 	 324.664728461 	 154.929208133 	 1 	 1 	 1 	 -1 
321.561		161.742 	 333.999233678 	 164.78253085 	 1 	 0 	 1 	 -1 
314.618		166.102 	 300.051730477 	 164.822347404 	 1 	 1 	 1 	 0 
309.563		170.633 	 303.493194057 	 169.788191672 	 0 	 1 	 1 	 -1 
306.488		175.285 	 293.167714263 	 175.565337489 	 0 	 1 	 1 	 1 
305.457		180 	 297.59728792 	 179.203699314 	 0 	 1 	 1 	 -1 
306.488		184.715 	 294.207028575 	 -174.362193308 	 0 	 1 	 1 	 1 
309.563		189.367 	 298.436542592 	 -173.086699947 	 1 	 0 	 1 	 1 
314.618		193.898 	 308.921022837 	 -167.022194902 	 1 	 1 	 1 	 -1 
321.561		198.258 	 307.572241965 	 -162.431686193 	 1 	 1 	 1 	 -1 
330.266		202.411 	 341.567215983 	 -154.946860159 	 1 	 1 	 1 	 1 
340.597		206.329 	 336.479510117 	 -156.356960349 	 1 	 1 	 1 	 0 
352.406		210 	 365.4913961 	 -149.676008405 	 0 	 1 	 1 	 0 
330.266		217.589 	 344.069634919 	 -143.136525801 	 0 	 0 	 1 	 0 
321.56		221.742 	 314.308718929 	 -139.158771295 	 1 	 0 	 1 	 0 
314.619		226.102 	 328.212168551 	 -131.717029991 	 1 	 0 	 1 	 -1 
309.563		230.633 	 297.113143358 	 -130.108593338 	 1 	 1 	 1 	 -1 
306.489		235.285 	 300.388553138 	 -122.273789381 	 0 	 0 	 1 	 0 
305.456		240 	 302.067507266 	 -118.521988676 	 1 	 0 	 1 	 -1 
306.488		244.715 	 291.54037735 	 -115.34896097 	 1 	 0 	 1 	 -1 
309.563		249.367 	 316.418689116 	 -113.193415685 	 0 	 1 	 1 	 -1 
314.619		253.898 	 324.947511452 	 -107.403553627 	 1 	 0 	 1 	 0 
321.56		258.258 	 322.455861361 	 -98.7287499615 	 1 	 1 	 1 	 1 
330.266		262.411 	 319.489505756 	 -97.56968948 	 1 	 0 	 1 	 0 
340.597		266.33 	 338.699996595 	 -96.5723028315 	 1 	 0 	 1 	 1 
340.597		273.671 	 331.945425733 	 -83.5318128212 	 0 	 0 	 1 	 -1 
330.266		277.589 	 348.30115541 	 -81.2793105141 	 0 	 0 	 1 	 1 
321.56		281.742 	 302.194079585 	 -77.0141233179 	 1 	 0 	 1 	 -1 
314.619		286.102 	 298.057766596 	 -74.3400769947 	 0 	 1 	 1 	 -1 
309.563		290.633 	 306.390964071 	 -71.8501415421 	 0 	 0 	 1 	 -1 
306.488		295.285 	 306.306638269 	 -68.184511057 	 0 	 1 	 1 	 1 
305.457		300 	 315.741889705 	 -58.910226717 	 1 	 1 	 1 	 0 
306.489		304.715 	 291.346657112 	 -54.6683662095 	 0 	 0 	 1 	 -1 
309.563		309.367 	 300.702533344 	 -49.0168845094 	 0 	 0 	 1 	 1 
314.619		313.898 	 318.42826742 	 -42.8010882389 	 1 	 0 	 1 	 1 
321.56		318.258 	 332.988449648 	 -43.0574427636 	 0 	 1 	 1 	 -1 
330.266		322.411 	 328.471010775 	 -35.709189619 	 0 	 0 	 1 	 0 
340.597		326.33 	 338.85451053 	 -30.7685054328 	 1 	 1 	 1 	 -1 
352.406		330 	 337.163012386 	 -28.1232156327 	 0 	 1 	 1 	 1 
365.546		333.418 	 375.933226809 	 -27.9033137891 	 0 	 1 	 1 	 1 
355.074		337.053 	 366.587420269 	 -21.6234826249 	 0 	 0 	 1 	 0 
346.099		340.893 	 360.033275086 	 -17.6674239352 	 1 	 1 	 1 	 0 
338.742		344.921 	 332.174437219 	 -14.0421716436 	 1 	 0 	 1 	 0 
333.116		349.107 	 318.497829647 	 -9.59967948831 	 1 	 1 	 1 	 1 
329.31		353.413 	 329.936392708 	 -10.3542823732 	 1 	 0 	 1 	 0 
327.39		357.796 	 309.019095375 	 -3.19910904572 	 0 	 1 	 1 	 -1 
327.39		2.20423 	 340.106683904 	 0.949577491012 	 0 	 1 	 1 	 1 
329.31		6.58678 	 317.898117078 	 5.68973616907 	 0 	 0 	 1 	 -1 
333.116		10.8934 	 343.943172965 	 12.9653935948 	 0 	 1 	 1 	 -1 
338.742		15.0791 	 342.770059268 	 12.8753863662 	 0 	 1 	 1 	 1 
346.099		19.1066 	 324.794900779 	 19.876138439 	 0 	 0 	 1 	 0 
355.074		22.9473 	 373.198936783 	 23.5216438378 	 1 	 0 	 1 	 -1 
365.546		26.582 	 377.371662187 	 24.7509569496 	 0 	 1 	 1 	 0 
377.385		30 	 386.966779444 	 32.6367219838 	 1 	 0 	 1 	 0 
365.546		33.418 	 376.545163462 	 32.8368630138 	 0 	 0 	 1 	 0 
355.074		37.0527 	 355.516437114 	 35.4548229012 	 0 	 1 	 1 	 -1 
346.099		40.8934 	 358.684520869 	 41.4647625178 	 0 	 0 	 1 	 1 
338.743		44.9209 	 347.843124688 	 43.4684024117 	 1 	 0 	 1 	 0 
333.116		49.1066 	 318.238612152 	 46.7546901963 	 0 	 1 	 1 	 -1 
329.31		53.4132 	 327.60227217 	 56.3715765507 	 1 	 1 	 1 	 -1 
327.39		57.7958 	 317.850272914 	 55.2144930895 	 0 	 1 	 1 	 -1 
327.39		62.2042 	 319.8728768 	 62.4219000643 	 1 	 1 	 1 	 1 
329.31		66.5868 	 318.875644725 	 65.2893316147 	 1 	 1 	 1 	 -1 
333.116		70.8934 	 328.689804239 	 73.4210563237 	 1 	 0 	 1 	 1 
338.742		75.0791 	 324.932941783 	 72.4988295726 	 1 	 1 	 1 	 -1 
346.099		79.1066 	 347.196932537 	 81.4526883082 	 1 	 0 	 1 	 0 
355.074		82.9473 	 343.250240276 	 84.3520611371 	 1 	 0 	 1 	 1 
