25.2587		30 	 39.0550753064 	 52.6371764178 	 0 	 1 	 1 	 0 
25.2587		90 	 32.3966471965 	 117.748909384 	 1 	 1 	 1 	 1 
25.2587		150 	 35.0608499292 	 136.215904989 	 0 	 0 	 1 	 0 
25.2587		210 	 34.8793078687 	 -144.861567917 	 1 	 1 	 1 	 0 
25.2587		270 	 28.9796357533 	 -135.283407162 	 1 	 1 	 1 	 1 
43.7478		0 	 54.9832253645 	 -20.2686381742 	 1 	 1 	 1 	 1 
50.5147		30 	 59.8023461634 	 30.6324255194 	 1 	 1 	 1 	 0 
43.7478		60 	 26.9957301486 	 50.1945034305 	 1 	 1 	 1 	 -1 
50.5147		90 	 34.9359749046 	 74.314830919 	 0 	 0 	 1 	 -1 
43.7478		120 	 33.4197009 	 119.504386526 	 1 	 0 	 1 	 -1 
50.5147		150 	 47.2364805186 	 165.231137142 	 0 	 1 	 1 	 1 
43.7478		180 	 32.4008180372 	 157.517260201 	 0 	 0 	 1 	 0 
50.5147		210 	 65.6635343853 	 -135.054917465 	 1 	 0 	 1 	 1 
43.7478		240 	 50.852900031 	 -126.102935676 	 1 	 1 	 1 	 -1 
43.7478		300 	 38.9176029729 	 -34.500039306 	 1 	 1 	 1 	 1 
50.5148		330 	 59.7284154923 	 -49.2271180846 	 0 	 1 	 1 	 0 
66.8212		349.107 	 82.3081926716 	 -19.5206500999 	 0 	 1 	 1 	 1 
66.8212		10.8934 	 60.6566777205 	 4.38299322533 	 1 	 1 	 1 	 0 
75.7654		30 	 72.9809321557 	 21.9673010153 	 1 	 1 	 1 	 1 
66.8212		49.1066 	 75.671433437 	 53.2602375217 	 1 	 1 	 1 	 -1 
66.8212		70.8934 	 78.8233762609 	 84.2547042347 	 1 	 1 	 1 	 -1 
75.7654		90 	 86.3588775723 	 96.9342477687 	 0 	 1 	 1 	 0 
66.8212		109.107 	 60.5358759506 	 112.867081061 	 1 	 1 	 1 	 0 
66.8212		130.893 	 71.6909617554 	 136.125273473 	 0 	 1 	 1 	 -1 
75.7654		150 	 77.087336096 	 161.766935226 	 1 	 1 	 1 	 -1 
66.8212		169.107 	 71.1234326672 	 -177.931124477 	 1 	 0 	 1 	 -1 
66.8212		190.893 	 66.9031223806 	 -161.215056985 	 1 	 0 	 1 	 -1 
66.8212		229.107 	 55.9345031238 	 -124.434368743 	 0 	 0 	 1 	 1 
66.8212		250.893 	 67.0621715912 	 -124.14271088 	 1 	 1 	 1 	 0 
75.7654		270 	 72.8004621166 	 -105.491286297 	 0 	 0 	 1 	 0 
66.8212		289.107 	 68.7521370297 	 -62.8311417137 	 0 	 0 	 1 	 0 
66.8212		310.893 	 61.5647617192 	 -55.5321564703 	 0 	 0 	 1 	 -1 
75.7654		330 	 91.1122495743 	 -39.9866745659 	 1 	 0 	 1 	 1 
91.0523		343.898 	 73.6858836359 	 -6.66622064161 	 0 	 1 	 1 	 0 
87.4818		0 	 72.1220999201 	 -2.67862892665 	 1 	 1 	 1 	 -1 
91.0523		16.1021 	 98.6376400448 	 13.1949796747 	 0 	 0 	 1 	 1 
101.008		30 	 88.7425510946 	 27.0553379132 	 0 	 1 	 1 	 0 
91.0523		43.8979 	 100.683428217 	 36.9555814632 	 1 	 0 	 1 	 -1 
87.4818		60 	 83.9372059318 	 54.9532550449 	 0 	 0 	 1 	 1 
91.0523		76.1021 	 99.3611450428 	 69.3928968996 	 1 	 1 	 1 	 0 
91.0523		103.898 	 87.2403425445 	 96.6186892905 	 0 	 1 	 1 	 0 
87.4818		120 	 83.588372752 	 126.106772772 	 1 	 1 	 1 	 0 
91.0523		136.102 	 105.042880553 	 140.466983891 	 0 	 1 	 1 	 -1 
91.0523		163.898 	 75.9264985466 	 161.388474188 	 0 	 1 	 1 	 -1 
87.4818		180 	 93.2316852302 	 169.354090049 	 1 	 1 	 1 	 -1 
91.0523		196.102 	 93.7697429509 	 -158.886768107 	 0 	 0 	 1 	 0 
101.008		210 	 120.050850585 	 -149.343379058 	 0 	 0 	 1 	 1 
91.0523		223.898 	 85.0773949378 	 -144.829395221 	 0 	 1 	 1 	 -1 
87.4818		240 	 88.9662540599 	 -125.076047038 	 1 	 0 	 1 	 0 
91.0523		256.102 	 77.2408527635 	 -106.427262727 	 0 	 1 	 1 	 -1 
101.008		270 	 93.4439495097 	 -91.7624402068 	 0 	 1 	 1 	 -1 
91.0523		283.898 	 73.2381000462 	 -68.3414172807 	 1 	 0 	 1 	 -1 
87.4817		300 	 72.3480048468 	 -57.5231379576 	 0 	 0 	 1 	 1 
91.0523		316.102 	 72.1284493238 	 -46.2364368591 	 0 	 1 	 1 	 0 
101.008		330 	 115.203039887 	 -32.7526276467 	 0 	 1 	 1 	 1 
115.709		340.893 	 102.492780894 	 -17.9614543538 	 1 	 0 	 1 	 0 
110.065		353.413 	 99.8026576205 	 2.17806974366 	 1 	 1 	 1 	 -1 
110.065		6.58677 	 109.09518101 	 12.461753098 	 0 	 1 	 1 	 1 
115.709		19.1066 	 104.302295104 	 27.5739298306 	 0 	 1 	 1 	 -1 
126.24		30 	 135.434308723 	 29.220661034 	 0 	 0 	 1 	 1 
115.709		40.8934 	 115.4850544 	 35.9672997846 	 1 	 0 	 1 	 1 
110.065		53.4132 	 122.688484791 	 47.253771867 	 0 	 0 	 1 	 1 
110.065		66.5868 	 108.989673101 	 76.0625630728 	 0 	 1 	 1 	 0 
115.709		79.1066 	 113.473069362 	 71.3454039606 	 0 	 0 	 1 	 -1 
126.24		90 	 142.505301185 	 88.1533370486 	 1 	 1 	 1 	 0 
115.709		100.893 	 120.162061484 	 105.519045014 	 1 	 0 	 1 	 1 
110.065		113.413 	 109.51609439 	 121.086033533 	 0 	 1 	 1 	 0 
110.065		126.587 	 110.357277579 	 115.18391166 	 0 	 0 	 1 	 0 
115.709		139.107 	 102.679393246 	 145.962957954 	 0 	 1 	 1 	 1 
126.24		150 	 138.706203666 	 153.018605056 	 1 	 0 	 1 	 1 
115.709		160.893 	 127.781897462 	 159.597231479 	 0 	 0 	 1 	 0 
110.066		173.413 	 115.081290861 	 177.669762865 	 1 	 0 	 1 	 -1 
110.066		186.587 	 121.859297055 	 -167.205372934 	 1 	 1 	 1 	 -1 
115.709		199.107 	 124.601736365 	 -161.137751013 	 0 	 1 	 1 	 1 
126.24		210 	 117.984451705 	 -150.050586909 	 0 	 0 	 1 	 -1 
115.709		220.893 	 107.721919778 	 -141.07349485 	 1 	 0 	 1 	 0 
110.065		233.413 	 98.6856803188 	 -136.475364674 	 0 	 0 	 1 	 -1 
110.065		246.587 	 114.551498264 	 -120.176473012 	 1 	 1 	 1 	 1 
115.709		259.107 	 94.6397506814 	 -99.5283677632 	 1 	 1 	 1 	 -1 
126.24		270 	 122.433227006 	 -84.9816400783 	 0 	 0 	 1 	 0 
115.709		280.893 	 105.869129663 	 -87.9126352643 	 0 	 0 	 1 	 -1 
110.065		293.413 	 122.313107096 	 -75.4362935325 	 1 	 0 	 1 	 -1 
110.065		306.587 	 109.233494316 	 -61.1981591312 	 0 	 0 	 1 	 -1 
115.709		319.107 	 121.593229139 	 -32.2066515642 	 1 	 1 	 1 	 1 
126.24		330 	 142.160858896 	 -28.1447846336 	 0 	 0 	 1 	 1 
140.56		338.948 	 133.723298496 	 -22.5392116013 	 0 	 0 	 1 	 1 
133.593		349.107 	 136.847700286 	 -5.92021901263 	 0 	 1 	 1 	 0 
131.188		0 	 129.342607556 	 -6.20737547884 	 1 	 0 	 1 	 0 
133.593		10.8934 	 152.940149885 	 8.81172789328 	 1 	 0 	 1 	 -1 
140.56		21.0517 	 129.314924729 	 13.0115486317 	 0 	 0 	 1 	 0 
151.459		30 	 161.984820645 	 34.6811113108 	 1 	 1 	 1 	 1 
140.56		38.9483 	 145.836395664 	 35.2768804746 	 1 	 1 	 1 	 1 
133.593		49.1066 	 144.143634446 	 50.094536511 	 1 	 0 	 1 	 0 
131.188		60 	 151.526056267 	 59.9409230548 	 0 	 0 	 1 	 -1 
133.593		70.8934 	 120.018065652 	 66.9281978825 	 0 	 1 	 1 	 -1 
140.56		81.0517 	 127.154373866 	 79.964257281 	 1 	 1 	 1 	 0 
151.459		90 	 152.623338661 	 81.8860406912 	 0 	 0 	 1 	 -1 
140.56		98.9483 	 125.979128403 	 99.4379263239 	 0 	 1 	 1 	 0 
133.593		109.107 	 141.877116672 	 106.483385277 	 0 	 1 	 1 	 0 
131.188		120 	 121.078951849 	 122.56211787 	 1 	 0 	 1 	 -1 
133.593		130.893 	 122.028366482 	 126.230889148 	 0 	 1 	 1 	 1 
140.56		141.052 	 159.960056812 	 144.533156599 	 0 	 1 	 1 	 0 
151.459		150 	 164.776505054 	 150.908730525 	 1 	 0 	 1 	 -1 
140.56		158.948 	 149.632464639 	 163.542366475 	 0 	 0 	 1 	 0 
133.593		169.107 	 128.422776671 	 174.520404322 	 0 	 0 	 1 	 0 
131.188		180 	 142.652110079 	 176.862425205 	 0 	 0 	 1 	 0 
133.593		190.893 	 117.265055913 	 -165.505898628 	 1 	 0 	 1 	 0 
140.56		201.052 	 142.714061848 	 -164.412342449 	 1 	 1 	 1 	 0 
151.459		210 	 166.555620315 	 -146.63915603 	 1 	 1 	 1 	 0 
140.56		218.948 	 149.155837383 	 -147.357304119 	 1 	 1 	 1 	 1 
133.593		229.107 	 125.920454219 	 -134.777620303 	 0 	 0 	 1 	 -1 
131.188		240 	 143.424459546 	 -114.804895011 	 0 	 0 	 1 	 1 
133.592		250.893 	 130.690943162 	 -99.7980049975 	 1 	 1 	 1 	 0 
140.56		261.052 	 119.564032996 	 -96.7322326088 	 0 	 1 	 1 	 1 
151.459		270 	 163.289410772 	 -83.7516469819 	 1 	 1 	 1 	 0 
140.56		278.948 	 120.652158924 	 -82.1700993868 	 0 	 0 	 1 	 0 
133.592		289.107 	 147.524595018 	 -64.6422432075 	 0 	 0 	 1 	 -1 
131.188		300 	 149.687400657 	 -64.6819591346 	 1 	 1 	 1 	 0 
133.593		310.893 	 113.544844985 	 -51.2914416586 	 0 	 0 	 1 	 1 
140.56		321.052 	 131.71937524 	 -41.3225868367 	 1 	 1 	 1 	 0 
151.459		330 	 164.880965045 	 -23.5612259901 	 1 	 0 	 1 	 0 
165.51		337.589 	 169.095380195 	 -17.0529441284 	 0 	 0 	 1 	 0 
157.635		346.102 	 147.246562853 	 -17.6364684981 	 1 	 1 	 1 	 -1 
153.545		355.285 	 159.677448313 	 -7.30955750375 	 0 	 1 	 1 	 0 
153.545		4.715 	 167.339976154 	 -0.757610353888 	 0 	 0 	 1 	 -1 
157.635		13.8979 	 164.416638551 	 16.0490584537 	 1 	 1 	 1 	 1 
165.51		22.4109 	 163.813537628 	 17.4563683813 	 1 	 0 	 1 	 -1 
176.661		30 	 176.14554474 	 26.6848755763 	 1 	 0 	 1 	 0 
165.51		37.5891 	 165.572027656 	 42.4118316145 	 0 	 1 	 1 	 -1 
157.635		46.1021 	 169.52692357 	 47.959240097 	 0 	 1 	 1 	 -1 
153.545		55.285 	 164.596960054 	 51.6335379865 	 1 	 0 	 1 	 0 
153.545		64.715 	 171.43804397 	 60.9893463579 	 0 	 1 	 1 	 -1 
157.635		73.8979 	 164.566178143 	 75.9739714628 	 1 	 0 	 1 	 -1 
165.51		82.4109 	 168.846637119 	 79.9139053263 	 1 	 0 	 1 	 0 
176.661		90 	 186.224585587 	 91.0777137368 	 0 	 1 	 1 	 1 
165.51		97.5891 	 173.47709318 	 98.5927143503 	 1 	 1 	 1 	 0 
157.635		106.102 	 147.281111219 	 112.806649661 	 1 	 1 	 1 	 -1 
153.545		115.285 	 168.249289945 	 113.693114047 	 0 	 1 	 1 	 1 
153.545		124.715 	 140.383488433 	 120.134259068 	 0 	 1 	 1 	 -1 
157.635		133.898 	 147.558885029 	 131.480172416 	 0 	 0 	 1 	 0 
165.51		142.411 	 183.575268422 	 139.688276228 	 1 	 0 	 1 	 -1 
176.661		150 	 161.86724552 	 155.267694307 	 1 	 0 	 1 	 -1 
165.509		157.589 	 172.2303227 	 153.740401845 	 1 	 1 	 1 	 0 
157.635		166.102 	 167.339001947 	 166.132013287 	 1 	 0 	 1 	 -1 
153.546		175.285 	 166.430888897 	 -179.500062148 	 0 	 1 	 1 	 -1 
153.546		184.715 	 158.020279779 	 -168.258064813 	 1 	 1 	 1 	 1 
157.635		193.898 	 174.023135488 	 -167.035975458 	 0 	 1 	 1 	 1 
165.509		202.411 	 176.048500255 	 -151.137176037 	 0 	 0 	 1 	 1 
165.51		217.589 	 156.466764615 	 -136.901960868 	 1 	 0 	 1 	 0 
157.635		226.102 	 167.24957541 	 -127.289880268 	 0 	 0 	 1 	 -1 
153.545		235.285 	 143.165747871 	 -121.294832577 	 0 	 1 	 1 	 1 
153.545		244.715 	 138.394174172 	 -118.140188405 	 0 	 0 	 1 	 0 
157.635		253.898 	 155.213117825 	 -111.903182748 	 1 	 0 	 1 	 1 
165.51		262.411 	 169.667387804 	 -103.111357517 	 1 	 0 	 1 	 1 
176.661		270 	 183.039761923 	 -91.5091836014 	 0 	 0 	 1 	 0 
165.51		277.589 	 170.522796503 	 -84.6662183918 	 1 	 0 	 1 	 0 
157.635		286.102 	 164.594984828 	 -79.4805713117 	 1 	 1 	 1 	 1 
153.545		295.285 	 156.089288495 	 -70.6216582869 	 1 	 1 	 1 	 -1 
153.545		304.715 	 135.823915466 	 -56.0867498726 	 1 	 0 	 1 	 1 
157.635		313.898 	 157.265931833 	 -38.7859108822 	 0 	 0 	 1 	 -1 
165.51		322.411 	 175.589231729 	 -32.1108088357 	 1 	 1 	 1 	 1 
176.661		330 	 171.864650464 	 -23.2465956184 	 1 	 0 	 1 	 -1 
190.511		336.587 	 187.681771964 	 -18.0908554853 	 1 	 0 	 1 	 -1 
181.979		343.898 	 177.051921085 	 -11.6499015562 	 1 	 0 	 1 	 1 
176.661		351.787 	 176.297899839 	 -12.0137457792 	 1 	 1 	 1 	 -1 
174.852		0 	 173.366167851 	 5.43926015629 	 0 	 0 	 1 	 1 
176.661		8.21321 	 161.667568302 	 7.05025663065 	 1 	 0 	 1 	 0 
181.979		16.1021 	 182.161930733 	 18.7718640924 	 0 	 1 	 1 	 0 
190.511		23.4132 	 182.768376645 	 23.9634452037 	 1 	 1 	 1 	 0 
201.845		30 	 202.758342791 	 32.1609724782 	 0 	 1 	 1 	 0 
181.979		43.8979 	 174.835037948 	 48.4741779954 	 1 	 0 	 1 	 1 
176.661		51.7868 	 175.960218869 	 57.9383354229 	 1 	 0 	 1 	 0 
174.852		60 	 167.274861698 	 57.6307058271 	 1 	 0 	 1 	 -1 
176.661		68.2132 	 171.666892657 	 70.2418927677 	 0 	 1 	 1 	 1 
181.979		76.1021 	 189.669731568 	 71.2427259497 	 1 	 1 	 1 	 -1 
190.511		83.4132 	 185.652672329 	 86.1357888367 	 1 	 0 	 1 	 0 
201.845		90 	 215.906877179 	 88.7467002639 	 1 	 1 	 1 	 1 
190.511		96.5868 	 175.034338893 	 94.3992923393 	 1 	 1 	 1 	 -1 
181.979		103.898 	 192.362292849 	 105.325806009 	 0 	 0 	 1 	 -1 
176.661		111.787 	 180.989040539 	 105.576184689 	 1 	 0 	 1 	 0 
174.852		120 	 165.994363489 	 118.074027298 	 1 	 0 	 1 	 1 
176.661		128.213 	 174.822112009 	 125.405210452 	 1 	 0 	 1 	 1 
181.979		136.102 	 178.82262345 	 129.875795221 	 0 	 0 	 1 	 -1 
190.51		143.413 	 179.174056667 	 142.299227065 	 1 	 0 	 1 	 0 
201.845		150 	 210.743258251 	 146.615461787 	 1 	 0 	 1 	 0 
190.511		156.587 	 197.746432267 	 155.766357264 	 0 	 0 	 1 	 -1 
181.979		163.898 	 186.674010082 	 157.540864878 	 0 	 1 	 1 	 -1 
176.661		171.787 	 170.875197291 	 168.120896835 	 0 	 1 	 1 	 0 
174.852		180 	 182.451919622 	 176.421265656 	 0 	 0 	 1 	 1 
176.661		188.213 	 162.558014599 	 -166.416825326 	 1 	 1 	 1 	 0 
181.979		196.102 	 185.483775138 	 -158.520098925 	 0 	 0 	 1 	 1 
190.511		203.413 	 173.128386101 	 -153.77790465 	 0 	 1 	 1 	 -1 
201.845		210 	 186.384509886 	 -152.977096122 	 1 	 0 	 1 	 1 
190.51		216.587 	 195.0865302 	 -141.593811687 	 0 	 0 	 1 	 0 
181.979		223.898 	 193.848837318 	 -132.643241176 	 1 	 1 	 1 	 1 
176.661		231.787 	 186.352394877 	 -125.851044037 	 0 	 1 	 1 	 -1 
174.853		240 	 169.404921357 	 -115.139261301 	 0 	 1 	 1 	 1 
176.662		248.213 	 171.569791982 	 -105.177325625 	 1 	 1 	 1 	 1 
181.979		256.102 	 182.028654611 	 -108.470944013 	 0 	 0 	 1 	 -1 
190.511		263.413 	 196.588361934 	 -94.3070660037 	 1 	 0 	 1 	 0 
190.511		276.587 	 175.291575742 	 -84.8142857178 	 0 	 1 	 1 	 1 
181.979		283.898 	 169.436148188 	 -77.8594361646 	 1 	 1 	 1 	 0 
176.662		291.787 	 176.715147624 	 -63.8785309055 	 0 	 1 	 1 	 1 
174.853		300 	 184.285432573 	 -63.0981032985 	 1 	 1 	 1 	 -1 
176.661		308.213 	 172.586640287 	 -54.0887954058 	 1 	 0 	 1 	 0 
181.979		316.102 	 180.289042013 	 -46.9021135237 	 1 	 1 	 1 	 0 
190.511		323.413 	 203.932731483 	 -36.1290963812 	 0 	 1 	 1 	 -1 
201.845		330 	 187.28057357 	 -27.3597699519 	 1 	 1 	 1 	 0 
215.536		335.818 	 210.84345529 	 -22.4971631118 	 1 	 1 	 1 	 0 
206.511		342.216 	 217.395558377 	 -20.5487826293 	 0 	 1 	 1 	 1 
200.265		349.107 	 209.620757006 	 -13.7019004452 	 0 	 0 	 1 	 0 
197.068		356.329 	 204.441316806 	 -8.63781980884 	 0 	 1 	 1 	 1 
197.068		3.6705 	 186.827760402 	 2.19784440877 	 0 	 0 	 1 	 -1 
200.265		10.8934 	 205.135289629 	 6.35203482252 	 1 	 0 	 1 	 1 
206.511		17.7836 	 199.328328923 	 15.105541749 	 1 	 0 	 1 	 -1 
215.536		24.1825 	 213.004427513 	 19.8764365492 	 0 	 1 	 1 	 1 
227.007		30 	 245.385844531 	 29.3724000943 	 0 	 0 	 1 	 -1 
215.536		35.8175 	 211.835143037 	 33.1627693139 	 1 	 0 	 1 	 0 
206.511		42.2164 	 203.70945316 	 44.1502207499 	 0 	 0 	 1 	 -1 
200.265		49.1066 	 206.836555572 	 51.3823721932 	 1 	 0 	 1 	 1 
197.068		56.3295 	 186.366888139 	 54.1389170229 	 1 	 1 	 1 	 0 
197.068		63.6705 	 189.719116103 	 61.81405972 	 0 	 1 	 1 	 -1 
200.265		70.8934 	 194.777646208 	 64.7452605733 	 0 	 1 	 1 	 1 
206.511		77.7836 	 196.024097101 	 74.4611792441 	 1 	 0 	 1 	 -1 
215.536		84.1825 	 233.468029181 	 80.9497948188 	 1 	 0 	 1 	 0 
227.007		90 	 232.048041267 	 85.7304118458 	 1 	 0 	 1 	 1 
215.536		95.8175 	 200.551205394 	 95.1611834053 	 0 	 0 	 1 	 0 
206.511		102.216 	 215.117022736 	 106.357704863 	 1 	 0 	 1 	 1 
200.265		109.107 	 201.850989189 	 104.375380106 	 1 	 0 	 1 	 1 
197.068		116.33 	 177.996763217 	 112.935856198 	 1 	 1 	 1 	 1 
197.068		123.671 	 204.396600095 	 126.418229492 	 1 	 0 	 1 	 1 
200.265		130.893 	 182.07165359 	 130.551088865 	 1 	 0 	 1 	 1 
206.51		137.784 	 195.182509868 	 135.238874464 	 0 	 1 	 1 	 0 
215.536		144.182 	 213.535506878 	 149.408962864 	 1 	 1 	 1 	 1 
227.007		150 	 229.823163241 	 144.584792064 	 1 	 0 	 1 	 -1 
215.536		155.818 	 227.595855032 	 153.873376486 	 1 	 0 	 1 	 -1 
206.511		162.216 	 191.580494695 	 158.492727026 	 0 	 0 	 1 	 1 
200.266		169.107 	 211.441164627 	 167.12827053 	 0 	 1 	 1 	 -1 
197.068		176.33 	 185.054555851 	 -179.405781401 	 1 	 0 	 1 	 1 
197.068		183.671 	 205.872061287 	 -179.909587513 	 0 	 0 	 1 	 0 
200.266		190.893 	 204.122392755 	 -165.442421282 	 1 	 0 	 1 	 -1 
206.511		197.784 	 205.733151347 	 -167.435321516 	 1 	 0 	 1 	 0 
215.536		204.182 	 223.259289517 	 -155.448295104 	 0 	 0 	 1 	 0 
227.007		210 	 219.654856886 	 -149.351732425 	 1 	 1 	 1 	 -1 
215.536		215.818 	 215.277137204 	 -141.10446852 	 0 	 0 	 1 	 1 
206.51		222.216 	 193.288738829 	 -135.749544573 	 0 	 0 	 1 	 -1 
200.265		229.107 	 182.828424249 	 -133.38292356 	 1 	 1 	 1 	 0 
197.068		236.329 	 198.945056435 	 -120.880917222 	 0 	 1 	 1 	 -1 
197.068		243.671 	 195.528069426 	 -118.995774759 	 1 	 1 	 1 	 1 
200.265		250.893 	 218.737752149 	 -106.014036506 	 1 	 1 	 1 	 -1 
206.51		257.784 	 223.394144043 	 -102.103767166 	 0 	 0 	 1 	 1 
215.536		264.182 	 220.607273074 	 -93.7437227735 	 0 	 0 	 1 	 0 
227.007		270 	 240.748755676 	 -88.5251220846 	 1 	 0 	 1 	 -1 
215.536		275.818 	 208.58082684 	 -82.4777212391 	 0 	 0 	 1 	 1 
206.51		282.216 	 222.034414655 	 -77.7470417661 	 1 	 0 	 1 	 1 
200.265		289.107 	 185.394076437 	 -71.5124810722 	 1 	 0 	 1 	 -1 
197.068		296.329 	 184.851667428 	 -60.7701230278 	 0 	 0 	 1 	 0 
197.068		303.67 	 186.302375265 	 -58.7603276513 	 1 	 0 	 1 	 -1 
200.265		310.893 	 185.969309375 	 -45.3865696488 	 1 	 0 	 1 	 -1 
206.511		317.784 	 198.58418554 	 -45.0953003492 	 1 	 1 	 1 	 0 
227.008		330 	 228.488773409 	 -25.3141985163 	 1 	 1 	 1 	 0 
240.57		335.209 	 233.250377921 	 -25.423915663 	 0 	 0 	 1 	 1 
231.161		340.893 	 239.155308826 	 -20.7724943564 	 0 	 1 	 1 	 -1 
224.195		346.996 	 214.06755549 	 -17.8929097002 	 1 	 0 	 1 	 0 
219.909		353.413 	 236.292781621 	 -8.96539743081 	 1 	 0 	 1 	 1 
218.461		0 	 212.325917121 	 1.89081889128 	 1 	 0 	 1 	 0 
219.909		6.58678 	 217.825956217 	 3.53515472085 	 1 	 1 	 1 	 1 
224.195		13.0039 	 233.599384447 	 10.7214913145 	 1 	 1 	 1 	 1 
231.161		19.1066 	 242.218142862 	 14.9585616626 	 1 	 1 	 1 	 0 
240.57		24.7913 	 226.866891266 	 26.9212159663 	 0 	 1 	 1 	 1 
252.146		30 	 244.946219055 	 31.6592047214 	 1 	 0 	 1 	 1 
240.57		35.2087 	 231.119017217 	 38.332489892 	 1 	 0 	 1 	 0 
231.161		40.8934 	 245.584591387 	 40.7019996149 	 1 	 0 	 1 	 0 
224.195		46.9961 	 220.667061335 	 44.5651179709 	 1 	 0 	 1 	 1 
219.909		53.4132 	 233.516199056 	 55.255523736 	 0 	 0 	 1 	 1 
218.461		60 	 221.848555272 	 63.3374382744 	 1 	 1 	 1 	 1 
219.909		66.5868 	 235.523434455 	 67.6290857406 	 0 	 0 	 1 	 -1 
224.195		73.0039 	 228.5626009 	 76.9986695896 	 0 	 1 	 1 	 0 
231.161		79.1066 	 212.641221209 	 80.469310943 	 1 	 1 	 1 	 1 
240.57		84.7913 	 219.278994964 	 84.2926597649 	 1 	 1 	 1 	 1 
240.57		95.2087 	 248.605367824 	 96.4951614582 	 0 	 0 	 1 	 1 
231.161		100.893 	 221.708806687 	 100.642811793 	 0 	 1 	 1 	 0 
224.195		106.996 	 224.095797059 	 111.575730689 	 0 	 0 	 1 	 1 
219.909		113.413 	 219.323251523 	 115.549312443 	 1 	 1 	 1 	 -1 
218.461		120 	 210.275506256 	 120.620823904 	 0 	 1 	 1 	 1 
219.909		126.587 	 222.938494779 	 122.446315801 	 1 	 1 	 1 	 -1 
224.195		133.004 	 211.9613376 	 131.887470367 	 0 	 1 	 1 	 1 
231.161		139.107 	 226.964805599 	 133.63000019 	 0 	 0 	 1 	 0 
252.146		150 	 262.588014683 	 147.905171626 	 1 	 0 	 1 	 1 
240.57		155.209 	 227.939202194 	 154.503089101 	 1 	 0 	 1 	 0 
231.16		160.893 	 223.978762322 	 164.191348433 	 1 	 0 	 1 	 -1 
224.196		166.996 	 242.498552886 	 163.832403391 	 0 	 0 	 1 	 -1 
219.909		173.413 	 201.84746641 	 176.144654201 	 0 	 0 	 1 	 -1 
218.461		180 	 231.764837074 	 179.208461106 	 0 	 0 	 1 	 1 
219.909		186.587 	 216.985404542 	 -168.858332944 	 0 	 0 	 1 	 -1 
224.196		193.004 	 220.230754973 	 -162.98063058 	 0 	 1 	 1 	 0 
231.16		199.107 	 245.896737696 	 -164.427283025 	 0 	 0 	 1 	 0 
240.57		204.791 	 249.233394695 	 -153.35268264 	 0 	 1 	 1 	 -1 
252.146		210 	 240.748329825 	 -149.104899657 	 1 	 1 	 1 	 0 
240.57		215.209 	 251.283240498 	 -145.609183062 	 0 	 1 	 1 	 1 
231.161		220.893 	 228.310555328 	 -141.848292406 	 1 	 0 	 1 	 1 
224.196		226.996 	 231.386206293 	 -137.208792359 	 1 	 0 	 1 	 0 
219.909		233.413 	 237.437724927 	 -123.16840192 	 1 	 0 	 1 	 -1 
218.461		240 	 207.932768734 	 -119.300034238 	 0 	 0 	 1 	 1 
219.909		246.587 	 232.76366816 	 -114.792913152 	 1 	 1 	 1 	 0 
224.195		253.004 	 216.329522283 	 -107.950886859 	 0 	 1 	 1 	 1 
231.16		259.107 	 240.085376675 	 -100.335993504 	 0 	 0 	 1 	 0 
240.57		264.791 	 225.595080513 	 -95.5454895394 	 1 	 0 	 1 	 1 
252.146		270 	 237.643301944 	 -88.2190600576 	 0 	 0 	 1 	 0 
240.57		275.209 	 255.245229966 	 -84.4435164593 	 1 	 0 	 1 	 -1 
231.16		280.893 	 240.885032938 	 -79.8198355324 	 0 	 0 	 1 	 1 
224.195		286.996 	 245.319267429 	 -73.5361418726 	 0 	 1 	 1 	 1 
219.909		293.413 	 213.304135374 	 -64.5606293285 	 1 	 0 	 1 	 -1 
218.461		300 	 208.869884761 	 -61.536795479 	 0 	 1 	 1 	 1 
219.909		306.587 	 199.265767927 	 -52.5754610084 	 0 	 0 	 1 	 1 
224.196		313.004 	 236.36239035 	 -48.4270201082 	 0 	 0 	 1 	 1 
231.161		319.107 	 244.647990623 	 -40.8055259456 	 0 	 1 	 1 	 -1 
240.57		324.791 	 226.511643412 	 -39.4395004653 	 1 	 0 	 1 	 0 
252.146		330 	 239.919085089 	 -33.6075739589 	 1 	 0 	 1 	 0 
265.601		334.715 	 264.47519316 	 -28.5318786131 	 1 	 1 	 1 	 -1 
255.886		339.826 	 261.339797651 	 -15.6542226745 	 0 	 1 	 1 	 0 
248.348		345.295 	 254.244591355 	 -16.479067376 	 1 	 1 	 1 	 1 
243.191		351.052 	 249.681312707 	 -10.7687612262 	 1 	 0 	 1 	 1 
240.57		356.996 	 227.245043793 	 1.36148370318 	 1 	 1 	 1 	 1 
240.57		3.00449 	 259.547483789 	 5.72491543591 	 0 	 1 	 1 	 1 
243.191		8.94827 	 254.768184785 	 8.96162475742 	 1 	 0 	 1 	 -1 
248.348		14.7047 	 241.395923692 	 16.6488580205 	 0 	 0 	 1 	 -1 
255.886		20.1736 	 259.115712096 	 23.8652142428 	 0 	 1 	 1 	 -1 
265.601		25.285 	 251.249321813 	 22.5723104596 	 1 	 0 	 1 	 -1 
277.258		30 	 285.510218297 	 29.0661518831 	 1 	 1 	 1 	 1 
265.601		34.715 	 246.62994661 	 32.5217510301 	 0 	 1 	 1 	 0 
255.887		39.8264 	 251.450939229 	 44.3265439534 	 0 	 1 	 1 	 0 
248.348		45.2953 	 260.531280278 	 47.3694585314 	 0 	 0 	 1 	 1 
243.191		51.0517 	 261.970550248 	 52.3010277317 	 1 	 0 	 1 	 1 
240.57		56.9955 	 232.307849207 	 58.3098729528 	 1 	 0 	 1 	 -1 
240.57		63.0045 	 220.604033751 	 64.1458680015 	 1 	 0 	 1 	 -1 
243.191		68.9483 	 250.688821992 	 66.8568981655 	 0 	 1 	 1 	 0 
248.348		74.7047 	 246.423261794 	 71.6518563561 	 1 	 0 	 1 	 0 
255.887		80.1736 	 244.812746482 	 80.9501144319 	 1 	 1 	 1 	 1 
265.601		85.285 	 252.579172578 	 88.5140005517 	 1 	 0 	 1 	 -1 
277.257		90 	 260.534683747 	 91.1639617197 	 1 	 1 	 1 	 -1 
265.601		94.715 	 275.552171406 	 91.6717743334 	 0 	 0 	 1 	 -1 
255.887		99.8264 	 245.431311397 	 101.298667287 	 1 	 1 	 1 	 0 
248.348		105.295 	 252.350149575 	 102.231890906 	 1 	 0 	 1 	 1 
243.191		111.052 	 250.479036903 	 114.193001664 	 0 	 0 	 1 	 1 
240.57		116.996 	 248.352085252 	 116.470205872 	 1 	 0 	 1 	 -1 
240.57		123.005 	 220.138487294 	 121.264905871 	 1 	 1 	 1 	 0 
243.191		128.948 	 232.30691318 	 128.039813549 	 0 	 0 	 1 	 1 
248.348		134.705 	 234.419800862 	 133.488516713 	 1 	 1 	 1 	 0 
255.887		140.174 	 235.207079326 	 138.330728805 	 0 	 0 	 1 	 -1 
265.6		145.285 	 284.654435382 	 146.176096257 	 1 	 1 	 1 	 0 
277.257		150 	 294.558999667 	 148.792718948 	 1 	 1 	 1 	 0 
265.601		154.715 	 283.377447362 	 152.062980467 	 0 	 0 	 1 	 -1 
255.886		159.826 	 236.352875687 	 161.436141258 	 1 	 1 	 1 	 0 
248.348		165.295 	 232.896770059 	 165.829267101 	 0 	 1 	 1 	 0 
243.191		171.052 	 236.457128145 	 173.225244492 	 0 	 1 	 1 	 -1 
240.57		176.996 	 234.537818086 	 178.704231321 	 1 	 0 	 1 	 0 
240.57		183.005 	 242.334277831 	 -174.921988402 	 1 	 1 	 1 	 -1 
243.191		188.948 	 236.284793739 	 -168.290435733 	 0 	 1 	 1 	 -1 
248.348		194.705 	 246.190752019 	 -162.087011148 	 0 	 1 	 1 	 1 
255.886		200.174 	 238.919975805 	 -159.265879194 	 0 	 0 	 1 	 0 
265.601		205.285 	 265.383820278 	 -157.79990074 	 1 	 1 	 1 	 1 
277.258		210 	 267.354715445 	 -148.285672718 	 1 	 1 	 1 	 0 
265.6		214.715 	 276.292943645 	 -145.574029578 	 0 	 0 	 1 	 0 
255.887		219.826 	 240.069901231 	 -140.873582111 	 1 	 1 	 1 	 -1 
248.348		225.295 	 255.573444755 	 -135.124671079 	 1 	 0 	 1 	 0 
243.191		231.052 	 231.986501435 	 -131.117354905 	 1 	 1 	 1 	 1 
240.57		236.995 	 250.391438861 	 -126.851883725 	 0 	 0 	 1 	 -1 
240.57		243.004 	 254.342040729 	 -117.144577901 	 0 	 1 	 1 	 0 
243.19		248.948 	 228.336860067 	 -111.29580738 	 1 	 1 	 1 	 0 
248.348		254.705 	 257.142884428 	 -109.732787349 	 0 	 0 	 1 	 1 
255.886		260.174 	 259.29423587 	 -102.32229025 	 1 	 0 	 1 	 1 
265.601		265.285 	 275.322424883 	 -95.3768841069 	 0 	 1 	 1 	 -1 
277.258		270 	 290.752179262 	 -89.1727594336 	 0 	 1 	 1 	 1 
265.601		274.715 	 259.854666143 	 -84.2183761187 	 1 	 0 	 1 	 -1 
255.886		279.826 	 271.326582686 	 -79.7809141837 	 1 	 1 	 1 	 -1 
248.348		285.295 	 266.792184764 	 -76.1131113402 	 0 	 1 	 1 	 1 
243.19		291.052 	 233.153159116 	 -66.9068713184 	 1 	 1 	 1 	 1 
240.57		296.996 	 246.666920699 	 -58.7970020595 	 1 	 0 	 1 	 -1 
240.57		303.004 	 249.150103898 	 -61.7177117629 	 1 	 0 	 1 	 -1 
243.191		308.948 	 257.608731763 	 -47.7465612663 	 0 	 0 	 1 	 1 
248.348		314.705 	 232.705520776 	 -42.660208803 	 0 	 1 	 1 	 -1 
255.886		320.174 	 271.798078085 	 -42.4675671947 	 0 	 0 	 1 	 1 
265.6		325.285 	 250.281208797 	 -34.2960438441 	 1 	 1 	 1 	 1 
277.258		330 	 273.679780221 	 -33.2400236042 	 1 	 1 	 1 	 1 
290.619		334.307 	 312.565766548 	 -26.4769806571 	 1 	 1 	 1 	 0 
280.659		338.948 	 297.270305754 	 -20.3950880188 	 0 	 0 	 1 	 1 
272.656		343.898 	 278.466346858 	 -14.0871163742 	 1 	 1 	 1 	 1 
266.79		349.107 	 278.217723538 	 -12.3539612253 	 0 	 0 	 1 	 -1 
263.206		354.504 	 251.070425574 	 -1.54279803281 	 1 	 1 	 1 	 -1 
262.001		0 	 257.305637929 	 -3.63731492018 	 0 	 1 	 1 	 0 
263.206		5.49637 	 280.985459609 	 2.89100928927 	 1 	 0 	 1 	 -1 
266.79		10.8934 	 253.456967576 	 10.690322796 	 0 	 1 	 1 	 0 
272.656		16.1021 	 276.717186966 	 14.0381111027 	 1 	 1 	 1 	 0 
280.659		21.0517 	 298.017153154 	 21.5660653096 	 1 	 0 	 1 	 -1 
290.619		25.6934 	 297.034302136 	 28.3246661534 	 1 	 1 	 1 	 0 
302.34		30 	 307.338247634 	 28.949329761 	 1 	 1 	 1 	 1 
290.619		34.3066 	 279.154165131 	 33.0660531604 	 1 	 1 	 1 	 1 
280.659		38.9483 	 258.441004812 	 38.7768977209 	 1 	 1 	 1 	 0 
272.656		43.8979 	 294.603711535 	 43.3896833321 	 1 	 1 	 1 	 1 
266.789		49.1066 	 258.06968728 	 48.0960561116 	 1 	 0 	 1 	 -1 
263.206		54.5036 	 275.700548062 	 52.8239154659 	 1 	 1 	 1 	 -1 
262.001		60 	 266.045780843 	 63.5820429985 	 1 	 0 	 1 	 1 
263.206		65.4964 	 244.981599347 	 66.474785056 	 0 	 0 	 1 	 0 
266.79		70.8934 	 263.605578936 	 68.0552473502 	 0 	 1 	 1 	 -1 
272.656		76.1021 	 282.883645559 	 74.142619308 	 0 	 1 	 1 	 1 
280.659		81.0517 	 280.743297921 	 78.4453392637 	 1 	 1 	 1 	 0 
290.619		85.6934 	 294.072990101 	 87.4808504871 	 1 	 0 	 1 	 1 
302.34		90 	 294.401475532 	 86.9779958868 	 1 	 1 	 1 	 0 
290.619		94.3066 	 281.530654326 	 93.6632035907 	 1 	 1 	 1 	 1 
280.659		98.9483 	 273.19083987 	 99.5701175087 	 0 	 0 	 1 	 1 
272.655		103.898 	 266.842162692 	 107.325263681 	 0 	 1 	 1 	 -1 
266.79		109.107 	 249.542321051 	 108.419232528 	 0 	 1 	 1 	 0 
263.206		114.504 	 275.294952397 	 116.491069516 	 1 	 1 	 1 	 1 
262		120 	 261.459550685 	 124.328396321 	 1 	 0 	 1 	 0 
263.206		125.496 	 274.554608457 	 127.638870524 	 0 	 1 	 1 	 -1 
266.79		130.893 	 284.415969408 	 130.211303767 	 1 	 1 	 1 	 -1 
272.655		136.102 	 261.416940696 	 135.590822682 	 0 	 0 	 1 	 -1 
280.659		141.052 	 277.537977405 	 142.796590175 	 0 	 1 	 1 	 1 
290.619		145.693 	 275.559184914 	 143.924101781 	 1 	 1 	 1 	 -1 
302.34		150 	 294.743873807 	 150.827027488 	 1 	 0 	 1 	 0 
290.619		154.307 	 286.540873342 	 152.214298423 	 0 	 1 	 1 	 1 
280.659		158.948 	 278.069776469 	 160.664267895 	 1 	 1 	 1 	 0 
272.656		163.898 	 268.334979311 	 162.230294959 	 0 	 1 	 1 	 -1 
266.789		169.107 	 264.205404677 	 172.603807251 	 1 	 1 	 1 	 -1 
263.206		174.504 	 264.851593617 	 178.615267408 	 1 	 1 	 1 	 0 
262.001		180 	 262.723931408 	 -176.139646417 	 1 	 0 	 1 	 0 
263.206		185.496 	 256.598756916 	 -172.33329796 	 1 	 0 	 1 	 1 
266.789		190.893 	 274.312900052 	 -168.349281866 	 1 	 0 	 1 	 0 
272.656		196.102 	 259.496730366 	 -167.394992954 	 0 	 0 	 1 	 1 
280.659		201.052 	 277.017682895 	 -161.036107491 	 0 	 0 	 1 	 1 
290.619		205.693 	 273.677147377 	 -153.955647001 	 0 	 0 	 1 	 1 
302.34		210 	 317.21552966 	 -151.14198581 	 1 	 1 	 1 	 -1 
290.619		214.307 	 289.110915206 	 -149.619296843 	 1 	 0 	 1 	 1 
280.658		218.948 	 264.596482557 	 -141.197362658 	 1 	 1 	 1 	 0 
272.656		223.898 	 276.480318556 	 -132.743998406 	 0 	 0 	 1 	 1 
266.79		229.107 	 267.042401996 	 -127.920858438 	 0 	 0 	 1 	 -1 
263.206		234.504 	 270.300305889 	 -126.15695828 	 1 	 0 	 1 	 -1 
262		240 	 254.039385286 	 -117.043811514 	 1 	 1 	 1 	 0 
263.206		245.496 	 264.909651167 	 -112.668363177 	 0 	 0 	 1 	 -1 
266.789		250.893 	 281.109911444 	 -108.763465725 	 1 	 0 	 1 	 -1 
272.656		256.102 	 274.105104613 	 -101.981381076 	 1 	 0 	 1 	 1 
280.659		261.052 	 268.534030934 	 -96.8587982232 	 0 	 1 	 1 	 1 
290.62		265.693 	 290.084159413 	 -98.1658117114 	 1 	 0 	 1 	 0 
302.34		270 	 307.04907868 	 -88.4478603619 	 1 	 0 	 1 	 -1 
290.62		274.307 	 287.721229332 	 -82.5868516445 	 1 	 1 	 1 	 0 
280.659		278.948 	 272.879113477 	 -84.3384606 	 1 	 1 	 1 	 -1 
272.656		283.898 	 266.917101203 	 -77.3188689849 	 0 	 1 	 1 	 1 
266.789		289.107 	 255.211461278 	 -71.8099233807 	 1 	 1 	 1 	 -1 
263.206		294.504 	 261.525073831 	 -62.832347409 	 0 	 0 	 1 	 0 
262		300 	 272.217120594 	 -60.4800380312 	 0 	 1 	 1 	 -1 
263.206		305.496 	 277.98474025 	 -56.5230559918 	 0 	 0 	 1 	 -1 
266.79		310.893 	 285.490533536 	 -47.3908901273 	 1 	 0 	 1 	 0 
272.656		316.102 	 265.078539647 	 -44.4284617306 	 1 	 1 	 1 	 1 
280.659		321.052 	 264.771676663 	 -41.4137302862 	 0 	 1 	 1 	 1 
290.619		325.693 	 288.351560471 	 -31.3641294974 	 1 	 1 	 1 	 1 
302.34		330 	 316.292777965 	 -32.5713121574 	 0 	 1 	 1 	 0 
315.62		333.963 	 303.032952741 	 -24.4378777627 	 1 	 0 	 1 	 1 
305.457		338.213 	 295.427816517 	 -22.8622886361 	 1 	 0 	 1 	 0 
297.071		342.731 	 298.456376799 	 -15.2156555321 	 0 	 0 	 1 	 -1 
290.619		347.48 	 274.313647634 	 -11.3101243123 	 1 	 0 	 1 	 0 
286.236		352.411 	 267.414325823 	 -8.36980497579 	 0 	 1 	 1 	 0 
284.018		357.457 	 288.548448966 	 -4.28886822719 	 1 	 0 	 1 	 -1 
284.018		2.54292 	 271.624226708 	 1.11868880754 	 1 	 0 	 1 	 1 
286.236		7.58909 	 276.704617443 	 10.0726833721 	 0 	 0 	 1 	 1 
290.619		12.5198 	 271.860669626 	 14.3385875589 	 1 	 0 	 1 	 1 
297.071		17.2695 	 277.207012072 	 15.4691611264 	 0 	 1 	 1 	 1 
305.457		21.7868 	 315.39450084 	 22.7803142477 	 1 	 1 	 1 	 0 
315.62		26.0368 	 314.952590802 	 28.6462278931 	 1 	 0 	 1 	 0 
327.39		30 	 326.325443491 	 33.2426897814 	 0 	 1 	 1 	 1 
305.457		38.2132 	 305.077315518 	 42.1119232473 	 0 	 0 	 1 	 -1 
297.071		42.7305 	 313.980441454 	 41.1255679434 	 1 	 1 	 1 	 -1 
290.619		47.4802 	 290.012175032 	 49.2634417941 	 0 	 1 	 1 	 1 
286.236		52.4109 	 292.761489503 	 51.490144036 	 0 	 0 	 1 	 1 
284.018		57.4571 	 286.327903443 	 54.2198877532 	 1 	 0 	 1 	 -1 
284.018		62.5429 	 272.618856322 	 58.6714550348 	 0 	 0 	 1 	 1 
286.236		67.5891 	 302.001218987 	 67.798457982 	 1 	 0 	 1 	 -1 
290.619		72.5198 	 299.142128448 	 72.6191103585 	 1 	 1 	 1 	 0 
297.071		77.2695 	 286.201956315 	 77.0851952192 	 1 	 0 	 1 	 0 
305.457		81.7868 	 292.918189646 	 79.8767601815 	 1 	 0 	 1 	 0 
315.62		86.0368 	 315.526395272 	 87.4584714175 	 0 	 0 	 1 	 -1 
327.39		90 	 321.370434851 	 89.0954702398 	 0 	 1 	 1 	 -1 
315.62		93.9632 	 316.604620222 	 90.2718859203 	 0 	 1 	 1 	 0 
305.457		98.2132 	 301.885263578 	 99.8426168661 	 0 	 1 	 1 	 -1 
297.071		102.731 	 309.15531322 	 101.258219084 	 1 	 0 	 1 	 1 
290.619		107.48 	 295.898819079 	 104.864130765 	 1 	 1 	 1 	 1 
286.236		112.411 	 270.111489584 	 111.541336807 	 0 	 1 	 1 	 0 
284.018		117.457 	 292.361135423 	 114.549657045 	 1 	 0 	 1 	 -1 
284.018		122.543 	 275.156547862 	 120.633159149 	 1 	 0 	 1 	 -1 
286.236		127.589 	 277.453825762 	 129.656053165 	 0 	 1 	 1 	 1 
290.62		132.52 	 308.201108131 	 132.936083584 	 1 	 0 	 1 	 0 
297.071		137.269 	 296.695098748 	 139.596162697 	 0 	 1 	 1 	 1 
305.457		141.787 	 293.708087208 	 143.945835384 	 1 	 0 	 1 	 1 
315.62		146.037 	 309.68500245 	 142.749528217 	 0 	 0 	 1 	 -1 
327.39		150 	 335.775257453 	 150.586255297 	 0 	 0 	 1 	 -1 
315.619		153.963 	 328.829364013 	 154.664024607 	 0 	 1 	 1 	 1 
305.457		158.213 	 299.176466753 	 155.913609551 	 0 	 0 	 1 	 0 
297.071		162.731 	 296.012127301 	 160.167934375 	 0 	 1 	 1 	 1 
290.62		167.48 	 295.530316717 	 166.332900744 	 0 	 0 	 1 	 -1 
286.236		172.411 	 282.797969024 	 169.114602512 	 0 	 0 	 1 	 1 
284.019		177.457 	 266.363369649 	 177.909824386 	 0 	 1 	 1 	 -1 
284.019		182.543 	 277.406203549 	 -175.062631998 	 1 	 1 	 1 	 1 
286.236		187.589 	 268.01592329 	 -172.329709586 	 0 	 0 	 1 	 1 
290.62		192.52 	 297.141828941 	 -165.392767083 	 0 	 0 	 1 	 -1 
297.071		197.269 	 288.606276857 	 -163.590924975 	 0 	 0 	 1 	 0 
305.457		201.787 	 294.175071386 	 -156.4071495 	 0 	 1 	 1 	 1 
315.62		206.037 	 328.266874583 	 -154.398143462 	 0 	 1 	 1 	 -1 
327.39		210 	 344.97267734 	 -149.288032705 	 1 	 1 	 1 	 1 
315.62		213.963 	 321.272268154 	 -149.227916148 	 0 	 0 	 1 	 1 
305.457		218.213 	 295.902428121 	 -144.498850025 	 0 	 0 	 1 	 1 
297.071		222.731 	 299.388011264 	 -135.57652089 	 0 	 0 	 1 	 -1 
290.619		227.48 	 283.434568622 	 -135.733367182 	 0 	 0 	 1 	 -1 
286.236		232.411 	 306.948341326 	 -127.294486157 	 1 	 0 	 1 	 -1 
284.018		237.457 	 292.071180791 	 -119.852364207 	 1 	 0 	 1 	 0 
284.019		242.543 	 280.096921156 	 -118.825104766 	 0 	 0 	 1 	 -1 
286.236		247.589 	 276.675299743 	 -112.263215717 	 0 	 1 	 1 	 0 
290.62		252.52 	 277.888766226 	 -107.898154775 	 0 	 1 	 1 	 0 
297.071		257.269 	 288.365860779 	 -103.320897333 	 1 	 1 	 1 	 -1 
305.457		261.787 	 301.809591022 	 -99.7424145491 	 0 	 1 	 1 	 1 
315.62		266.037 	 295.454892177 	 -95.7018021695 	 0 	 0 	 1 	 1 
327.39		270 	 324.67293609 	 -91.7025190226 	 1 	 0 	 1 	 0 
315.62		273.963 	 305.326387931 	 -87.2365518594 	 0 	 1 	 1 	 -1 
305.457		278.213 	 311.408859898 	 -82.8395159193 	 0 	 1 	 1 	 1 
297.071		282.731 	 307.782804667 	 -74.1717510438 	 1 	 0 	 1 	 -1 
290.62		287.48 	 285.127864714 	 -74.618383162 	 0 	 1 	 1 	 -1 
286.236		292.411 	 298.879848113 	 -68.1031682278 	 0 	 0 	 1 	 0 
284.019		297.457 	 288.307540828 	 -58.5194378287 	 1 	 0 	 1 	 -1 
284.018		302.543 	 290.170882303 	 -60.4740306709 	 0 	 1 	 1 	 1 
286.236		307.589 	 282.402812847 	 -50.3119018647 	 0 	 1 	 1 	 -1 
290.619		312.52 	 273.482397524 	 -46.902657129 	 1 	 0 	 1 	 1 
297.071		317.269 	 289.700649492 	 -46.084455428 	 1 	 0 	 1 	 1 
305.457		321.787 	 310.235721182 	 -40.5466044106 	 1 	 1 	 1 	 0 
327.39		330 	 341.546030124 	 -30.597865985 	 1 	 1 	 1 	 0 
340.597		333.67 	 338.876051399 	 -28.6514492598 	 0 	 1 	 1 	 0 
330.266		337.589 	 319.48801991 	 -22.3555705667 	 0 	 1 	 1 	 1 
321.56		341.742 	 327.616433273 	 -16.2468979252 	 0 	 0 	 1 	 -1 
314.619		346.102 	 323.997425152 	 -14.8547695244 	 1 	 1 	 1 	 -1 
309.563		350.633 	 292.064853658 	 -7.28790474115 	 1 	 1 	 1 	 1 
306.489		355.285 	 306.313084541 	 -0.77488445007 	 0 	 0 	 1 	 -1 
305.457		0 	 318.601530524 	 -1.4372212494 	 1 	 0 	 1 	 1 
306.489		4.715 	 299.934736697 	 5.38786502349 	 1 	 0 	 1 	 1 
309.563		9.367 	 310.860958848 	 10.7637375502 	 1 	 1 	 1 	 1 
314.619		13.8979 	 299.821299678 	 14.7033673608 	 1 	 0 	 1 	 1 
321.56		18.2585 	 331.242551542 	 17.1594353385 	 0 	 1 	 1 	 -1 
330.266		22.4109 	 350.637043945 	 22.9470359106 	 0 	 0 	 1 	 0 
340.597		26.3295 	 334.588856906 	 27.1898489145 	 1 	 1 	 1 	 1 
352.406		30 	 365.724030156 	 29.4246130024 	 1 	 0 	 1 	 0 
340.597		33.6705 	 339.34597988 	 31.0152790804 	 1 	 1 	 1 	 -1 
330.266		37.5891 	 315.418510673 	 39.2354885396 	 1 	 1 	 1 	 -1 
321.56		41.7415 	 311.867165961 	 41.5849109648 	 1 	 1 	 1 	 0 
314.619		46.1021 	 312.264942325 	 44.0606820232 	 0 	 1 	 1 	 1 
309.563		50.633 	 292.138261962 	 51.4737123344 	 1 	 0 	 1 	 0 
306.489		55.285 	 312.353873492 	 52.2902443375 	 1 	 0 	 1 	 0 
305.457		60 	 293.016219896 	 59.0965118786 	 1 	 1 	 1 	 1 
306.489		64.715 	 297.632624097 	 66.7948490125 	 0 	 1 	 1 	 0 
309.563		69.367 	 322.480130811 	 71.1257787785 	 1 	 0 	 1 	 0 
314.619		73.8979 	 304.123932001 	 72.3725864568 	 1 	 1 	 1 	 1 
321.56		78.2585 	 312.480136147 	 78.5437441087 	 1 	 0 	 1 	 1 
330.266		82.4109 	 340.961848424 	 82.3940918356 	 1 	 1 	 1 	 1 
340.597		86.3295 	 346.050734448 	 84.278435949 	 1 	 0 	 1 	 -1 
352.406		90 	 344.764716932 	 91.4526998626 	 0 	 0 	 1 	 0 
340.597		93.6705 	 327.114296188 	 91.6757998835 	 1 	 0 	 1 	 0 
330.266		97.5891 	 328.800194826 	 99.7613932346 	 0 	 0 	 1 	 -1 
321.56		101.742 	 301.359592034 	 100.12970153 	 1 	 0 	 1 	 -1 
314.619		106.102 	 309.9820543 	 102.109728246 	 0 	 1 	 1 	 1 
309.563		110.633 	 318.818828443 	 107.835644361 	 0 	 1 	 1 	 1 
306.489		115.285 	 321.819573091 	 116.790573936 	 1 	 0 	 1 	 1 
305.457		120 	 308.395590699 	 122.097958945 	 1 	 1 	 1 	 1 
306.489		124.715 	 317.42952844 	 121.429574593 	 0 	 1 	 1 	 0 
309.563		129.367 	 324.248438169 	 129.016040178 	 0 	 1 	 1 	 0 
314.619		133.898 	 297.061597548 	 134.086736766 	 1 	 1 	 1 	 0 
321.56		138.258 	 334.228347351 	 141.374418725 	 1 	 1 	 1 	 1 
330.266		142.411 	 326.530825705 	 140.812758613 	 1 	 1 	 1 	 -1 
340.597		146.329 	 348.055895065 	 143.270539016 	 1 	 1 	 1 	 -1 
352.406		150 	 348.654527939 	 147.936217814 	 0 	 1 	 1 	 -1 
340.597		153.671 	 331.539953983 	 153.353861473 	 1 	 1 	 1 	 -1 
330.266		157.589 	 333.954323811 	 160.372318391 	 0 	 1 	 1 	 0 
321.561		161.742 	 307.708249893 	 160.771136555 	 1 	 0 	 1 	 -1 
314.618		166.102 	 322.051875443 	 166.357434036 	 1 	 1 	 1 	 -1 
309.563		170.633 	 315.861486218 	 172.161237517 	 0 	 1 	 1 	 1 
306.488		175.285 	 325.3475164 	 175.169789282 	 1 	 1 	 1 	 1 
305.457		180 	 313.251477451 	 -179.306499752 	 0 	 1 	 1 	 1 
306.488		184.715 	 313.52529355 	 -172.047417083 	 1 	 1 	 1 	 0 
309.563		189.367 	 308.300631996 	 -173.747675359 	 0 	 0 	 1 	 0 
314.618		193.898 	 332.997129084 	 -164.204088792 	 1 	 0 	 1 	 1 
321.561		198.258 	 312.101498723 	 -161.765424048 	 1 	 1 	 1 	 1 
330.266		202.411 	 320.92427171 	 -158.290274341 	 1 	 0 	 1 	 0 
340.597		206.329 	 351.835627218 	 -151.806108122 	 1 	 0 	 1 	 0 
352.406		210 	 350.861564538 	 -146.444653566 	 0 	 1 	 1 	 1 
330.266		217.589 	 324.713083342 	 -138.706309887 	 1 	 1 	 1 	 -1 
321.56		221.742 	 317.941469739 	 -141.181584938 	 1 	 1 	 1 	 0 
314.619		226.102 	 320.95798105 	 -133.090190322 	 1 	 0 	 1 	 0 
309.563		230.633 	 310.049884748 	 -127.695658544 	 1 	 1 	 1 	 1 
306.489		235.285 	 316.335164633 	 -123.192533509 	 0 	 1 	 1 	 0 
305.456		240 	 307.124556517 	 -117.39680892 	 1 	 1 	 1 	 -1 
306.488		244.715 	 317.376161496 	 -118.125882683 	 0 	 0 	 1 	 1 
309.563		249.367 	 318.730862298 	 -111.67902218 	 0 	 0 	 1 	 0 
314.619		253.898 	 299.069323481 	 -105.076133705 	 1 	 0 	 1 	 -1 
321.56		258.258 	 329.310121991 	 -101.513593297 	 0 	 0 	 1 	 -1 
330.266		262.411 	 351.282163887 	 -96.3258966016 	 1 	 0 	 1 	 1 
340.597		266.33 	 353.825279124 	 -95.1409823645 	 1 	 0 	 1 	 -1 
340.597		273.671 	 326.05961429 	 -87.5305630993 	 0 	 1 	 1 	 -1 
330.266		277.589 	 315.797913076 	 -83.1334093274 	 0 	 0 	 1 	 0 
321.56		281.742 	 331.523557614 	 -77.4884400942 	 0 	 0 	 1 	 0 
314.619		286.102 	 321.068156203 	 -70.2317034897 	 0 	 0 	 1 	 1 
309.563		290.633 	 320.189996199 	 -68.3402499253 	 1 	 0 	 1 	 1 
306.488		295.285 	 291.24118396 	 -64.8805826079 	 0 	 0 	 1 	 0 
305.457		300 	 323.782163781 	 -61.5863785317 	 0 	 1 	 1 	 -1 
306.489		304.715 	 315.622954161 	 -53.2495152918 	 0 	 1 	 1 	 1 
309.563		309.367 	 297.626249768 	 -47.4947495808 	 1 	 0 	 1 	 0 
314.619		313.898 	 302.472160179 	 -48.6696145878 	 0 	 1 	 1 	 0 
321.56		318.258 	 336.753675139 	 -39.3057791869 	 0 	 0 	 1 	 -1 
330.266		322.411 	 334.12147872 	 -35.5190609958 	 1 	 0 	 1 	 -1 
340.597		326.33 	 351.693856694 	 -34.5204150213 	 0 	 1 	 1 	 -1 
352.406		330 	 350.588037122 	 -28.7644517036 	 1 	 0 	 1 	 0 
365.546		333.418 	 366.050082032 	 -28.2093231316 	 1 	 1 	 1 	 1 
355.074		337.053 	 346.564687797 	 -19.6705843467 	 0 	 0 	 1 	 0 
346.099		340.893 	 357.886274168 	 -17.6862259161 	 1 	 1 	 1 	 -1 
338.742		344.921 	 341.670830347 	 -13.0466058153 	 1 	 1 	 1 	 -1 
333.116		349.107 	 339.817840284 	 -12.1918514145 	 1 	 0 	 1 	 0 
329.31		353.413 	 320.517198456 	 -6.87648655777 	 1 	 0 	 1 	 0 
327.39		357.796 	 310.151314452 	 -4.65524404876 	 1 	 0 	 1 	 -1 
327.39		2.20423 	 318.565440959 	 0.654839483299 	 1 	 1 	 1 	 0 
329.31		6.58678 	 316.599560527 	 7.60268039908 	 0 	 0 	 1 	 -1 
333.116		10.8934 	 326.673262961 	 9.60547956475 	 0 	 1 	 1 	 1 
338.742		15.0791 	 353.684310158 	 16.3754865883 	 1 	 0 	 1 	 1 
346.099		19.1066 	 353.613058441 	 15.9383449212 	 1 	 0 	 1 	 0 
355.074		22.9473 	 351.435509733 	 20.7039712509 	 1 	 0 	 1 	 1 
365.546		26.582 	 380.185802458 	 23.9852225226 	 0 	 0 	 1 	 0 
377.385		30 	 378.076895221 	 32.6089201094 	 0 	 0 	 1 	 0 
365.546		33.418 	 375.576025193 	 31.6548691248 	 0 	 0 	 1 	 -1 
355.074		37.0527 	 335.295764879 	 37.2173583766 	 0 	 0 	 1 	 1 
346.099		40.8934 	 337.836760147 	 41.9597640858 	 1 	 0 	 1 	 0 
338.743		44.9209 	 345.022122189 	 42.1467557231 	 1 	 1 	 1 	 -1 
333.116		49.1066 	 342.890595523 	 49.0029152966 	 0 	 0 	 1 	 0 
329.31		53.4132 	 333.232628527 	 55.5552477691 	 1 	 1 	 1 	 1 
327.39		57.7958 	 317.700866024 	 58.2917982262 	 1 	 1 	 1 	 0 
327.39		62.2042 	 327.297222682 	 59.6460834008 	 1 	 1 	 1 	 0 
329.31		66.5868 	 339.562480218 	 66.9578776083 	 1 	 0 	 1 	 0 
333.116		70.8934 	 319.334158825 	 70.3319489325 	 1 	 1 	 1 	 -1 
338.742		75.0791 	 321.316909987 	 77.0038969595 	 1 	 1 	 1 	 -1 
346.099		79.1066 	 339.574820226 	 79.9451035498 	 0 	 0 	 1 	 1 
355.074		82.9473 	 370.262138671 	 80.7655877127 	 0 	 0 	 1 	 -1 
