25.2587		30 	 203.696492232 	 -55.1167409306 	 0 	 1 	 1 	 -1 
25.2587		90 	 89.78484669 	 -31.5356028683 	 1 	 0 	 1 	 0 
25.2587		150 	 246.739332772 	 161.41842083 	 1 	 0 	 1 	 -1 
25.2587		210 	 123.147471724 	 59.2410190656 	 1 	 0 	 1 	 -1 
25.2587		270 	 83.4184877893 	 -47.4531212097 	 0 	 1 	 1 	 1 
43.7478		0 	 288.674809305 	 92.0097244153 	 0 	 1 	 1 	 0 
50.5147		30 	 140.12112826 	 32.3387602494 	 0 	 1 	 1 	 0 
43.7478		60 	 239.606895593 	 57.0748581151 	 1 	 0 	 1 	 -1 
50.5147		90 	 19.2844651937 	 92.3942236725 	 0 	 1 	 1 	 0 
43.7478		120 	 172.872881397 	 78.9577535655 	 0 	 1 	 1 	 1 
50.5147		150 	 229.273372791 	 50.1132583933 	 0 	 1 	 1 	 -1 
43.7478		180 	 123.732604648 	 39.4906588124 	 1 	 0 	 1 	 -1 
50.5147		210 	 158.314922993 	 91.8873113245 	 1 	 0 	 1 	 -1 
43.7478		240 	 200.375557108 	 155.251284891 	 1 	 0 	 1 	 1 
43.7478		300 	 322.764555458 	 97.1913225762 	 0 	 1 	 1 	 -1 
50.5148		330 	 246.140216731 	 117.303940092 	 0 	 1 	 1 	 1 
66.8212		349.107 	 27.6574564557 	 -38.1992951958 	 1 	 0 	 1 	 1 
66.8212		10.8934 	 197.632229227 	 -92.4219696734 	 0 	 1 	 1 	 0 
75.7654		30 	 197.608455686 	 35.3937441824 	 1 	 0 	 1 	 0 
66.8212		49.1066 	 273.173863405 	 143.842780665 	 0 	 1 	 1 	 0 
66.8212		70.8934 	 278.701285737 	 -70.3077221036 	 1 	 0 	 1 	 1 
75.7654		90 	 82.236436601 	 -92.7682000488 	 0 	 1 	 1 	 1 
66.8212		109.107 	 247.072864621 	 -21.2485245975 	 0 	 1 	 1 	 1 
66.8212		130.893 	 229.387093665 	 144.503071683 	 0 	 1 	 1 	 0 
75.7654		150 	 31.4376568507 	 -59.304590675 	 1 	 0 	 1 	 1 
66.8212		169.107 	 135.673937018 	 156.150493414 	 1 	 0 	 1 	 -1 
66.8212		190.893 	 96.4985862298 	 -93.2431580883 	 0 	 1 	 1 	 1 
66.8212		229.107 	 152.096678492 	 -99.9910593922 	 0 	 1 	 1 	 1 
66.8212		250.893 	 160.088085547 	 -118.815262073 	 1 	 0 	 1 	 1 
75.7654		270 	 5.85407146185 	 113.976603522 	 1 	 0 	 1 	 1 
66.8212		289.107 	 132.361115683 	 -8.31482500138 	 0 	 1 	 1 	 0 
66.8212		310.893 	 56.8756514447 	 -41.3480107618 	 0 	 1 	 1 	 -1 
75.7654		330 	 236.087829867 	 -99.7967608032 	 1 	 0 	 1 	 0 
91.0523		343.898 	 199.34853166 	 -179.13859086 	 1 	 0 	 1 	 -1 
87.4818		0 	 66.9245926663 	 -137.03919288 	 0 	 1 	 1 	 1 
91.0523		16.1021 	 120.743548775 	 -46.2769492556 	 1 	 0 	 1 	 1 
101.008		30 	 249.116316245 	 156.063507954 	 1 	 0 	 1 	 -1 
91.0523		43.8979 	 137.923430362 	 89.9232633854 	 0 	 1 	 1 	 0 
87.4818		60 	 78.7883869408 	 49.6156908136 	 1 	 0 	 1 	 0 
91.0523		76.1021 	 70.4037644359 	 42.3470964372 	 1 	 0 	 1 	 -1 
91.0523		103.898 	 167.226104767 	 19.4666290876 	 0 	 1 	 1 	 0 
87.4818		120 	 235.231412298 	 -169.806922659 	 0 	 1 	 1 	 -1 
91.0523		136.102 	 290.501303558 	 -165.940466154 	 1 	 0 	 1 	 1 
91.0523		163.898 	 126.421324074 	 113.596108166 	 0 	 1 	 1 	 1 
87.4818		180 	 57.8305486827 	 -13.0432920324 	 0 	 1 	 1 	 0 
91.0523		196.102 	 98.9181519789 	 -6.98404586121 	 0 	 1 	 1 	 -1 
101.008		210 	 1.22061418277 	 -161.658175026 	 1 	 0 	 1 	 0 
91.0523		223.898 	 292.245924494 	 -116.430319085 	 0 	 1 	 1 	 1 
87.4818		240 	 158.907960873 	 3.12163161027 	 1 	 0 	 1 	 0 
91.0523		256.102 	 121.56909408 	 -1.60106812283 	 1 	 0 	 1 	 -1 
101.008		270 	 167.486633773 	 157.064314336 	 1 	 0 	 1 	 0 
91.0523		283.898 	 207.41487949 	 66.5730016446 	 1 	 0 	 1 	 1 
87.4817		300 	 53.0505452475 	 62.1979454067 	 1 	 0 	 1 	 0 
91.0523		316.102 	 41.896637974 	 -103.36849667 	 1 	 0 	 1 	 0 
101.008		330 	 270.89843666 	 -54.0342108498 	 0 	 1 	 1 	 1 
115.709		340.893 	 232.923869889 	 145.200418369 	 0 	 1 	 1 	 0 
110.065		353.413 	 30.9486094757 	 -96.9862908383 	 0 	 1 	 1 	 1 
110.065		6.58677 	 96.4317813057 	 88.7072676611 	 0 	 1 	 1 	 0 
115.709		19.1066 	 80.3545401329 	 122.592798079 	 0 	 1 	 1 	 1 
126.24		30 	 289.509373539 	 111.423078155 	 1 	 0 	 1 	 -1 
115.709		40.8934 	 17.2947503423 	 153.724493927 	 1 	 0 	 1 	 0 
110.065		53.4132 	 196.559644689 	 56.3858846335 	 1 	 0 	 1 	 0 
110.065		66.5868 	 319.081202078 	 145.499163416 	 0 	 1 	 1 	 1 
115.709		79.1066 	 18.9236122662 	 -76.4080281265 	 0 	 1 	 1 	 1 
126.24		90 	 96.9603574993 	 134.884425376 	 1 	 0 	 1 	 0 
115.709		100.893 	 129.433351759 	 -143.95031291 	 0 	 1 	 1 	 -1 
110.065		113.413 	 10.831608129 	 -165.633470828 	 0 	 1 	 1 	 -1 
110.065		126.587 	 152.914217827 	 -22.5207579482 	 1 	 0 	 1 	 1 
115.709		139.107 	 239.511838798 	 39.60504821 	 1 	 0 	 1 	 0 
126.24		150 	 106.837317739 	 -89.0068095381 	 1 	 0 	 1 	 1 
115.709		160.893 	 318.376236305 	 81.4968830491 	 1 	 0 	 1 	 0 
110.066		173.413 	 118.969977387 	 5.57611937553 	 0 	 1 	 1 	 0 
110.066		186.587 	 183.200558336 	 -110.612540976 	 1 	 0 	 1 	 0 
115.709		199.107 	 36.1445323829 	 -41.0923470067 	 0 	 1 	 1 	 1 
126.24		210 	 161.284055919 	 -109.702583558 	 1 	 0 	 1 	 -1 
115.709		220.893 	 26.1122086981 	 80.9419619743 	 0 	 1 	 1 	 -1 
110.065		233.413 	 58.2367846666 	 45.7729976686 	 0 	 1 	 1 	 -1 
110.065		246.587 	 193.615475669 	 -54.8317052385 	 1 	 0 	 1 	 -1 
115.709		259.107 	 159.217543449 	 -87.7360451855 	 0 	 1 	 1 	 -1 
126.24		270 	 98.7635788602 	 71.5709247876 	 0 	 1 	 1 	 0 
115.709		280.893 	 220.653063917 	 164.710378511 	 0 	 1 	 1 	 0 
110.065		293.413 	 154.95234001 	 63.6905999056 	 1 	 0 	 1 	 1 
110.065		306.587 	 165.588143043 	 89.8148625024 	 1 	 0 	 1 	 0 
115.709		319.107 	 306.018069829 	 51.788553973 	 1 	 0 	 1 	 -1 
126.24		330 	 10.5051514256 	 -9.73933915578 	 0 	 1 	 1 	 1 
140.56		338.948 	 15.0458416516 	 -89.0133899758 	 1 	 0 	 1 	 -1 
133.593		349.107 	 287.713082676 	 -88.2410627695 	 1 	 0 	 1 	 1 
131.188		0 	 217.512298496 	 -27.207449359 	 0 	 1 	 1 	 0 
133.593		10.8934 	 69.9325477641 	 92.3326474251 	 0 	 1 	 1 	 0 
140.56		21.0517 	 171.515021991 	 121.387720231 	 0 	 1 	 1 	 0 
151.459		30 	 192.592075223 	 133.891280219 	 1 	 0 	 1 	 0 
140.56		38.9483 	 253.256938362 	 108.390849808 	 1 	 0 	 1 	 1 
133.593		49.1066 	 41.136492525 	 135.155389468 	 0 	 1 	 1 	 -1 
131.188		60 	 264.1221768 	 134.018304198 	 0 	 1 	 1 	 1 
133.593		70.8934 	 21.9776094333 	 104.867452185 	 1 	 0 	 1 	 -1 
140.56		81.0517 	 109.098452728 	 -134.903480356 	 1 	 0 	 1 	 -1 
151.459		90 	 54.2901363881 	 112.549111959 	 1 	 0 	 1 	 1 
140.56		98.9483 	 228.625842097 	 124.557149986 	 0 	 1 	 1 	 0 
133.593		109.107 	 155.407971087 	 154.896253862 	 1 	 0 	 1 	 -1 
131.188		120 	 234.088180038 	 69.6382125396 	 1 	 0 	 1 	 0 
133.593		130.893 	 244.385094404 	 56.1098793212 	 0 	 1 	 1 	 -1 
140.56		141.052 	 132.840744965 	 -142.299044548 	 0 	 1 	 1 	 0 
151.459		150 	 212.15870129 	 -128.287064133 	 0 	 1 	 1 	 0 
140.56		158.948 	 247.631089705 	 -6.91933602932 	 0 	 1 	 1 	 -1 
133.593		169.107 	 164.576930274 	 17.9868667078 	 1 	 0 	 1 	 0 
131.188		180 	 14.8742017955 	 152.338054735 	 0 	 1 	 1 	 -1 
133.593		190.893 	 132.001418626 	 -35.0040979173 	 1 	 0 	 1 	 1 
140.56		201.052 	 8.63567512418 	 -50.9629794226 	 0 	 1 	 1 	 1 
151.459		210 	 213.581723463 	 -121.550648104 	 0 	 1 	 1 	 0 
140.56		218.948 	 8.1950080411 	 -112.806501917 	 1 	 0 	 1 	 0 
133.593		229.107 	 77.2819195109 	 23.1659108019 	 1 	 0 	 1 	 1 
131.188		240 	 291.578370184 	 119.632466595 	 1 	 0 	 1 	 1 
133.592		250.893 	 132.434435707 	 -140.787275722 	 1 	 0 	 1 	 0 
140.56		261.052 	 59.2250437227 	 -46.7679516428 	 0 	 1 	 1 	 0 
151.459		270 	 218.443883248 	 40.1632979372 	 0 	 1 	 1 	 -1 
140.56		278.948 	 213.360201179 	 103.797721384 	 1 	 0 	 1 	 -1 
133.592		289.107 	 194.384022849 	 -56.6136769256 	 1 	 0 	 1 	 -1 
131.188		300 	 125.835310783 	 -154.838450831 	 1 	 0 	 1 	 0 
133.593		310.893 	 115.832509401 	 -140.428622282 	 1 	 0 	 1 	 1 
140.56		321.052 	 267.794280809 	 21.0755902378 	 1 	 0 	 1 	 -1 
151.459		330 	 289.652367833 	 -119.105189365 	 1 	 0 	 1 	 0 
165.51		337.589 	 203.958632331 	 -101.659351969 	 0 	 1 	 1 	 1 
157.635		346.102 	 283.285392615 	 116.97014272 	 1 	 0 	 1 	 0 
153.545		355.285 	 125.307579242 	 -177.705247013 	 1 	 0 	 1 	 1 
153.545		4.715 	 314.797792441 	 162.464710822 	 1 	 0 	 1 	 -1 
157.635		13.8979 	 58.9629441828 	 15.1528541649 	 0 	 1 	 1 	 -1 
165.51		22.4109 	 140.971768112 	 -9.29191870766 	 1 	 0 	 1 	 1 
176.661		30 	 216.250885893 	 -61.425971696 	 0 	 1 	 1 	 1 
165.51		37.5891 	 294.741035738 	 -91.4586091085 	 0 	 1 	 1 	 0 
157.635		46.1021 	 24.3222802806 	 -152.857657314 	 1 	 0 	 1 	 0 
153.545		55.285 	 189.046411998 	 114.280287535 	 0 	 1 	 1 	 0 
153.545		64.715 	 288.753601584 	 -158.121600228 	 0 	 1 	 1 	 -1 
157.635		73.8979 	 45.8764962757 	 115.96592214 	 0 	 1 	 1 	 1 
165.51		82.4109 	 254.963546868 	 -29.5609759271 	 0 	 1 	 1 	 -1 
176.661		90 	 129.011597797 	 54.9381134987 	 0 	 1 	 1 	 0 
165.51		97.5891 	 267.80420449 	 151.347241929 	 1 	 0 	 1 	 -1 
157.635		106.102 	 300.902592651 	 -101.200841109 	 0 	 1 	 1 	 1 
153.545		115.285 	 176.37888216 	 -23.7346572418 	 0 	 1 	 1 	 -1 
153.545		124.715 	 190.86911315 	 -90.054246027 	 1 	 0 	 1 	 -1 
157.635		133.898 	 201.701768845 	 106.653022889 	 0 	 1 	 1 	 1 
165.51		142.411 	 44.063090583 	 -115.855584557 	 0 	 1 	 1 	 0 
176.661		150 	 266.957067157 	 75.9750801197 	 1 	 0 	 1 	 -1 
165.509		157.589 	 102.202212672 	 57.5917088891 	 1 	 0 	 1 	 0 
157.635		166.102 	 136.398941816 	 141.608368294 	 0 	 1 	 1 	 0 
153.546		175.285 	 173.892786119 	 84.8400620975 	 1 	 0 	 1 	 -1 
153.546		184.715 	 52.0885122674 	 -168.921122441 	 1 	 0 	 1 	 -1 
157.635		193.898 	 109.971673474 	 -117.823416546 	 0 	 1 	 1 	 -1 
165.509		202.411 	 278.509383742 	 -135.954599172 	 1 	 0 	 1 	 0 
165.51		217.589 	 113.90234725 	 -83.1639554551 	 1 	 0 	 1 	 0 
157.635		226.102 	 41.0138816296 	 -159.330224356 	 0 	 1 	 1 	 -1 
153.545		235.285 	 233.541542765 	 52.3440051025 	 0 	 1 	 1 	 0 
153.545		244.715 	 206.852661329 	 106.200792737 	 1 	 0 	 1 	 0 
157.635		253.898 	 287.319019321 	 139.976062016 	 1 	 0 	 1 	 1 
165.51		262.411 	 193.772992469 	 30.3057163315 	 1 	 0 	 1 	 0 
176.661		270 	 219.506032803 	 81.4258111707 	 1 	 0 	 1 	 1 
165.51		277.589 	 195.438561568 	 -103.381163886 	 0 	 1 	 1 	 0 
157.635		286.102 	 212.193012591 	 1.24037648489 	 1 	 0 	 1 	 1 
153.545		295.285 	 30.1152153466 	 -116.821264343 	 0 	 1 	 1 	 0 
153.545		304.715 	 47.1966388301 	 16.4603528691 	 0 	 1 	 1 	 0 
157.635		313.898 	 68.9573392944 	 -105.7997548 	 1 	 0 	 1 	 0 
165.51		322.411 	 276.891609852 	 99.5337655122 	 0 	 1 	 1 	 -1 
176.661		330 	 62.4219281587 	 60.3741759585 	 1 	 0 	 1 	 -1 
190.511		336.587 	 318.902085793 	 4.26053764961 	 1 	 0 	 1 	 1 
181.979		343.898 	 97.9611313051 	 179.867762428 	 0 	 1 	 1 	 0 
176.661		351.787 	 216.56154465 	 -17.2772436109 	 0 	 1 	 1 	 0 
174.852		0 	 203.424494154 	 81.094416729 	 1 	 0 	 1 	 0 
176.661		8.21321 	 196.16811164 	 -0.367672898296 	 0 	 1 	 1 	 -1 
181.979		16.1021 	 305.303494355 	 -54.5751399149 	 1 	 0 	 1 	 0 
190.511		23.4132 	 71.302191314 	 66.3701834069 	 1 	 0 	 1 	 1 
201.845		30 	 270.193431892 	 1.70866874041 	 1 	 0 	 1 	 0 
181.979		43.8979 	 205.148647228 	 93.3247572987 	 0 	 1 	 1 	 -1 
176.661		51.7868 	 191.299440457 	 -114.038376719 	 0 	 1 	 1 	 -1 
174.852		60 	 180.713586775 	 98.777663957 	 0 	 1 	 1 	 -1 
176.661		68.2132 	 187.911520574 	 -128.701761457 	 1 	 0 	 1 	 0 
181.979		76.1021 	 208.887665568 	 -157.174049282 	 0 	 1 	 1 	 1 
190.511		83.4132 	 66.4899929662 	 -81.7034065551 	 1 	 0 	 1 	 0 
201.845		90 	 84.6140739661 	 57.8316083914 	 1 	 0 	 1 	 1 
190.511		96.5868 	 141.640357483 	 179.801429341 	 1 	 0 	 1 	 0 
181.979		103.898 	 210.905401517 	 112.811114035 	 0 	 1 	 1 	 1 
176.661		111.787 	 211.516310192 	 -112.179701992 	 0 	 1 	 1 	 1 
174.852		120 	 280.773388388 	 97.3109193039 	 1 	 0 	 1 	 0 
176.661		128.213 	 1.10178253208 	 -72.3502814843 	 0 	 1 	 1 	 -1 
181.979		136.102 	 156.075138838 	 43.1462614697 	 1 	 0 	 1 	 0 
190.51		143.413 	 106.8579963 	 -96.3471130602 	 0 	 1 	 1 	 0 
201.845		150 	 109.747430023 	 -147.519003651 	 1 	 0 	 1 	 -1 
190.511		156.587 	 102.772527011 	 -89.5632305304 	 1 	 0 	 1 	 1 
181.979		163.898 	 251.987018027 	 -176.076206993 	 0 	 1 	 1 	 -1 
176.661		171.787 	 77.3187552446 	 16.1267216991 	 1 	 0 	 1 	 1 
174.852		180 	 124.432927845 	 40.8026365352 	 1 	 0 	 1 	 0 
176.661		188.213 	 298.103636941 	 12.3611534562 	 1 	 0 	 1 	 0 
181.979		196.102 	 70.9484316891 	 -34.1383416277 	 1 	 0 	 1 	 0 
190.511		203.413 	 225.71544665 	 -167.908835468 	 1 	 0 	 1 	 -1 
201.845		210 	 108.918665881 	 101.22407767 	 0 	 1 	 1 	 1 
190.51		216.587 	 35.9005464912 	 150.255828452 	 0 	 1 	 1 	 0 
181.979		223.898 	 96.0929507592 	 4.32134347214 	 0 	 1 	 1 	 -1 
176.661		231.787 	 2.30174637792 	 12.4316627392 	 0 	 1 	 1 	 0 
174.853		240 	 14.6162723292 	 103.119462291 	 1 	 0 	 1 	 -1 
176.662		248.213 	 278.041748573 	 -172.511017078 	 0 	 1 	 1 	 1 
181.979		256.102 	 286.097334431 	 -56.7995583921 	 1 	 0 	 1 	 0 
190.511		263.413 	 68.3912107322 	 -152.025125567 	 0 	 1 	 1 	 1 
190.511		276.587 	 193.675082444 	 -96.71020605 	 0 	 1 	 1 	 1 
181.979		283.898 	 267.706132744 	 -15.4496726038 	 0 	 1 	 1 	 1 
176.662		291.787 	 151.779663046 	 -39.6783125003 	 1 	 0 	 1 	 1 
174.853		300 	 264.823797906 	 69.9891660693 	 1 	 0 	 1 	 0 
176.661		308.213 	 57.3171973419 	 -8.56538573184 	 1 	 0 	 1 	 0 
181.979		316.102 	 35.4750402235 	 -74.498370057 	 1 	 0 	 1 	 1 
190.511		323.413 	 254.867224071 	 124.596196731 	 1 	 0 	 1 	 -1 
201.845		330 	 207.72323683 	 8.77146054191 	 1 	 0 	 1 	 -1 
215.536		335.818 	 72.1330727276 	 -75.855988119 	 1 	 0 	 1 	 -1 
206.511		342.216 	 85.8951692 	 -28.9319895629 	 0 	 1 	 1 	 0 
200.265		349.107 	 321.397667318 	 -164.276829972 	 1 	 0 	 1 	 1 
197.068		356.329 	 179.782454629 	 -152.231581942 	 1 	 0 	 1 	 1 
197.068		3.6705 	 269.599226859 	 179.669754553 	 0 	 1 	 1 	 1 
200.265		10.8934 	 16.8191269991 	 -64.3229185515 	 1 	 0 	 1 	 1 
206.511		17.7836 	 219.876419841 	 -104.544564336 	 1 	 0 	 1 	 0 
215.536		24.1825 	 220.608645445 	 87.1316314652 	 1 	 0 	 1 	 -1 
227.007		30 	 313.509596084 	 -53.5973499907 	 1 	 0 	 1 	 0 
215.536		35.8175 	 99.4104419727 	 -80.0447892858 	 1 	 0 	 1 	 0 
206.511		42.2164 	 104.388759366 	 55.5621723293 	 1 	 0 	 1 	 1 
200.265		49.1066 	 12.3768636801 	 123.742556373 	 0 	 1 	 1 	 1 
197.068		56.3295 	 112.300369354 	 111.599724001 	 0 	 1 	 1 	 0 
197.068		63.6705 	 171.238382019 	 5.56455861367 	 0 	 1 	 1 	 -1 
200.265		70.8934 	 220.6653109 	 0.515408668764 	 0 	 1 	 1 	 -1 
206.511		77.7836 	 280.054150958 	 149.66272167 	 0 	 1 	 1 	 -1 
215.536		84.1825 	 38.8932032503 	 21.342938819 	 1 	 0 	 1 	 -1 
227.007		90 	 243.135778731 	 84.4808453631 	 1 	 0 	 1 	 -1 
215.536		95.8175 	 110.652641128 	 -53.1620046194 	 1 	 0 	 1 	 1 
206.511		102.216 	 194.365912585 	 146.249019303 	 1 	 0 	 1 	 1 
200.265		109.107 	 34.763631533 	 28.0064000639 	 0 	 1 	 1 	 1 
197.068		116.33 	 73.2770628525 	 39.094998773 	 1 	 0 	 1 	 0 
197.068		123.671 	 62.4038080487 	 -102.604225696 	 1 	 0 	 1 	 1 
200.265		130.893 	 229.659257002 	 -30.3116139083 	 0 	 1 	 1 	 0 
206.51		137.784 	 261.767048546 	 -131.356013565 	 0 	 1 	 1 	 -1 
215.536		144.182 	 268.93844371 	 -65.8767084631 	 0 	 1 	 1 	 -1 
227.007		150 	 142.724900096 	 76.5373029083 	 0 	 1 	 1 	 -1 
215.536		155.818 	 58.3694506078 	 -167.327448637 	 0 	 1 	 1 	 1 
206.511		162.216 	 51.7436637803 	 161.308350174 	 0 	 1 	 1 	 0 
200.266		169.107 	 190.465006525 	 152.687731766 	 0 	 1 	 1 	 0 
197.068		176.33 	 199.858102824 	 -110.209366949 	 0 	 1 	 1 	 0 
197.068		183.671 	 137.665599833 	 16.8402235935 	 0 	 1 	 1 	 -1 
200.266		190.893 	 125.960878149 	 170.138633617 	 0 	 1 	 1 	 0 
206.511		197.784 	 42.9827928798 	 -100.030781793 	 0 	 1 	 1 	 0 
215.536		204.182 	 318.111951859 	 -59.1087459756 	 0 	 1 	 1 	 -1 
227.007		210 	 87.2939929714 	 -139.944792766 	 1 	 0 	 1 	 0 
215.536		215.818 	 106.229434309 	 -89.3451563011 	 1 	 0 	 1 	 1 
206.51		222.216 	 251.967285627 	 -101.942504713 	 1 	 0 	 1 	 -1 
200.265		229.107 	 29.0474136041 	 130.890450804 	 0 	 1 	 1 	 1 
197.068		236.329 	 245.861969164 	 -1.67363419771 	 1 	 0 	 1 	 -1 
197.068		243.671 	 302.372304576 	 38.9827820794 	 0 	 1 	 1 	 -1 
200.265		250.893 	 254.942492216 	 159.3221587 	 0 	 1 	 1 	 -1 
206.51		257.784 	 183.320905239 	 144.400629326 	 0 	 1 	 1 	 0 
215.536		264.182 	 259.303452112 	 22.9374045307 	 0 	 1 	 1 	 1 
227.007		270 	 197.099162345 	 -174.60627377 	 1 	 0 	 1 	 -1 
215.536		275.818 	 260.828427182 	 56.2033272899 	 1 	 0 	 1 	 -1 
206.51		282.216 	 64.0480858659 	 61.1292031696 	 0 	 1 	 1 	 -1 
200.265		289.107 	 137.454525272 	 133.897914069 	 1 	 0 	 1 	 -1 
197.068		296.329 	 6.3513489332 	 88.5010441867 	 1 	 0 	 1 	 -1 
197.068		303.67 	 242.353645477 	 -51.9386637421 	 1 	 0 	 1 	 0 
200.265		310.893 	 136.215784903 	 -106.02751094 	 1 	 0 	 1 	 0 
206.511		317.784 	 216.34385686 	 -102.804509528 	 1 	 0 	 1 	 0 
227.008		330 	 107.316502335 	 -50.3010307626 	 0 	 1 	 1 	 0 
240.57		335.209 	 309.135707166 	 -112.866294285 	 1 	 0 	 1 	 0 
231.161		340.893 	 81.529771727 	 -60.9282417945 	 0 	 1 	 1 	 -1 
224.195		346.996 	 144.231576268 	 -81.0959339695 	 1 	 0 	 1 	 -1 
219.909		353.413 	 305.793142363 	 157.308858352 	 1 	 0 	 1 	 1 
218.461		0 	 305.118083042 	 -99.1200615991 	 0 	 1 	 1 	 -1 
219.909		6.58678 	 139.217625988 	 -122.974384709 	 0 	 1 	 1 	 1 
224.195		13.0039 	 156.415338249 	 -55.4345018494 	 0 	 1 	 1 	 0 
231.161		19.1066 	 123.921761973 	 -37.8483923392 	 0 	 1 	 1 	 0 
240.57		24.7913 	 1.75079119745 	 177.364795144 	 1 	 0 	 1 	 0 
252.146		30 	 48.7183581409 	 -29.099570884 	 1 	 0 	 1 	 -1 
240.57		35.2087 	 5.44661331538 	 82.5223055358 	 0 	 1 	 1 	 0 
231.161		40.8934 	 57.7103048332 	 52.3378467218 	 1 	 0 	 1 	 1 
224.195		46.9961 	 6.99114079265 	 99.4647696789 	 1 	 0 	 1 	 -1 
219.909		53.4132 	 289.713928434 	 173.349662637 	 1 	 0 	 1 	 -1 
218.461		60 	 255.053516404 	 131.234230188 	 0 	 1 	 1 	 0 
219.909		66.5868 	 11.333629635 	 179.15177865 	 1 	 0 	 1 	 1 
224.195		73.0039 	 302.485260914 	 134.371429766 	 0 	 1 	 1 	 0 
231.161		79.1066 	 178.616569597 	 84.1504259013 	 0 	 1 	 1 	 1 
240.57		84.7913 	 183.451533575 	 92.0760997339 	 1 	 0 	 1 	 0 
240.57		95.2087 	 299.672060863 	 138.696586452 	 0 	 1 	 1 	 0 
231.161		100.893 	 128.954848469 	 -56.7304690145 	 1 	 0 	 1 	 0 
224.195		106.996 	 101.674433059 	 136.807045381 	 0 	 1 	 1 	 -1 
219.909		113.413 	 78.7539784995 	 -155.309318837 	 1 	 0 	 1 	 1 
218.461		120 	 64.8673947125 	 28.2863045006 	 0 	 1 	 1 	 0 
219.909		126.587 	 40.4231585794 	 142.123439877 	 0 	 1 	 1 	 0 
224.195		133.004 	 16.0096668817 	 13.3372804976 	 1 	 0 	 1 	 0 
231.161		139.107 	 300.657802563 	 -158.826661385 	 1 	 0 	 1 	 -1 
252.146		150 	 114.513071751 	 43.0698304252 	 0 	 1 	 1 	 1 
240.57		155.209 	 54.8233690609 	 23.0579103874 	 1 	 0 	 1 	 0 
231.16		160.893 	 55.4912608737 	 164.120851157 	 1 	 0 	 1 	 1 
224.196		166.996 	 280.060622877 	 98.7020438679 	 0 	 1 	 1 	 -1 
219.909		173.413 	 95.4898623375 	 156.970391584 	 0 	 1 	 1 	 0 
218.461		180 	 7.24768934969 	 144.374302256 	 1 	 0 	 1 	 -1 
219.909		186.587 	 288.72829663 	 173.278401392 	 0 	 1 	 1 	 -1 
224.196		193.004 	 39.3560600105 	 101.345733685 	 0 	 1 	 1 	 0 
231.16		199.107 	 26.2188130792 	 -82.7122456542 	 0 	 1 	 1 	 -1 
240.57		204.791 	 105.404411682 	 142.369386106 	 1 	 0 	 1 	 -1 
252.146		210 	 100.389423597 	 177.348468923 	 1 	 0 	 1 	 -1 
240.57		215.209 	 42.9808949863 	 11.7961667389 	 1 	 0 	 1 	 1 
231.161		220.893 	 273.17651313 	 -19.8529087213 	 1 	 0 	 1 	 0 
224.196		226.996 	 13.2370089313 	 -74.2413622361 	 0 	 1 	 1 	 1 
219.909		233.413 	 149.51276969 	 79.9133479797 	 1 	 0 	 1 	 0 
218.461		240 	 237.264803988 	 146.379754309 	 1 	 0 	 1 	 -1 
219.909		246.587 	 161.88361067 	 -70.6651957978 	 1 	 0 	 1 	 0 
224.195		253.004 	 42.3404681108 	 -79.8635426202 	 1 	 0 	 1 	 -1 
231.16		259.107 	 135.735976694 	 -177.923864705 	 0 	 1 	 1 	 1 
240.57		264.791 	 161.005293253 	 -117.263825517 	 1 	 0 	 1 	 1 
252.146		270 	 293.520177686 	 150.627222626 	 0 	 1 	 1 	 1 
240.57		275.209 	 276.799586308 	 92.575656411 	 1 	 0 	 1 	 -1 
231.16		280.893 	 155.821006636 	 34.2296809731 	 1 	 0 	 1 	 0 
224.195		286.996 	 249.090360926 	 -124.005256844 	 1 	 0 	 1 	 0 
219.909		293.413 	 197.303007238 	 -49.7788289442 	 0 	 1 	 1 	 1 
218.461		300 	 278.005431595 	 -168.274693162 	 1 	 0 	 1 	 0 
219.909		306.587 	 115.794534392 	 51.1837115905 	 1 	 0 	 1 	 0 
224.196		313.004 	 264.415002649 	 -38.9762823909 	 1 	 0 	 1 	 1 
231.161		319.107 	 11.643295573 	 7.17675806297 	 0 	 1 	 1 	 1 
240.57		324.791 	 58.1045533219 	 -92.9209744016 	 1 	 0 	 1 	 -1 
252.146		330 	 1.16116784876 	 85.4564661028 	 0 	 1 	 1 	 1 
265.601		334.715 	 156.319623463 	 -152.950011376 	 0 	 1 	 1 	 -1 
255.886		339.826 	 178.580887174 	 -117.226655562 	 1 	 0 	 1 	 1 
248.348		345.295 	 119.106388391 	 64.4157216994 	 0 	 1 	 1 	 0 
243.191		351.052 	 172.224428189 	 -118.520340536 	 1 	 0 	 1 	 0 
240.57		356.996 	 317.800372734 	 -146.612121721 	 0 	 1 	 1 	 -1 
240.57		3.00449 	 177.352991906 	 5.22634954013 	 0 	 1 	 1 	 1 
243.191		8.94827 	 87.928214189 	 -149.572420724 	 0 	 1 	 1 	 0 
248.348		14.7047 	 259.100861062 	 25.8483946117 	 1 	 0 	 1 	 1 
255.886		20.1736 	 236.570952594 	 106.03832028 	 1 	 0 	 1 	 -1 
265.601		25.285 	 5.60316176469 	 81.7297443574 	 1 	 0 	 1 	 1 
277.258		30 	 216.936852988 	 78.6486708733 	 1 	 0 	 1 	 -1 
265.601		34.715 	 137.783034556 	 112.54195724 	 0 	 1 	 1 	 -1 
255.887		39.8264 	 320.243105043 	 149.692115361 	 0 	 1 	 1 	 -1 
248.348		45.2953 	 36.7872843714 	 -83.9043044429 	 0 	 1 	 1 	 1 
243.191		51.0517 	 69.122480976 	 -76.8391068959 	 1 	 0 	 1 	 -1 
240.57		56.9955 	 232.399991628 	 85.127366957 	 0 	 1 	 1 	 0 
240.57		63.0045 	 321.468352933 	 -152.172275379 	 1 	 0 	 1 	 0 
243.191		68.9483 	 73.3470267899 	 41.0876324063 	 1 	 0 	 1 	 -1 
248.348		74.7047 	 163.933944744 	 -171.472335307 	 1 	 0 	 1 	 0 
255.887		80.1736 	 67.3526145641 	 30.44020367 	 0 	 1 	 1 	 -1 
265.601		85.285 	 223.841953822 	 74.02120005 	 0 	 1 	 1 	 -1 
277.257		90 	 254.468617625 	 61.8413644021 	 1 	 0 	 1 	 1 
265.601		94.715 	 221.68944975 	 38.6809337736 	 1 	 0 	 1 	 1 
255.887		99.8264 	 248.660082857 	 -124.658280682 	 0 	 1 	 1 	 1 
248.348		105.295 	 235.811637098 	 -15.3516093312 	 1 	 0 	 1 	 -1 
243.191		111.052 	 106.228238224 	 -6.47961576035 	 1 	 0 	 1 	 1 
240.57		116.996 	 9.98843638705 	 -106.338169069 	 0 	 1 	 1 	 -1 
240.57		123.005 	 201.387436097 	 47.5266784453 	 1 	 0 	 1 	 -1 
243.191		128.948 	 225.818641352 	 -79.4707582749 	 1 	 0 	 1 	 0 
248.348		134.705 	 77.7147119507 	 106.940327278 	 0 	 1 	 1 	 -1 
255.887		140.174 	 35.1492728944 	 -129.764748853 	 1 	 0 	 1 	 1 
265.6		145.285 	 311.128972649 	 45.1296015496 	 1 	 0 	 1 	 0 
277.257		150 	 41.0449578155 	 10.2478255966 	 1 	 0 	 1 	 0 
265.601		154.715 	 191.376666842 	 108.563574084 	 0 	 1 	 1 	 -1 
255.886		159.826 	 227.683171738 	 147.488170075 	 1 	 0 	 1 	 0 
248.348		165.295 	 64.9818779913 	 59.7408028171 	 0 	 1 	 1 	 -1 
243.191		171.052 	 31.8655870208 	 66.5065114422 	 1 	 0 	 1 	 0 
240.57		176.996 	 313.177993907 	 -7.82691696341 	 0 	 1 	 1 	 1 
240.57		183.005 	 213.379310461 	 9.86014340784 	 1 	 0 	 1 	 1 
243.191		188.948 	 292.525716746 	 2.36405583038 	 1 	 0 	 1 	 0 
248.348		194.705 	 25.1244073073 	 72.1053275096 	 0 	 1 	 1 	 -1 
255.886		200.174 	 92.6493423308 	 -39.9006605863 	 1 	 0 	 1 	 0 
265.601		205.285 	 182.240847075 	 -112.018173741 	 0 	 1 	 1 	 1 
277.258		210 	 249.6682056 	 -3.6527485263 	 1 	 0 	 1 	 0 
265.6		214.715 	 190.729596945 	 -114.448382503 	 0 	 1 	 1 	 0 
255.887		219.826 	 26.6824602758 	 -68.9405154574 	 0 	 1 	 1 	 -1 
248.348		225.295 	 277.560187452 	 154.3066285 	 1 	 0 	 1 	 -1 
243.191		231.052 	 271.135384379 	 -62.0560531088 	 1 	 0 	 1 	 0 
240.57		236.995 	 254.539736113 	 78.7267948394 	 1 	 0 	 1 	 0 
240.57		243.004 	 264.931462943 	 -25.1784936025 	 1 	 0 	 1 	 1 
243.19		248.948 	 209.519592699 	 123.337552842 	 0 	 1 	 1 	 -1 
248.348		254.705 	 50.6444595199 	 45.9638276058 	 1 	 0 	 1 	 -1 
255.886		260.174 	 94.2756917257 	 6.63001076835 	 0 	 1 	 1 	 1 
265.601		265.285 	 63.8525469342 	 -37.3870515178 	 0 	 1 	 1 	 0 
277.258		270 	 182.293575656 	 173.962457551 	 0 	 1 	 1 	 -1 
265.601		274.715 	 105.5782114 	 -3.46132794289 	 1 	 0 	 1 	 0 
255.886		279.826 	 264.609060976 	 -176.408412791 	 0 	 1 	 1 	 -1 
248.348		285.295 	 32.1813577588 	 76.0972044684 	 1 	 0 	 1 	 0 
243.19		291.052 	 286.848256669 	 59.954163627 	 0 	 1 	 1 	 0 
240.57		296.996 	 92.4372637737 	 58.4388376226 	 0 	 1 	 1 	 1 
240.57		303.004 	 3.58180437796 	 -0.994115396733 	 0 	 1 	 1 	 -1 
243.191		308.948 	 78.2182028387 	 98.1534164759 	 0 	 1 	 1 	 -1 
248.348		314.705 	 234.289548617 	 44.1077782376 	 1 	 0 	 1 	 1 
255.886		320.174 	 135.309939699 	 110.356424851 	 1 	 0 	 1 	 0 
265.6		325.285 	 129.67609065 	 -120.47200361 	 1 	 0 	 1 	 1 
277.258		330 	 286.725291869 	 -172.035288029 	 1 	 0 	 1 	 0 
290.619		334.307 	 263.850871252 	 -150.498095488 	 1 	 0 	 1 	 -1 
280.659		338.948 	 158.02015771 	 24.4096018902 	 0 	 1 	 1 	 0 
272.656		343.898 	 76.9183377231 	 -167.988345146 	 0 	 1 	 1 	 1 
266.79		349.107 	 103.424670199 	 -56.6980578324 	 0 	 1 	 1 	 0 
263.206		354.504 	 245.647574388 	 138.098394117 	 0 	 1 	 1 	 -1 
262.001		0 	 105.320414583 	 53.463281589 	 0 	 1 	 1 	 0 
263.206		5.49637 	 28.3603423038 	 111.985859653 	 1 	 0 	 1 	 1 
266.79		10.8934 	 168.210924808 	 32.6970714674 	 0 	 1 	 1 	 1 
272.656		16.1021 	 127.987621378 	 50.1105889628 	 1 	 0 	 1 	 1 
280.659		21.0517 	 167.553819977 	 57.20019289 	 0 	 1 	 1 	 0 
290.619		25.6934 	 280.930862102 	 -141.091858016 	 0 	 1 	 1 	 1 
302.34		30 	 19.6918708469 	 -90.4574189214 	 0 	 1 	 1 	 0 
290.619		34.3066 	 142.358657113 	 -55.9515757425 	 1 	 0 	 1 	 -1 
280.659		38.9483 	 167.148114002 	 -3.35489363425 	 0 	 1 	 1 	 1 
272.656		43.8979 	 51.495987496 	 122.667763311 	 1 	 0 	 1 	 0 
266.789		49.1066 	 229.940565246 	 15.3192305395 	 1 	 0 	 1 	 -1 
263.206		54.5036 	 147.405791909 	 118.447151509 	 0 	 1 	 1 	 1 
262.001		60 	 101.783754389 	 123.262068388 	 0 	 1 	 1 	 -1 
263.206		65.4964 	 171.497346813 	 6.24473622952 	 0 	 1 	 1 	 0 
266.79		70.8934 	 26.0370148088 	 -151.43652975 	 1 	 0 	 1 	 0 
272.656		76.1021 	 137.649730344 	 -71.0442170862 	 1 	 0 	 1 	 1 
280.659		81.0517 	 146.622403993 	 65.5095803718 	 1 	 0 	 1 	 -1 
290.619		85.6934 	 113.806338995 	 133.779349947 	 1 	 0 	 1 	 1 
302.34		90 	 318.40019668 	 8.53396185633 	 1 	 0 	 1 	 1 
290.619		94.3066 	 272.204206194 	 55.467105783 	 0 	 1 	 1 	 -1 
280.659		98.9483 	 311.215336631 	 103.842196573 	 0 	 1 	 1 	 1 
272.655		103.898 	 107.054516494 	 128.362425267 	 0 	 1 	 1 	 1 
266.79		109.107 	 243.433699318 	 -18.8563839585 	 1 	 0 	 1 	 -1 
263.206		114.504 	 168.03049066 	 -1.52046877004 	 1 	 0 	 1 	 1 
262		120 	 163.892587294 	 101.446621394 	 0 	 1 	 1 	 0 
263.206		125.496 	 219.615361882 	 -86.5130227469 	 1 	 0 	 1 	 1 
266.79		130.893 	 186.29254939 	 160.394039498 	 0 	 1 	 1 	 -1 
272.655		136.102 	 229.969391618 	 -14.9053699204 	 1 	 0 	 1 	 0 
280.659		141.052 	 125.132555412 	 -34.8592265288 	 0 	 1 	 1 	 -1 
290.619		145.693 	 69.9968333354 	 81.66409773 	 0 	 1 	 1 	 1 
302.34		150 	 136.918399707 	 -146.381837506 	 1 	 0 	 1 	 0 
290.619		154.307 	 100.416091867 	 65.9103781433 	 1 	 0 	 1 	 0 
280.659		158.948 	 57.1314770685 	 -65.0823434877 	 1 	 0 	 1 	 0 
272.656		163.898 	 274.082656307 	 145.371738981 	 1 	 0 	 1 	 1 
266.789		169.107 	 295.304517549 	 -16.2139445904 	 0 	 1 	 1 	 -1 
263.206		174.504 	 286.030528037 	 -107.039281007 	 1 	 0 	 1 	 1 
262.001		180 	 302.927671522 	 135.862617968 	 0 	 1 	 1 	 1 
263.206		185.496 	 321.434542799 	 156.624793116 	 0 	 1 	 1 	 -1 
266.789		190.893 	 93.2624684512 	 -93.4010422663 	 0 	 1 	 1 	 1 
272.656		196.102 	 92.6794017491 	 -20.0372626736 	 0 	 1 	 1 	 1 
280.659		201.052 	 233.825489679 	 -93.275649751 	 1 	 0 	 1 	 0 
290.619		205.693 	 237.381904473 	 -125.959651921 	 0 	 1 	 1 	 1 
302.34		210 	 153.48719917 	 -18.7012597133 	 0 	 1 	 1 	 1 
290.619		214.307 	 86.4197513115 	 67.5243255148 	 0 	 1 	 1 	 1 
280.658		218.948 	 17.9036221367 	 -132.058253627 	 1 	 0 	 1 	 -1 
272.656		223.898 	 278.52038168 	 -16.493569325 	 0 	 1 	 1 	 -1 
266.79		229.107 	 224.813170649 	 -68.0963335872 	 0 	 1 	 1 	 -1 
263.206		234.504 	 218.58851559 	 -85.2422724536 	 0 	 1 	 1 	 -1 
262		240 	 3.98833065513 	 150.316116142 	 1 	 0 	 1 	 1 
263.206		245.496 	 126.623529024 	 -105.565968908 	 1 	 0 	 1 	 0 
266.789		250.893 	 32.359647392 	 73.291042111 	 1 	 0 	 1 	 0 
272.656		256.102 	 324.441787233 	 88.6631558685 	 0 	 1 	 1 	 -1 
280.659		261.052 	 134.057112914 	 -106.116112067 	 1 	 0 	 1 	 0 
290.62		265.693 	 64.5161885076 	 -117.41337324 	 0 	 1 	 1 	 -1 
302.34		270 	 168.685343352 	 147.81609404 	 1 	 0 	 1 	 0 
290.62		274.307 	 203.474531214 	 -82.1929586173 	 0 	 1 	 1 	 1 
280.659		278.948 	 304.079452619 	 -128.660981139 	 0 	 1 	 1 	 1 
272.656		283.898 	 308.977641703 	 38.9494736994 	 0 	 1 	 1 	 -1 
266.789		289.107 	 19.6232807925 	 54.634402638 	 1 	 0 	 1 	 1 
263.206		294.504 	 181.595347773 	 -122.646636148 	 0 	 1 	 1 	 0 
262		300 	 15.0096819374 	 -64.4208659426 	 0 	 1 	 1 	 -1 
263.206		305.496 	 319.066917057 	 -20.9761336328 	 0 	 1 	 1 	 1 
266.79		310.893 	 126.962556346 	 12.9986411533 	 0 	 1 	 1 	 0 
272.656		316.102 	 225.800314173 	 -44.881177415 	 0 	 1 	 1 	 0 
280.659		321.052 	 265.19812158 	 93.0119945452 	 0 	 1 	 1 	 0 
290.619		325.693 	 244.690376738 	 -12.9870052911 	 1 	 0 	 1 	 1 
302.34		330 	 72.0847403285 	 160.52061518 	 0 	 1 	 1 	 1 
315.62		333.963 	 323.209736263 	 156.664929427 	 0 	 1 	 1 	 -1 
305.457		338.213 	 73.9376639178 	 -120.34249635 	 1 	 0 	 1 	 0 
297.071		342.731 	 140.077510648 	 42.5398770017 	 0 	 1 	 1 	 0 
290.619		347.48 	 30.1239840055 	 21.1054359658 	 1 	 0 	 1 	 1 
286.236		352.411 	 135.647936937 	 -53.4630792591 	 1 	 0 	 1 	 -1 
284.018		357.457 	 269.474544077 	 -52.4137512058 	 1 	 0 	 1 	 1 
284.018		2.54292 	 255.643096153 	 -147.19740445 	 0 	 1 	 1 	 1 
286.236		7.58909 	 221.502732663 	 6.10978750002 	 0 	 1 	 1 	 0 
290.619		12.5198 	 229.884593933 	 -30.057600436 	 1 	 0 	 1 	 0 
297.071		17.2695 	 235.302452147 	 -92.9257708625 	 0 	 1 	 1 	 -1 
305.457		21.7868 	 76.8365822792 	 -25.3873176428 	 0 	 1 	 1 	 -1 
315.62		26.0368 	 180.364290777 	 -73.3792826031 	 1 	 0 	 1 	 0 
327.39		30 	 26.9271326261 	 -81.1777968084 	 0 	 1 	 1 	 0 
305.457		38.2132 	 128.334072689 	 -56.1451507943 	 1 	 0 	 1 	 -1 
297.071		42.7305 	 184.214279898 	 -163.390169192 	 1 	 0 	 1 	 0 
290.619		47.4802 	 88.6269986964 	 36.0890277614 	 0 	 1 	 1 	 1 
286.236		52.4109 	 304.350325087 	 -167.872278209 	 1 	 0 	 1 	 1 
284.018		57.4571 	 91.123837982 	 159.410658955 	 1 	 0 	 1 	 0 
284.018		62.5429 	 81.198157942 	 27.4206469202 	 0 	 1 	 1 	 -1 
286.236		67.5891 	 36.6994047899 	 -129.549010197 	 1 	 0 	 1 	 1 
290.619		72.5198 	 144.149775846 	 73.6255339437 	 0 	 1 	 1 	 1 
297.071		77.2695 	 308.966397762 	 -68.4554461636 	 0 	 1 	 1 	 -1 
305.457		81.7868 	 198.497802175 	 116.802584281 	 0 	 1 	 1 	 -1 
315.62		86.0368 	 150.015373986 	 65.9016936793 	 0 	 1 	 1 	 -1 
327.39		90 	 75.1863502227 	 33.2314166685 	 1 	 0 	 1 	 1 
315.62		93.9632 	 57.6904841534 	 6.7763821638 	 0 	 1 	 1 	 -1 
305.457		98.2132 	 101.509095502 	 -134.480882522 	 0 	 1 	 1 	 0 
297.071		102.731 	 108.222159577 	 68.9357746834 	 1 	 0 	 1 	 -1 
290.619		107.48 	 320.521014965 	 81.962567694 	 0 	 1 	 1 	 1 
286.236		112.411 	 170.40590255 	 -5.8091515926 	 1 	 0 	 1 	 0 
284.018		117.457 	 161.454404779 	 42.9663010022 	 0 	 1 	 1 	 0 
284.018		122.543 	 142.514472124 	 -22.4246753548 	 0 	 1 	 1 	 -1 
286.236		127.589 	 101.455924237 	 76.710786682 	 0 	 1 	 1 	 1 
290.62		132.52 	 320.18174077 	 59.8058498469 	 1 	 0 	 1 	 -1 
297.071		137.269 	 100.516316776 	 -44.3451665485 	 1 	 0 	 1 	 1 
305.457		141.787 	 272.342849258 	 -114.234554103 	 1 	 0 	 1 	 0 
315.62		146.037 	 51.171431776 	 -87.1958577249 	 0 	 1 	 1 	 1 
327.39		150 	 77.70834971 	 -140.284449883 	 0 	 1 	 1 	 -1 
315.619		153.963 	 38.7074388045 	 -174.856334467 	 0 	 1 	 1 	 -1 
305.457		158.213 	 267.889455709 	 162.912806913 	 1 	 0 	 1 	 1 
297.071		162.731 	 308.116476108 	 162.701558324 	 1 	 0 	 1 	 -1 
290.62		167.48 	 18.1245088949 	 159.907300338 	 0 	 1 	 1 	 0 
286.236		172.411 	 23.8764388036 	 -146.81488716 	 1 	 0 	 1 	 -1 
284.019		177.457 	 303.352061009 	 -57.5705342113 	 1 	 0 	 1 	 -1 
284.019		182.543 	 82.8135396353 	 163.10436989 	 0 	 1 	 1 	 1 
286.236		187.589 	 24.3651802113 	 5.9880078644 	 1 	 0 	 1 	 1 
290.62		192.52 	 270.411992276 	 51.0829254945 	 1 	 0 	 1 	 1 
297.071		197.269 	 236.919370625 	 49.2784088112 	 0 	 1 	 1 	 1 
305.457		201.787 	 63.8489499767 	 45.4993793863 	 1 	 0 	 1 	 -1 
315.62		206.037 	 260.041279212 	 -127.760527195 	 1 	 0 	 1 	 1 
327.39		210 	 27.199392495 	 142.811797946 	 1 	 0 	 1 	 0 
315.62		213.963 	 287.047093528 	 -59.6649675162 	 0 	 1 	 1 	 0 
305.457		218.213 	 307.292326699 	 134.448899871 	 0 	 1 	 1 	 0 
297.071		222.731 	 222.079959613 	 161.496499373 	 1 	 0 	 1 	 1 
290.619		227.48 	 303.003692067 	 -72.0769210414 	 0 	 1 	 1 	 0 
286.236		232.411 	 232.650617297 	 125.931896564 	 0 	 1 	 1 	 1 
284.018		237.457 	 21.4758608817 	 174.53186607 	 0 	 1 	 1 	 0 
284.019		242.543 	 44.2425850102 	 158.677230062 	 1 	 0 	 1 	 -1 
286.236		247.589 	 50.6029020093 	 -168.583207962 	 1 	 0 	 1 	 1 
290.62		252.52 	 65.1841534846 	 89.4632668143 	 0 	 1 	 1 	 -1 
297.071		257.269 	 190.834266533 	 56.5953773578 	 0 	 1 	 1 	 1 
305.457		261.787 	 162.239291161 	 109.069466342 	 1 	 0 	 1 	 -1 
315.62		266.037 	 198.940422871 	 109.721693047 	 0 	 1 	 1 	 1 
327.39		270 	 269.90468921 	 -117.293505824 	 0 	 1 	 1 	 -1 
315.62		273.963 	 296.274382566 	 -175.392432683 	 1 	 0 	 1 	 0 
305.457		278.213 	 195.047773439 	 121.738231906 	 0 	 1 	 1 	 -1 
297.071		282.731 	 300.441588029 	 74.044438465 	 0 	 1 	 1 	 -1 
290.62		287.48 	 42.7875051097 	 -109.55988227 	 0 	 1 	 1 	 1 
286.236		292.411 	 288.133595273 	 -24.3656037491 	 0 	 1 	 1 	 1 
284.019		297.457 	 324.97744083 	 172.402667677 	 1 	 0 	 1 	 0 
284.018		302.543 	 290.080871781 	 -10.7162725892 	 0 	 1 	 1 	 -1 
286.236		307.589 	 33.4835268057 	 159.160843638 	 1 	 0 	 1 	 0 
290.619		312.52 	 45.8906760592 	 114.769591558 	 0 	 1 	 1 	 -1 
297.071		317.269 	 47.5740481311 	 -157.12030589 	 1 	 0 	 1 	 -1 
305.457		321.787 	 148.862545132 	 -167.421733603 	 0 	 1 	 1 	 1 
327.39		330 	 203.6216609 	 19.1216329083 	 1 	 0 	 1 	 1 
340.597		333.67 	 38.9137352983 	 -146.698259553 	 0 	 1 	 1 	 1 
330.266		337.589 	 118.220891322 	 123.823547366 	 0 	 1 	 1 	 -1 
321.56		341.742 	 166.47975506 	 153.551250549 	 0 	 1 	 1 	 1 
314.619		346.102 	 246.702895896 	 -67.9371062048 	 0 	 1 	 1 	 0 
309.563		350.633 	 113.630276228 	 6.77908330004 	 1 	 0 	 1 	 1 
306.489		355.285 	 297.99263106 	 135.837675113 	 1 	 0 	 1 	 1 
305.457		0 	 271.399449769 	 27.1967736617 	 0 	 1 	 1 	 1 
306.489		4.715 	 22.2564895291 	 -13.0264662291 	 0 	 1 	 1 	 -1 
309.563		9.367 	 234.107480313 	 -36.643998839 	 0 	 1 	 1 	 0 
314.619		13.8979 	 101.624885554 	 -154.964730229 	 0 	 1 	 1 	 0 
321.56		18.2585 	 292.718365672 	 104.420556212 	 0 	 1 	 1 	 0 
330.266		22.4109 	 64.8329064292 	 98.1392049557 	 1 	 0 	 1 	 1 
340.597		26.3295 	 103.100210493 	 11.3427676611 	 0 	 1 	 1 	 1 
352.406		30 	 67.9712409859 	 -131.675647866 	 0 	 1 	 1 	 0 
340.597		33.6705 	 201.186702978 	 -150.081673776 	 1 	 0 	 1 	 -1 
330.266		37.5891 	 140.360497895 	 45.7950905397 	 0 	 1 	 1 	 0 
321.56		41.7415 	 82.300244121 	 -178.384933795 	 0 	 1 	 1 	 1 
314.619		46.1021 	 185.367230983 	 38.5720887866 	 0 	 1 	 1 	 -1 
309.563		50.633 	 48.1959177933 	 -40.7058696157 	 1 	 0 	 1 	 -1 
306.489		55.285 	 307.192719727 	 -92.4944825349 	 0 	 1 	 1 	 1 
305.457		60 	 53.5670579686 	 -29.3155105375 	 0 	 1 	 1 	 1 
306.489		64.715 	 97.3956326587 	 -53.8130055004 	 0 	 1 	 1 	 1 
309.563		69.367 	 42.7244373769 	 51.0127171659 	 1 	 0 	 1 	 0 
314.619		73.8979 	 259.896225204 	 75.868727654 	 1 	 0 	 1 	 1 
321.56		78.2585 	 212.007558084 	 133.096496689 	 1 	 0 	 1 	 -1 
330.266		82.4109 	 60.8757354926 	 98.9743425231 	 1 	 0 	 1 	 1 
340.597		86.3295 	 37.4770417627 	 28.2286875878 	 0 	 1 	 1 	 -1 
352.406		90 	 26.0640549387 	 -92.8508791754 	 1 	 0 	 1 	 -1 
340.597		93.6705 	 178.518408164 	 -172.067237021 	 1 	 0 	 1 	 1 
330.266		97.5891 	 290.671020588 	 -134.394071362 	 0 	 1 	 1 	 1 
321.56		101.742 	 252.463930291 	 94.6137787661 	 0 	 1 	 1 	 -1 
314.619		106.102 	 201.403985357 	 -64.1159286324 	 0 	 1 	 1 	 1 
309.563		110.633 	 144.537455291 	 17.1222357075 	 0 	 1 	 1 	 -1 
306.489		115.285 	 322.048243788 	 -51.3477587041 	 0 	 1 	 1 	 -1 
305.457		120 	 44.4746552747 	 -24.045226457 	 0 	 1 	 1 	 -1 
306.489		124.715 	 252.850148134 	 134.749559762 	 0 	 1 	 1 	 0 
309.563		129.367 	 5.59130557042 	 1.25973906832 	 0 	 1 	 1 	 0 
314.619		133.898 	 266.064372342 	 -62.3239922631 	 1 	 0 	 1 	 -1 
321.56		138.258 	 213.251111844 	 -140.095959708 	 1 	 0 	 1 	 -1 
330.266		142.411 	 3.69443240433 	 34.8450689782 	 0 	 1 	 1 	 0 
340.597		146.329 	 310.674996999 	 -37.0960679242 	 0 	 1 	 1 	 1 
352.406		150 	 231.190104026 	 -148.238927125 	 0 	 1 	 1 	 1 
340.597		153.671 	 25.0475367893 	 -73.9061200682 	 1 	 0 	 1 	 -1 
330.266		157.589 	 61.5111786319 	 -51.4290017323 	 0 	 1 	 1 	 0 
321.561		161.742 	 144.453274884 	 69.5738924458 	 0 	 1 	 1 	 0 
314.618		166.102 	 178.173717297 	 -139.555488329 	 1 	 0 	 1 	 0 
309.563		170.633 	 131.591051217 	 -6.64254180855 	 1 	 0 	 1 	 -1 
306.488		175.285 	 217.009831398 	 -55.6538168779 	 1 	 0 	 1 	 1 
305.457		180 	 150.451521393 	 -164.048833412 	 1 	 0 	 1 	 -1 
306.488		184.715 	 15.8214199454 	 85.2913488216 	 0 	 1 	 1 	 0 
309.563		189.367 	 129.709300471 	 -161.802053306 	 1 	 0 	 1 	 0 
314.618		193.898 	 187.933766128 	 19.9305322712 	 0 	 1 	 1 	 0 
321.561		198.258 	 142.495597485 	 -48.249307286 	 1 	 0 	 1 	 -1 
330.266		202.411 	 12.3779042944 	 -117.352874603 	 0 	 1 	 1 	 -1 
340.597		206.329 	 319.209071602 	 -81.2799773733 	 0 	 1 	 1 	 0 
352.406		210 	 253.938408585 	 -15.2335043179 	 1 	 0 	 1 	 -1 
330.266		217.589 	 52.7768478424 	 104.746767639 	 0 	 1 	 1 	 0 
321.56		221.742 	 220.681936934 	 103.647019284 	 1 	 0 	 1 	 1 
314.619		226.102 	 90.7153088247 	 47.6511686814 	 1 	 0 	 1 	 -1 
309.563		230.633 	 142.21307008 	 167.376995045 	 0 	 1 	 1 	 -1 
306.489		235.285 	 313.54855086 	 114.65314935 	 1 	 0 	 1 	 1 
305.456		240 	 160.838004433 	 -72.1372626198 	 1 	 0 	 1 	 0 
306.488		244.715 	 273.682486203 	 157.04468445 	 0 	 1 	 1 	 -1 
309.563		249.367 	 206.790801065 	 148.213779736 	 0 	 1 	 1 	 -1 
314.619		253.898 	 146.902110304 	 16.8908817151 	 1 	 0 	 1 	 -1 
321.56		258.258 	 123.142164064 	 -30.1864120978 	 0 	 1 	 1 	 0 
330.266		262.411 	 44.2643883167 	 -174.481366527 	 1 	 0 	 1 	 1 
340.597		266.33 	 105.613908857 	 52.3219844209 	 1 	 0 	 1 	 0 
340.597		273.671 	 175.712734187 	 177.488586954 	 1 	 0 	 1 	 0 
330.266		277.589 	 263.91106568 	 122.726114633 	 0 	 1 	 1 	 1 
321.56		281.742 	 18.6338635375 	 80.870484547 	 1 	 0 	 1 	 0 
314.619		286.102 	 212.109814057 	 -99.4429541812 	 0 	 1 	 1 	 1 
309.563		290.633 	 155.113183646 	 -103.189015095 	 0 	 1 	 1 	 1 
306.488		295.285 	 305.462922824 	 154.970378694 	 1 	 0 	 1 	 1 
305.457		300 	 314.159980026 	 -171.119844458 	 1 	 0 	 1 	 0 
306.489		304.715 	 13.8231313362 	 45.1780443454 	 1 	 0 	 1 	 0 
309.563		309.367 	 202.402353681 	 171.364098692 	 1 	 0 	 1 	 1 
314.619		313.898 	 174.895230842 	 30.5065977289 	 0 	 1 	 1 	 0 
321.56		318.258 	 307.191779425 	 42.3129586942 	 1 	 0 	 1 	 -1 
330.266		322.411 	 99.7565998654 	 -152.504343937 	 1 	 0 	 1 	 -1 
340.597		326.33 	 263.981269214 	 111.447552372 	 1 	 0 	 1 	 -1 
352.406		330 	 28.9526557831 	 100.172215887 	 1 	 0 	 1 	 0 
365.546		333.418 	 277.169325279 	 19.309044186 	 1 	 0 	 1 	 0 
355.074		337.053 	 244.267455434 	 103.967694325 	 1 	 0 	 1 	 0 
346.099		340.893 	 285.971810682 	 -99.2016795447 	 1 	 0 	 1 	 0 
338.742		344.921 	 277.622629885 	 108.641732533 	 0 	 1 	 1 	 1 
333.116		349.107 	 263.358325157 	 -59.0620190649 	 0 	 1 	 1 	 1 
329.31		353.413 	 150.847795651 	 -121.782678837 	 1 	 0 	 1 	 1 
327.39		357.796 	 241.68744026 	 2.34416069495 	 0 	 1 	 1 	 0 
327.39		2.20423 	 279.149043707 	 -133.745680519 	 0 	 1 	 1 	 1 
329.31		6.58678 	 120.658891014 	 64.4080036998 	 1 	 0 	 1 	 1 
333.116		10.8934 	 129.418996932 	 134.520778303 	 1 	 0 	 1 	 -1 
338.742		15.0791 	 185.832715347 	 52.6645164216 	 1 	 0 	 1 	 1 
346.099		19.1066 	 35.2778477109 	 -120.622854395 	 0 	 1 	 1 	 1 
355.074		22.9473 	 120.503922887 	 25.9315666514 	 1 	 0 	 1 	 -1 
365.546		26.582 	 242.534825331 	 -159.370206602 	 0 	 1 	 1 	 0 
377.385		30 	 127.431943265 	 -109.811023905 	 1 	 0 	 1 	 0 
365.546		33.418 	 13.7978879899 	 63.8429205783 	 0 	 1 	 1 	 0 
355.074		37.0527 	 80.6778750627 	 -101.750202413 	 0 	 1 	 1 	 0 
346.099		40.8934 	 121.879141768 	 0.294751482259 	 0 	 1 	 1 	 -1 
338.743		44.9209 	 191.325197339 	 -118.834961462 	 1 	 0 	 1 	 1 
333.116		49.1066 	 86.7890542413 	 -46.2065061816 	 1 	 0 	 1 	 0 
329.31		53.4132 	 54.8601890851 	 97.2549570178 	 0 	 1 	 1 	 0 
327.39		57.7958 	 205.460125284 	 10.6475921313 	 0 	 1 	 1 	 0 
327.39		62.2042 	 160.788343127 	 -58.6612108124 	 0 	 1 	 1 	 0 
329.31		66.5868 	 221.784008553 	 69.5587004818 	 1 	 0 	 1 	 1 
333.116		70.8934 	 123.735734485 	 -86.1718786994 	 0 	 1 	 1 	 -1 
338.742		75.0791 	 73.5839986951 	 157.961012098 	 0 	 1 	 1 	 -1 
346.099		79.1066 	 31.4212520518 	 88.0545364384 	 0 	 1 	 1 	 1 
355.074		82.9473 	 279.598597278 	 -34.3282053973 	 1 	 0 	 1 	 -1 
