25.2587		30 	 150.415904785 	 348.76030567 	 0 	 1 	 1 	 1 
25.2587		90 	 98.3267371548 	 18.8282714524 	 1 	 0 	 1 	 0 
25.2587		150 	 81.068594073 	 3.28065905056 	 0 	 0 	 1 	 -1 
25.2587		210 	 72.4604745018 	 357.016739094 	 0 	 0 	 1 	 -1 
25.2587		270 	 97.0261081004 	 354.388796494 	 0 	 0 	 1 	 1 
43.7478		0 	 69.8493356724 	 317.938463684 	 0 	 0 	 1 	 0 
50.5147		30 	 55.4507297328 	 358.429208109 	 1 	 1 	 1 	 -1 
43.7478		60 	 116.423942916 	 33.5828792301 	 0 	 0 	 1 	 -1 
50.5147		90 	 76.4132076835 	 51.1103478215 	 1 	 0 	 1 	 -1 
43.7478		120 	 35.3944065875 	 12.9483076652 	 1 	 1 	 1 	 -1 
50.5147		150 	 30.7921439047 	 316.308225062 	 0 	 1 	 1 	 -1 
43.7478		180 	 60.1135354722 	 17.3296271427 	 0 	 0 	 1 	 1 
50.5147		210 	 104.036035341 	 315.302903547 	 0 	 0 	 1 	 -1 
43.7478		240 	 94.8984549702 	 0.962801452211 	 1 	 1 	 1 	 1 
43.7478		300 	 101.273759484 	 28.2427392553 	 1 	 0 	 1 	 1 
50.5148		330 	 101.301914959 	 27.1285863238 	 1 	 1 	 1 	 1 
66.8212		349.107 	 124.677192059 	 25.2707775037 	 0 	 0 	 1 	 0 
66.8212		10.8934 	 128.51415053 	 14.9605865236 	 0 	 1 	 1 	 0 
75.7654		30 	 29.2073681942 	 308.359045229 	 1 	 1 	 1 	 0 
66.8212		49.1066 	 59.6081372618 	 0.959493934393 	 0 	 1 	 1 	 -1 
66.8212		70.8934 	 47.5818869546 	 28.7149043881 	 0 	 1 	 1 	 1 
75.7654		90 	 70.083447168 	 3.0931522579 	 0 	 1 	 1 	 0 
66.8212		109.107 	 63.0608090443 	 63.186531655 	 1 	 1 	 1 	 -1 
66.8212		130.893 	 73.639942725 	 289.829555086 	 1 	 0 	 1 	 1 
75.7654		150 	 131.317254091 	 306.842419509 	 1 	 1 	 1 	 0 
66.8212		169.107 	 63.5613583401 	 10.6574026586 	 1 	 1 	 1 	 0 
66.8212		190.893 	 66.9685826999 	 27.2693654448 	 0 	 0 	 1 	 -1 
66.8212		229.107 	 93.4930399113 	 5.22610744449 	 1 	 0 	 1 	 0 
66.8212		250.893 	 108.180146268 	 339.465011162 	 0 	 0 	 1 	 -1 
75.7654		270 	 53.8222269745 	 16.256104476 	 0 	 1 	 1 	 -1 
66.8212		289.107 	 37.5029494704 	 34.8412827631 	 0 	 0 	 1 	 0 
66.8212		310.893 	 65.5938526498 	 354.286021043 	 0 	 1 	 1 	 1 
75.7654		330 	 54.8345354302 	 337.387702865 	 0 	 1 	 1 	 1 
91.0523		343.898 	 71.5405793674 	 4.79061984325 	 0 	 1 	 1 	 1 
87.4818		0 	 57.8574581428 	 323.320132657 	 0 	 1 	 1 	 -1 
91.0523		16.1021 	 57.7666764545 	 359.488878243 	 1 	 1 	 1 	 -1 
101.008		30 	 41.5832542765 	 310.124642939 	 0 	 1 	 1 	 -1 
91.0523		43.8979 	 66.8097165238 	 331.858385871 	 1 	 0 	 1 	 0 
87.4818		60 	 92.9117891382 	 355.879268865 	 0 	 0 	 1 	 0 
91.0523		76.1021 	 88.6885387142 	 307.941413139 	 0 	 1 	 1 	 1 
91.0523		103.898 	 88.3377259712 	 324.433420488 	 1 	 0 	 1 	 1 
87.4818		120 	 118.751630764 	 348.082543248 	 0 	 1 	 1 	 1 
91.0523		136.102 	 119.280534532 	 28.5919909633 	 1 	 0 	 1 	 0 
91.0523		163.898 	 122.047049186 	 12.3563475501 	 1 	 1 	 1 	 0 
87.4818		180 	 74.5101318818 	 8.92500254045 	 0 	 0 	 1 	 1 
91.0523		196.102 	 94.3841354302 	 348.619612853 	 1 	 0 	 1 	 1 
101.008		210 	 153.963819425 	 316.035991569 	 0 	 1 	 1 	 0 
91.0523		223.898 	 88.9902802258 	 351.532367784 	 1 	 1 	 1 	 1 
87.4818		240 	 40.6148227462 	 49.7440463227 	 1 	 0 	 1 	 1 
91.0523		256.102 	 125.96240746 	 334.293655672 	 0 	 0 	 1 	 0 
101.008		270 	 56.0149342956 	 357.282658635 	 1 	 0 	 1 	 0 
91.0523		283.898 	 71.864585946 	 0.985583681337 	 0 	 0 	 1 	 0 
87.4817		300 	 48.7047799888 	 340.741765758 	 1 	 0 	 1 	 -1 
91.0523		316.102 	 68.03816706 	 359.761401762 	 0 	 0 	 1 	 1 
101.008		330 	 74.6464221363 	 344.452555481 	 1 	 0 	 1 	 -1 
115.709		340.893 	 68.4249508477 	 300.674570293 	 0 	 0 	 1 	 1 
110.065		353.413 	 61.5100016347 	 345.996538136 	 1 	 1 	 1 	 0 
110.065		6.58677 	 40.3727615579 	 15.4982150382 	 1 	 1 	 1 	 0 
115.709		19.1066 	 43.3842949685 	 10.4225058111 	 0 	 1 	 1 	 -1 
126.24		30 	 45.910854861 	 316.912032799 	 0 	 1 	 1 	 1 
115.709		40.8934 	 159.234546362 	 307.373012873 	 0 	 1 	 1 	 0 
110.065		53.4132 	 55.1072535228 	 354.746034282 	 0 	 1 	 1 	 0 
110.065		66.5868 	 105.791238912 	 329.65741066 	 1 	 1 	 1 	 1 
115.709		79.1066 	 61.765990163 	 329.816479963 	 0 	 0 	 1 	 -1 
126.24		90 	 23.8114551981 	 342.408401653 	 0 	 0 	 1 	 0 
115.709		100.893 	 73.9983225331 	 330.302537391 	 0 	 0 	 1 	 0 
110.065		113.413 	 42.3461126795 	 289.498905358 	 1 	 0 	 1 	 1 
110.065		126.587 	 71.0298568684 	 27.7771130985 	 1 	 1 	 1 	 -1 
115.709		139.107 	 48.3081274985 	 345.824078502 	 1 	 1 	 1 	 0 
126.24		150 	 57.206889696 	 355.201571308 	 0 	 1 	 1 	 1 
115.709		160.893 	 61.5310559242 	 328.713329993 	 1 	 0 	 1 	 -1 
110.066		173.413 	 58.4573316878 	 1.24941986866 	 1 	 0 	 1 	 -1 
110.066		186.587 	 127.53782658 	 35.5620971777 	 1 	 1 	 1 	 -1 
115.709		199.107 	 88.2940578687 	 7.55114164419 	 0 	 1 	 1 	 0 
126.24		210 	 68.4423901972 	 323.964219646 	 0 	 1 	 1 	 0 
115.709		220.893 	 101.830275553 	 0.775654572833 	 0 	 1 	 1 	 1 
110.065		233.413 	 39.175637564 	 345.680186451 	 0 	 0 	 1 	 1 
110.065		246.587 	 101.510670859 	 338.43071972 	 0 	 1 	 1 	 1 
115.709		259.107 	 69.3116935237 	 277.886724703 	 1 	 0 	 1 	 -1 
126.24		270 	 60.0308451248 	 344.042620533 	 1 	 1 	 1 	 -1 
115.709		280.893 	 34.5430741891 	 155.417632234 	 1 	 0 	 1 	 0 
110.065		293.413 	 74.2521611011 	 340.462095713 	 1 	 1 	 1 	 0 
110.065		306.587 	 53.5473262234 	 357.031555483 	 1 	 0 	 1 	 -1 
115.709		319.107 	 45.3390147657 	 4.51766810342 	 0 	 0 	 1 	 0 
126.24		330 	 48.8600926691 	 94.8541751931 	 0 	 1 	 1 	 1 
140.56		338.948 	 63.2458166268 	 51.6047251902 	 0 	 1 	 1 	 0 
133.593		349.107 	 32.7771375229 	 62.0225343541 	 1 	 0 	 1 	 1 
131.188		0 	 56.6268490664 	 13.1091970036 	 0 	 1 	 1 	 -1 
133.593		10.8934 	 82.0903946304 	 288.963892685 	 0 	 0 	 1 	 1 
140.56		21.0517 	 120.287492024 	 334.720466928 	 0 	 0 	 1 	 1 
151.459		30 	 111.873375462 	 330.677446308 	 0 	 1 	 1 	 1 
140.56		38.9483 	 61.9524921125 	 284.678724847 	 1 	 0 	 1 	 -1 
133.593		49.1066 	 109.654435678 	 342.228770495 	 1 	 1 	 1 	 0 
131.188		60 	 106.899577533 	 62.7868064999 	 0 	 1 	 1 	 -1 
133.593		70.8934 	 68.2913405048 	 356.19834084 	 1 	 1 	 1 	 1 
140.56		81.0517 	 56.3102012879 	 31.3803069782 	 1 	 1 	 1 	 0 
151.459		90 	 99.7028787165 	 26.3086474004 	 1 	 1 	 1 	 -1 
140.56		98.9483 	 89.940292444 	 7.30632330732 	 0 	 1 	 1 	 1 
133.593		109.107 	 45.6380307885 	 19.9897145973 	 0 	 1 	 1 	 -1 
131.188		120 	 131.498002747 	 342.241396463 	 0 	 1 	 1 	 -1 
133.593		130.893 	 105.098723532 	 22.6985557459 	 0 	 1 	 1 	 1 
140.56		141.052 	 56.3160065497 	 0.538663925967 	 1 	 0 	 1 	 0 
151.459		150 	 59.5723087387 	 201.137090474 	 1 	 1 	 1 	 1 
140.56		158.948 	 69.7640357433 	 55.6337813096 	 0 	 0 	 1 	 0 
133.593		169.107 	 66.2477154339 	 344.281668107 	 1 	 1 	 1 	 0 
131.188		180 	 69.176798855 	 276.403965994 	 0 	 1 	 1 	 -1 
133.593		190.893 	 32.4252652504 	 318.078998393 	 1 	 1 	 1 	 0 
140.56		201.052 	 52.3112170323 	 339.34684949 	 0 	 1 	 1 	 0 
151.459		210 	 64.8097390319 	 50.0290674899 	 0 	 0 	 1 	 -1 
140.56		218.948 	 72.921629827 	 356.765093403 	 0 	 1 	 1 	 -1 
133.593		229.107 	 81.9455463934 	 317.941049851 	 1 	 0 	 1 	 -1 
131.188		240 	 46.0003813833 	 17.4676177651 	 0 	 1 	 1 	 1 
133.592		250.893 	 67.4451039412 	 50.1028477216 	 1 	 0 	 1 	 1 
140.56		261.052 	 118.496962442 	 343.307841756 	 0 	 1 	 1 	 -1 
151.459		270 	 117.898992926 	 9.37500692739 	 1 	 1 	 1 	 1 
140.56		278.948 	 57.8351482165 	 359.529112211 	 0 	 0 	 1 	 1 
133.592		289.107 	 82.3470195133 	 339.564785824 	 0 	 0 	 1 	 0 
131.188		300 	 54.9567605383 	 0.636466176631 	 1 	 1 	 1 	 1 
133.593		310.893 	 86.3339506326 	 332.933295187 	 1 	 1 	 1 	 1 
140.56		321.052 	 86.6642711791 	 358.382969214 	 1 	 1 	 1 	 1 
151.459		330 	 115.245355798 	 330.849125093 	 0 	 0 	 1 	 0 
165.51		337.589 	 122.129268176 	 17.4223902088 	 1 	 1 	 1 	 1 
157.635		346.102 	 125.457795913 	 353.734040535 	 1 	 1 	 1 	 -1 
153.545		355.285 	 65.7872275408 	 293.497270042 	 1 	 1 	 1 	 -1 
153.545		4.715 	 71.7197600614 	 15.9877113333 	 0 	 0 	 1 	 -1 
157.635		13.8979 	 104.106124606 	 336.041713756 	 1 	 0 	 1 	 -1 
165.51		22.4109 	 89.3340008678 	 329.250860536 	 1 	 1 	 1 	 0 
176.661		30 	 39.8590210847 	 52.5410085636 	 1 	 1 	 1 	 1 
165.51		37.5891 	 77.645436019 	 5.09247208543 	 0 	 0 	 1 	 -1 
157.635		46.1021 	 62.539371534 	 359.381845009 	 0 	 0 	 1 	 0 
153.545		55.285 	 50.3596692459 	 37.6632668691 	 0 	 0 	 1 	 0 
153.545		64.715 	 54.0112829988 	 6.3286667332 	 1 	 1 	 1 	 1 
157.635		73.8979 	 22.2838640276 	 347.492480488 	 0 	 1 	 1 	 -1 
165.51		82.4109 	 52.4897118785 	 344.197615615 	 1 	 0 	 1 	 -1 
176.661		90 	 56.3608163567 	 0.80702938288 	 1 	 0 	 1 	 0 
165.51		97.5891 	 83.6830340936 	 348.731010593 	 0 	 1 	 1 	 -1 
157.635		106.102 	 121.357190104 	 32.289485597 	 1 	 1 	 1 	 0 
153.545		115.285 	 73.1806162119 	 44.4136883925 	 0 	 1 	 1 	 1 
153.545		124.715 	 37.4165880391 	 320.915677188 	 1 	 0 	 1 	 0 
157.635		133.898 	 57.7872341864 	 359.796887363 	 0 	 0 	 1 	 -1 
165.51		142.411 	 94.1478291444 	 116.703970548 	 0 	 1 	 1 	 1 
176.661		150 	 64.999664888 	 9.68724394458 	 1 	 0 	 1 	 0 
165.509		157.589 	 52.3129374514 	 278.823913837 	 1 	 1 	 1 	 -1 
157.635		166.102 	 67.224232821 	 352.01771585 	 1 	 0 	 1 	 0 
153.546		175.285 	 49.2011511905 	 338.120674145 	 1 	 0 	 1 	 1 
153.546		184.715 	 69.909793002 	 346.968634448 	 1 	 1 	 1 	 1 
157.635		193.898 	 50.9362939279 	 29.5337442452 	 1 	 1 	 1 	 -1 
165.509		202.411 	 57.3938882885 	 323.856750988 	 0 	 1 	 1 	 -1 
165.51		217.589 	 62.9186002867 	 356.120435609 	 0 	 0 	 1 	 0 
157.635		226.102 	 53.3768056681 	 344.670133818 	 0 	 1 	 1 	 -1 
153.545		235.285 	 33.6617062873 	 276.422628949 	 1 	 1 	 1 	 -1 
153.545		244.715 	 57.3511376704 	 19.5787605099 	 0 	 1 	 1 	 0 
157.635		253.898 	 32.9523551978 	 261.096743147 	 0 	 1 	 1 	 -1 
165.51		262.411 	 77.4144225125 	 10.5819312478 	 1 	 1 	 1 	 -1 
176.661		270 	 54.351308654 	 1.63435074924 	 1 	 1 	 1 	 -1 
165.51		277.589 	 37.847835898 	 6.77694833628 	 0 	 0 	 1 	 0 
157.635		286.102 	 96.2838931737 	 64.0429239898 	 1 	 0 	 1 	 -1 
153.545		295.285 	 43.8690344365 	 331.754997256 	 1 	 1 	 1 	 -1 
153.545		304.715 	 34.2416077213 	 221.383073134 	 1 	 1 	 1 	 1 
157.635		313.898 	 43.8688650928 	 355.977278662 	 0 	 0 	 1 	 1 
165.51		322.411 	 133.025375929 	 79.2021800931 	 0 	 0 	 1 	 1 
176.661		330 	 68.8969965359 	 6.82820492882 	 1 	 1 	 1 	 -1 
190.511		336.587 	 58.105527766 	 2.33920627771 	 0 	 0 	 1 	 0 
181.979		343.898 	 114.687221067 	 340.179190718 	 1 	 1 	 1 	 -1 
176.661		351.787 	 70.9448101338 	 284.748638542 	 1 	 1 	 1 	 -1 
174.852		0 	 61.7943774729 	 8.88854820483 	 0 	 1 	 1 	 -1 
176.661		8.21321 	 84.6667106626 	 306.426479059 	 1 	 1 	 1 	 1 
181.979		16.1021 	 29.474152022 	 93.4742068098 	 1 	 0 	 1 	 1 
190.511		23.4132 	 48.9408886023 	 352.890584066 	 1 	 0 	 1 	 -1 
201.845		30 	 40.6030124805 	 317.414533152 	 1 	 0 	 1 	 1 
181.979		43.8979 	 28.3025228676 	 338.076633972 	 1 	 1 	 1 	 -1 
176.661		51.7868 	 82.1061860376 	 355.606630202 	 1 	 0 	 1 	 1 
174.852		60 	 173.302936924 	 328.805899671 	 0 	 0 	 1 	 1 
176.661		68.2132 	 39.7627648491 	 63.2186480863 	 1 	 1 	 1 	 1 
181.979		76.1021 	 123.219873997 	 27.8297118332 	 0 	 1 	 1 	 0 
190.511		83.4132 	 51.5096881947 	 279.022062124 	 0 	 0 	 1 	 -1 
201.845		90 	 111.958603966 	 7.78926508183 	 1 	 1 	 1 	 -1 
190.511		96.5868 	 114.04419152 	 270.85786664 	 1 	 0 	 1 	 0 
181.979		103.898 	 54.5956479603 	 323.448005073 	 1 	 1 	 1 	 1 
176.661		111.787 	 14.3584912897 	 173.216321804 	 1 	 0 	 1 	 1 
174.852		120 	 71.4116716953 	 358.4399691 	 1 	 0 	 1 	 -1 
176.661		128.213 	 95.5350826575 	 349.979859317 	 1 	 1 	 1 	 -1 
181.979		136.102 	 34.9821602976 	 93.6726613662 	 0 	 0 	 1 	 -1 
190.51		143.413 	 86.9303897171 	 56.0672550235 	 1 	 1 	 1 	 1 
201.845		150 	 110.383522493 	 4.41570043775 	 0 	 0 	 1 	 0 
190.511		156.587 	 60.1861810176 	 344.237915996 	 0 	 1 	 1 	 -1 
181.979		163.898 	 48.9405646934 	 357.439160701 	 1 	 1 	 1 	 0 
176.661		171.787 	 45.8519002337 	 357.10469573 	 1 	 0 	 1 	 1 
174.852		180 	 53.0963230965 	 3.50075767088 	 0 	 0 	 1 	 -1 
176.661		188.213 	 98.2803037635 	 339.751933127 	 1 	 0 	 1 	 -1 
181.979		196.102 	 45.4220178841 	 13.4894750727 	 0 	 1 	 1 	 0 
190.511		203.413 	 74.0865396082 	 2.56754718249 	 1 	 0 	 1 	 -1 
201.845		210 	 84.5591325087 	 0.345862519667 	 1 	 0 	 1 	 1 
190.51		216.587 	 107.903644272 	 347.539895102 	 0 	 0 	 1 	 0 
181.979		223.898 	 67.9273688125 	 354.650405679 	 0 	 1 	 1 	 0 
176.661		231.787 	 68.3343351998 	 312.531096973 	 0 	 1 	 1 	 0 
174.853		240 	 84.2185206059 	 311.191859218 	 1 	 1 	 1 	 -1 
176.662		248.213 	 104.011869552 	 351.697943536 	 0 	 1 	 1 	 1 
181.979		256.102 	 41.1399678049 	 24.6802984288 	 0 	 1 	 1 	 -1 
190.511		263.413 	 88.6911846641 	 8.9671976754 	 0 	 0 	 1 	 1 
190.511		276.587 	 88.3024017122 	 27.8782398115 	 1 	 0 	 1 	 -1 
181.979		283.898 	 76.94039812 	 3.95974333103 	 0 	 0 	 1 	 -1 
176.662		291.787 	 41.4112742152 	 353.584579267 	 0 	 0 	 1 	 1 
174.853		300 	 53.3280317475 	 32.8058897219 	 0 	 0 	 1 	 -1 
176.661		308.213 	 97.8093443903 	 357.316622561 	 0 	 0 	 1 	 1 
181.979		316.102 	 49.9804525336 	 348.16828038 	 1 	 0 	 1 	 1 
190.511		323.413 	 64.9613156455 	 2.02605013382 	 1 	 0 	 1 	 1 
201.845		330 	 44.5269386594 	 3.42670353732 	 1 	 0 	 1 	 0 
215.536		335.818 	 60.1906746444 	 358.180369891 	 1 	 0 	 1 	 -1 
206.511		342.216 	 73.3605907722 	 319.559469472 	 0 	 0 	 1 	 1 
200.265		349.107 	 193.632428651 	 21.0537205048 	 1 	 0 	 1 	 -1 
197.068		356.329 	 91.7641855251 	 3.62218945229 	 1 	 0 	 1 	 1 
197.068		3.6705 	 72.3559239377 	 8.50132743118 	 1 	 1 	 1 	 0 
200.265		10.8934 	 1.00474302236 	 37.80597259 	 0 	 1 	 1 	 0 
206.511		17.7836 	 82.2726008108 	 347.501536623 	 1 	 0 	 1 	 -1 
215.536		24.1825 	 74.6000188778 	 359.784258587 	 0 	 0 	 1 	 1 
227.007		30 	 68.6679896424 	 13.3452661078 	 0 	 1 	 1 	 0 
215.536		35.8175 	 9.88035749691 	 110.769404544 	 1 	 0 	 1 	 0 
206.511		42.2164 	 70.3690228422 	 343.916132177 	 1 	 0 	 1 	 1 
200.265		49.1066 	 9.51831867222 	 295.764188156 	 1 	 1 	 1 	 1 
197.068		56.3295 	 71.7202504422 	 345.977516093 	 1 	 1 	 1 	 -1 
197.068		63.6705 	 65.4190518516 	 1.96075304463 	 1 	 1 	 1 	 0 
200.265		70.8934 	 50.5598679233 	 331.675946682 	 0 	 0 	 1 	 1 
206.511		77.7836 	 54.240644007 	 20.1980886315 	 1 	 1 	 1 	 1 
215.536		84.1825 	 62.9021383575 	 354.451948373 	 0 	 1 	 1 	 0 
227.007		90 	 24.5629073569 	 280.981083211 	 0 	 1 	 1 	 1 
215.536		95.8175 	 99.0113815326 	 8.77730417265 	 0 	 0 	 1 	 1 
206.511		102.216 	 47.4180816453 	 11.1351760513 	 1 	 0 	 1 	 0 
200.265		109.107 	 120.505856596 	 14.2414431881 	 0 	 1 	 1 	 1 
197.068		116.33 	 98.6999708696 	 9.24275728189 	 0 	 0 	 1 	 0 
197.068		123.671 	 65.2460334393 	 8.57086161119 	 1 	 1 	 1 	 -1 
200.265		130.893 	 17.4963699623 	 352.350434876 	 1 	 1 	 1 	 0 
206.51		137.784 	 40.5564721295 	 341.792556475 	 1 	 0 	 1 	 1 
215.536		144.182 	 55.2684164432 	 2.44770788563 	 1 	 1 	 1 	 1 
227.007		150 	 43.6873809933 	 60.1575520452 	 0 	 1 	 1 	 0 
215.536		155.818 	 70.0240986472 	 33.3080399393 	 1 	 0 	 1 	 0 
206.511		162.216 	 63.3274118805 	 356.195029774 	 0 	 0 	 1 	 -1 
200.266		169.107 	 83.6496080068 	 1.72770920207 	 0 	 1 	 1 	 0 
197.068		176.33 	 82.9684788556 	 320.561159291 	 1 	 1 	 1 	 0 
197.068		183.671 	 79.3673892381 	 21.6248581297 	 1 	 1 	 1 	 1 
200.266		190.893 	 37.9405209547 	 152.141318023 	 0 	 0 	 1 	 1 
206.511		197.784 	 52.7992458734 	 338.622807758 	 0 	 1 	 1 	 -1 
215.536		204.182 	 74.766420986 	 10.574634115 	 1 	 1 	 1 	 -1 
227.007		210 	 55.9167597439 	 357.643638752 	 0 	 1 	 1 	 0 
215.536		215.818 	 58.1228890935 	 0.296449316877 	 0 	 0 	 1 	 0 
206.51		222.216 	 93.1345033043 	 66.5590653279 	 1 	 1 	 1 	 1 
200.265		229.107 	 90.9048193408 	 2.09219310687 	 1 	 1 	 1 	 -1 
197.068		236.329 	 57.1507347055 	 12.1808017132 	 0 	 0 	 1 	 0 
197.068		243.671 	 52.7166879139 	 332.185275432 	 1 	 0 	 1 	 1 
200.265		250.893 	 88.6890188255 	 6.24556539688 	 0 	 1 	 1 	 1 
206.51		257.784 	 139.772499002 	 60.8846729483 	 1 	 1 	 1 	 0 
215.536		264.182 	 44.0430164755 	 17.2084459566 	 1 	 0 	 1 	 0 
227.007		270 	 100.129667764 	 357.241627241 	 1 	 1 	 1 	 1 
215.536		275.818 	 97.2879208778 	 317.589089648 	 0 	 0 	 1 	 0 
206.51		282.216 	 72.7288659226 	 22.4584549955 	 1 	 0 	 1 	 1 
200.265		289.107 	 63.2201810226 	 3.23492235869 	 1 	 1 	 1 	 1 
197.068		296.329 	 47.2294589342 	 351.972063017 	 0 	 1 	 1 	 0 
197.068		303.67 	 65.7068647278 	 307.322939582 	 1 	 0 	 1 	 0 
200.265		310.893 	 77.0071254698 	 29.7667760916 	 0 	 0 	 1 	 1 
206.511		317.784 	 49.8116198246 	 5.99088831531 	 1 	 0 	 1 	 -1 
227.008		330 	 124.751919768 	 46.8999465298 	 1 	 0 	 1 	 -1 
240.57		335.209 	 42.918119165 	 29.9452861011 	 1 	 1 	 1 	 1 
231.161		340.893 	 93.4710564762 	 356.941248426 	 1 	 1 	 1 	 -1 
224.195		346.996 	 57.9313129926 	 356.994491763 	 1 	 0 	 1 	 0 
219.909		353.413 	 101.929702036 	 344.305493948 	 0 	 0 	 1 	 0 
218.461		0 	 47.2885332173 	 34.9020025042 	 1 	 0 	 1 	 1 
219.909		6.58678 	 72.3164155026 	 336.317623249 	 0 	 1 	 1 	 1 
224.195		13.0039 	 21.5177226325 	 305.871823561 	 1 	 1 	 1 	 -1 
231.161		19.1066 	 55.578419618 	 1.82285805856 	 1 	 0 	 1 	 0 
240.57		24.7913 	 103.196961072 	 317.561758296 	 1 	 0 	 1 	 0 
252.146		30 	 68.0824309065 	 5.7020392465 	 0 	 1 	 1 	 -1 
240.57		35.2087 	 103.772721696 	 28.8283628224 	 0 	 1 	 1 	 0 
231.161		40.8934 	 54.7809887264 	 28.2972421034 	 1 	 1 	 1 	 -1 
224.195		46.9961 	 66.0354237872 	 31.8209437695 	 1 	 1 	 1 	 -1 
219.909		53.4132 	 100.418423066 	 32.2112890402 	 1 	 0 	 1 	 0 
218.461		60 	 52.8065304329 	 334.514372369 	 0 	 0 	 1 	 1 
219.909		66.5868 	 54.1224375924 	 88.4172704491 	 0 	 1 	 1 	 1 
224.195		73.0039 	 83.5048733073 	 336.041903068 	 0 	 1 	 1 	 0 
231.161		79.1066 	 56.1945269676 	 28.8560184362 	 1 	 1 	 1 	 1 
240.57		84.7913 	 64.1424736385 	 2.43947366009 	 1 	 0 	 1 	 1 
240.57		95.2087 	 100.962897693 	 46.5130812303 	 0 	 1 	 1 	 -1 
231.161		100.893 	 86.8815814222 	 353.019409548 	 1 	 1 	 1 	 1 
224.195		106.996 	 62.9390139625 	 5.14558124328 	 1 	 1 	 1 	 0 
219.909		113.413 	 93.9841112929 	 349.151927862 	 1 	 1 	 1 	 1 
218.461		120 	 154.104643698 	 32.2000460298 	 0 	 1 	 1 	 -1 
219.909		126.587 	 52.5192819444 	 19.7114450806 	 0 	 0 	 1 	 1 
224.195		133.004 	 42.728208168 	 347.142917598 	 1 	 0 	 1 	 0 
231.161		139.107 	 46.7240806593 	 26.7250917032 	 1 	 0 	 1 	 1 
252.146		150 	 72.0534142936 	 15.7935773517 	 0 	 0 	 1 	 -1 
240.57		155.209 	 35.9209026292 	 23.6298876759 	 0 	 1 	 1 	 1 
231.16		160.893 	 52.5867119487 	 20.6997884088 	 0 	 0 	 1 	 -1 
224.196		166.996 	 97.9460386895 	 314.218498863 	 1 	 0 	 1 	 -1 
219.909		173.413 	 30.973601005 	 263.585182118 	 0 	 0 	 1 	 0 
218.461		180 	 21.6129397967 	 340.8919941 	 1 	 0 	 1 	 1 
219.909		186.587 	 68.3876524434 	 317.408100674 	 0 	 0 	 1 	 -1 
224.196		193.004 	 102.487128199 	 345.067912567 	 0 	 0 	 1 	 1 
231.16		199.107 	 52.4094878299 	 358.104252898 	 0 	 1 	 1 	 1 
240.57		204.791 	 56.1502658576 	 18.8118254618 	 1 	 0 	 1 	 -1 
252.146		210 	 52.0137174624 	 282.428253889 	 0 	 1 	 1 	 -1 
240.57		215.209 	 59.475617268 	 355.669481624 	 0 	 0 	 1 	 0 
231.161		220.893 	 129.943507768 	 4.33403610508 	 1 	 1 	 1 	 -1 
224.196		226.996 	 19.6096747336 	 108.476076504 	 1 	 0 	 1 	 0 
219.909		233.413 	 100.645300987 	 5.80093216089 	 0 	 1 	 1 	 -1 
218.461		240 	 49.9401324939 	 5.23216248784 	 1 	 1 	 1 	 -1 
219.909		246.587 	 60.2803359598 	 27.782116836 	 0 	 0 	 1 	 1 
224.195		253.004 	 141.161614817 	 41.5912444343 	 1 	 1 	 1 	 -1 
231.16		259.107 	 36.8877389832 	 26.9350954791 	 0 	 0 	 1 	 0 
240.57		264.791 	 49.7490120096 	 359.931551176 	 0 	 1 	 1 	 1 
252.146		270 	 129.469155836 	 330.476591052 	 0 	 1 	 1 	 0 
240.57		275.209 	 67.6583602579 	 7.19703464599 	 1 	 1 	 1 	 -1 
231.16		280.893 	 119.989327903 	 359.099126899 	 0 	 0 	 1 	 0 
224.195		286.996 	 5.84097077915 	 50.4176680785 	 0 	 0 	 1 	 1 
219.909		293.413 	 59.5602146714 	 18.4363599528 	 0 	 0 	 1 	 1 
218.461		300 	 57.9163338299 	 358.482541619 	 0 	 1 	 1 	 1 
219.909		306.587 	 13.4461315397 	 79.6276259813 	 0 	 0 	 1 	 1 
224.196		313.004 	 95.2538310267 	 21.4153244069 	 1 	 0 	 1 	 1 
231.161		319.107 	 61.8392240374 	 8.64854954044 	 0 	 1 	 1 	 1 
240.57		324.791 	 45.9531024212 	 317.167203863 	 1 	 0 	 1 	 -1 
252.146		330 	 185.137209061 	 7.76653593477 	 0 	 0 	 1 	 1 
265.601		334.715 	 84.3966603716 	 18.9049099257 	 0 	 1 	 1 	 -1 
255.886		339.826 	 48.1554474276 	 19.1995095917 	 0 	 0 	 1 	 0 
248.348		345.295 	 59.3339146249 	 358.40813312 	 1 	 1 	 1 	 -1 
243.191		351.052 	 73.1458266351 	 15.2571527659 	 0 	 0 	 1 	 1 
240.57		356.996 	 114.633775039 	 26.2409539396 	 0 	 1 	 1 	 1 
240.57		3.00449 	 56.3188330324 	 357.101340599 	 1 	 1 	 1 	 -1 
243.191		8.94827 	 58.3322409308 	 359.182137398 	 1 	 1 	 1 	 1 
248.348		14.7047 	 34.931880588 	 354.449811851 	 1 	 0 	 1 	 -1 
255.886		20.1736 	 44.9810523988 	 97.5158240251 	 1 	 0 	 1 	 -1 
265.601		25.285 	 41.9801055756 	 330.404967061 	 1 	 0 	 1 	 -1 
277.258		30 	 65.41132589 	 329.714463941 	 1 	 0 	 1 	 -1 
265.601		34.715 	 98.2480833916 	 7.17423862702 	 1 	 0 	 1 	 1 
255.887		39.8264 	 124.993179189 	 11.0907897411 	 0 	 1 	 1 	 1 
248.348		45.2953 	 71.6301445002 	 12.8468042878 	 0 	 1 	 1 	 0 
243.191		51.0517 	 141.9989288 	 354.850489422 	 0 	 0 	 1 	 -1 
240.57		56.9955 	 121.896606009 	 337.945636874 	 1 	 0 	 1 	 0 
240.57		63.0045 	 74.3494652307 	 2.98609859732 	 0 	 1 	 1 	 -1 
243.191		68.9483 	 55.0133907189 	 10.4580895143 	 0 	 1 	 1 	 0 
248.348		74.7047 	 46.3575336223 	 11.0543711484 	 1 	 0 	 1 	 0 
255.887		80.1736 	 101.303911674 	 7.73077585559 	 1 	 1 	 1 	 1 
265.601		85.285 	 127.344196956 	 13.7870018513 	 0 	 0 	 1 	 -1 
277.257		90 	 78.6560467215 	 349.982263419 	 1 	 1 	 1 	 1 
265.601		94.715 	 138.412930715 	 312.984808686 	 0 	 1 	 1 	 -1 
255.887		99.8264 	 126.768836058 	 347.712330075 	 1 	 1 	 1 	 -1 
248.348		105.295 	 95.6286547541 	 28.7349483071 	 1 	 0 	 1 	 0 
243.191		111.052 	 58.822094693 	 355.818395969 	 1 	 0 	 1 	 -1 
240.57		116.996 	 65.9579131957 	 350.057618633 	 1 	 1 	 1 	 -1 
240.57		123.005 	 65.3075763378 	 14.2228160254 	 1 	 1 	 1 	 0 
243.191		128.948 	 58.3008112609 	 0.472509661573 	 1 	 0 	 1 	 0 
248.348		134.705 	 25.2204569525 	 335.226129879 	 0 	 0 	 1 	 0 
255.887		140.174 	 38.2923050238 	 314.207458217 	 0 	 0 	 1 	 -1 
265.6		145.285 	 95.3482507686 	 349.662921015 	 0 	 0 	 1 	 -1 
277.257		150 	 82.1676484981 	 11.2545628855 	 1 	 1 	 1 	 -1 
265.601		154.715 	 14.3163180878 	 46.1024791245 	 0 	 1 	 1 	 0 
255.886		159.826 	 58.3667315211 	 16.6763699551 	 0 	 1 	 1 	 1 
248.348		165.295 	 99.1900667335 	 20.4738581686 	 1 	 1 	 1 	 1 
243.191		171.052 	 37.2821698232 	 340.682251037 	 1 	 1 	 1 	 1 
240.57		176.996 	 103.991622547 	 15.3317928014 	 0 	 1 	 1 	 -1 
240.57		183.005 	 56.4976483688 	 341.964253784 	 0 	 0 	 1 	 0 
243.191		188.948 	 71.7531787419 	 353.776531148 	 1 	 0 	 1 	 0 
248.348		194.705 	 14.0741597802 	 332.25224452 	 0 	 1 	 1 	 -1 
255.886		200.174 	 63.0132783208 	 349.832685322 	 1 	 0 	 1 	 0 
265.601		205.285 	 31.8961475864 	 38.440692504 	 1 	 0 	 1 	 0 
277.258		210 	 67.2846554331 	 25.0100845494 	 0 	 0 	 1 	 0 
265.6		214.715 	 48.3414061507 	 16.2637333379 	 1 	 1 	 1 	 1 
255.887		219.826 	 32.5023457863 	 326.296600664 	 0 	 0 	 1 	 -1 
248.348		225.295 	 68.7885187955 	 9.97193947574 	 1 	 0 	 1 	 -1 
243.191		231.052 	 113.215860455 	 13.6198909894 	 1 	 0 	 1 	 1 
240.57		236.995 	 75.9681362816 	 357.872480787 	 0 	 1 	 1 	 -1 
240.57		243.004 	 82.8788529385 	 14.3498147952 	 0 	 0 	 1 	 0 
243.19		248.948 	 139.633979266 	 46.7597744468 	 0 	 0 	 1 	 -1 
248.348		254.705 	 73.3337757839 	 2.63537953176 	 1 	 0 	 1 	 0 
255.886		260.174 	 57.1902684659 	 353.058314184 	 0 	 1 	 1 	 -1 
265.601		265.285 	 98.1362474151 	 1.98313093461 	 0 	 1 	 1 	 0 
277.258		270 	 101.690203904 	 59.3839916113 	 1 	 0 	 1 	 -1 
265.601		274.715 	 46.9519547827 	 117.402497408 	 0 	 0 	 1 	 1 
255.886		279.826 	 124.99978614 	 28.5492714734 	 1 	 0 	 1 	 1 
248.348		285.295 	 53.7820498011 	 355.337225783 	 1 	 0 	 1 	 0 
243.19		291.052 	 84.6178953611 	 255.354205573 	 1 	 0 	 1 	 -1 
240.57		296.996 	 60.0883150401 	 359.609734664 	 0 	 1 	 1 	 1 
240.57		303.004 	 41.7669973756 	 8.89529227446 	 1 	 1 	 1 	 1 
243.191		308.948 	 64.7789489534 	 0.514173042925 	 1 	 0 	 1 	 -1 
248.348		314.705 	 79.3821287025 	 358.978615055 	 1 	 1 	 1 	 0 
255.886		320.174 	 63.1247058432 	 0.801799389222 	 0 	 0 	 1 	 -1 
265.6		325.285 	 67.1174941021 	 213.407055608 	 1 	 1 	 1 	 1 
277.258		330 	 52.16810118 	 342.763097291 	 0 	 1 	 1 	 1 
290.619		334.307 	 76.2881556371 	 345.024019626 	 0 	 1 	 1 	 0 
280.659		338.948 	 36.6019464949 	 7.50611353477 	 1 	 1 	 1 	 0 
272.656		343.898 	 55.454164643 	 348.484763926 	 0 	 0 	 1 	 -1 
266.79		349.107 	 62.5429362162 	 336.508884234 	 0 	 1 	 1 	 0 
263.206		354.504 	 57.6990717908 	 0.45920015536 	 0 	 1 	 1 	 -1 
262.001		0 	 121.699926384 	 62.0157605367 	 1 	 0 	 1 	 1 
263.206		5.49637 	 72.1496378841 	 8.34556665591 	 1 	 1 	 1 	 1 
266.79		10.8934 	 62.4856185351 	 356.572052138 	 0 	 0 	 1 	 1 
272.656		16.1021 	 53.0701447796 	 0.205881060176 	 0 	 1 	 1 	 0 
280.659		21.0517 	 54.1131977143 	 349.467777147 	 1 	 1 	 1 	 1 
290.619		25.6934 	 50.542200971 	 239.762205987 	 1 	 1 	 1 	 0 
302.34		30 	 77.8694635179 	 3.42907841261 	 0 	 1 	 1 	 0 
290.619		34.3066 	 111.190250008 	 355.469056311 	 1 	 0 	 1 	 -1 
280.659		38.9483 	 133.192963785 	 0.929890547466 	 1 	 1 	 1 	 -1 
272.656		43.8979 	 54.6707260848 	 15.9955436535 	 0 	 0 	 1 	 0 
266.789		49.1066 	 57.7928704934 	 19.14070936 	 1 	 0 	 1 	 1 
263.206		54.5036 	 73.8467417404 	 9.47820204448 	 0 	 0 	 1 	 -1 
262.001		60 	 122.144806796 	 308.92412532 	 0 	 1 	 1 	 -1 
263.206		65.4964 	 78.2426862678 	 304.147082406 	 1 	 1 	 1 	 1 
266.79		70.8934 	 114.024940118 	 2.08277924082 	 0 	 1 	 1 	 0 
272.656		76.1021 	 68.0072214043 	 356.401074572 	 0 	 1 	 1 	 -1 
280.659		81.0517 	 114.573965637 	 9.81390482867 	 1 	 0 	 1 	 0 
290.619		85.6934 	 52.6640324643 	 357.821862017 	 1 	 1 	 1 	 -1 
302.34		90 	 28.4547217854 	 70.8461453348 	 1 	 1 	 1 	 0 
290.619		94.3066 	 57.4955026516 	 336.130532581 	 0 	 1 	 1 	 1 
280.659		98.9483 	 112.331822557 	 344.073549676 	 0 	 1 	 1 	 1 
272.655		103.898 	 73.2455237888 	 17.5099774681 	 0 	 0 	 1 	 -1 
266.79		109.107 	 110.955722619 	 354.435314916 	 0 	 0 	 1 	 -1 
263.206		114.504 	 89.9882779851 	 327.495298707 	 1 	 1 	 1 	 0 
262		120 	 46.4467916944 	 4.40476331865 	 1 	 0 	 1 	 1 
263.206		125.496 	 45.5796456004 	 13.131541316 	 1 	 0 	 1 	 -1 
266.79		130.893 	 74.6423771174 	 253.50195081 	 1 	 1 	 1 	 -1 
272.655		136.102 	 75.0213523633 	 35.7305484827 	 0 	 1 	 1 	 -1 
280.659		141.052 	 38.5837664628 	 350.453000783 	 0 	 0 	 1 	 1 
290.619		145.693 	 62.996972507 	 39.8901696767 	 0 	 0 	 1 	 1 
302.34		150 	 35.9731605125 	 20.5613326835 	 0 	 1 	 1 	 1 
290.619		154.307 	 83.5842716409 	 341.346741607 	 1 	 1 	 1 	 0 
280.659		158.948 	 50.7769969165 	 13.8648516182 	 1 	 1 	 1 	 0 
272.656		163.898 	 55.8926654061 	 359.014431374 	 1 	 0 	 1 	 0 
266.789		169.107 	 53.9172984806 	 2.94582967735 	 1 	 1 	 1 	 -1 
263.206		174.504 	 76.6282957968 	 38.6217897053 	 1 	 0 	 1 	 -1 
262.001		180 	 51.6846288344 	 351.394376118 	 1 	 1 	 1 	 1 
263.206		185.496 	 37.5985301962 	 47.7473039611 	 1 	 0 	 1 	 0 
266.789		190.893 	 58.4896842299 	 358.44277944 	 0 	 1 	 1 	 0 
272.656		196.102 	 99.7841897395 	 357.563769424 	 1 	 1 	 1 	 -1 
280.659		201.052 	 56.8609070768 	 354.560370155 	 1 	 1 	 1 	 -1 
290.619		205.693 	 85.5683572305 	 20.2453060704 	 1 	 1 	 1 	 1 
302.34		210 	 59.7600658892 	 355.352315036 	 0 	 0 	 1 	 1 
290.619		214.307 	 34.0983174924 	 37.1611849821 	 1 	 0 	 1 	 1 
280.658		218.948 	 61.9697850221 	 358.049581165 	 0 	 0 	 1 	 1 
272.656		223.898 	 62.4897139793 	 29.7246389454 	 0 	 0 	 1 	 -1 
266.79		229.107 	 87.2939389746 	 354.000373163 	 0 	 0 	 1 	 1 
263.206		234.504 	 109.754697596 	 346.544883456 	 0 	 1 	 1 	 1 
262		240 	 93.1171751683 	 330.672029525 	 1 	 0 	 1 	 0 
263.206		245.496 	 44.8110159267 	 65.5384533389 	 1 	 1 	 1 	 -1 
266.789		250.893 	 95.139417842 	 293.383573506 	 1 	 1 	 1 	 0 
272.656		256.102 	 39.8479046499 	 87.706561848 	 1 	 1 	 1 	 1 
280.659		261.052 	 124.825443426 	 285.276471889 	 0 	 1 	 1 	 1 
290.62		265.693 	 56.9388417332 	 28.4026125908 	 1 	 0 	 1 	 0 
302.34		270 	 109.060449114 	 354.06968356 	 0 	 0 	 1 	 1 
290.62		274.307 	 56.185220697 	 351.716469265 	 1 	 0 	 1 	 1 
280.659		278.948 	 59.1909396237 	 32.1425451335 	 1 	 0 	 1 	 1 
272.656		283.898 	 47.7513025417 	 80.5739998403 	 0 	 1 	 1 	 -1 
266.789		289.107 	 72.0774158956 	 6.38013623964 	 0 	 0 	 1 	 1 
263.206		294.504 	 79.3267164167 	 44.0781743028 	 0 	 0 	 1 	 1 
262		300 	 64.3635386554 	 357.01599258 	 1 	 1 	 1 	 1 
263.206		305.496 	 128.617187168 	 10.8373398372 	 0 	 1 	 1 	 -1 
266.79		310.893 	 56.1880935268 	 56.156692696 	 0 	 1 	 1 	 0 
272.656		316.102 	 83.0848214102 	 5.58733106512 	 0 	 1 	 1 	 1 
280.659		321.052 	 15.5244700543 	 316.708524721 	 1 	 1 	 1 	 0 
290.619		325.693 	 19.7907692768 	 295.651218203 	 0 	 1 	 1 	 0 
302.34		330 	 75.4494442283 	 336.084876544 	 1 	 0 	 1 	 1 
315.62		333.963 	 23.3121852602 	 98.0438202678 	 1 	 0 	 1 	 1 
305.457		338.213 	 45.563812617 	 150.083133107 	 1 	 0 	 1 	 1 
297.071		342.731 	 31.6564767314 	 308.916389752 	 1 	 1 	 1 	 -1 
290.619		347.48 	 33.7354421076 	 347.779661287 	 0 	 0 	 1 	 1 
286.236		352.411 	 69.3276760714 	 351.122802912 	 0 	 0 	 1 	 1 
284.018		357.457 	 106.477707106 	 277.990473406 	 1 	 0 	 1 	 -1 
284.018		2.54292 	 76.9613641278 	 305.377157131 	 0 	 1 	 1 	 1 
286.236		7.58909 	 55.7100529092 	 357.513124458 	 0 	 1 	 1 	 0 
290.619		12.5198 	 73.465765788 	 6.28073766631 	 1 	 0 	 1 	 1 
297.071		17.2695 	 86.3370686624 	 323.044185398 	 1 	 1 	 1 	 1 
305.457		21.7868 	 55.2730296705 	 18.3057512316 	 1 	 0 	 1 	 1 
315.62		26.0368 	 51.5822615468 	 12.2800905815 	 0 	 0 	 1 	 1 
327.39		30 	 61.7178197325 	 354.935230631 	 1 	 0 	 1 	 0 
305.457		38.2132 	 72.2978261187 	 350.150675632 	 0 	 0 	 1 	 0 
297.071		42.7305 	 174.71088747 	 358.022638308 	 1 	 0 	 1 	 0 
290.619		47.4802 	 105.794656785 	 358.950667808 	 0 	 1 	 1 	 -1 
286.236		52.4109 	 39.1517395007 	 33.4537391099 	 0 	 1 	 1 	 -1 
284.018		57.4571 	 121.810360367 	 17.9567738343 	 0 	 0 	 1 	 1 
284.018		62.5429 	 51.947820912 	 2.23337696487 	 1 	 1 	 1 	 0 
286.236		67.5891 	 59.3814617228 	 6.17798390466 	 1 	 1 	 1 	 -1 
290.619		72.5198 	 57.109861964 	 358.881257012 	 0 	 1 	 1 	 -1 
297.071		77.2695 	 41.8346014901 	 334.032162301 	 1 	 1 	 1 	 1 
305.457		81.7868 	 11.3433784457 	 347.694962313 	 0 	 0 	 1 	 0 
315.62		86.0368 	 51.7536428491 	 18.5419119062 	 0 	 1 	 1 	 0 
327.39		90 	 95.103571414 	 319.232735285 	 1 	 0 	 1 	 0 
315.62		93.9632 	 34.8390577092 	 316.572690115 	 1 	 1 	 1 	 1 
305.457		98.2132 	 56.2948571296 	 323.136846013 	 1 	 1 	 1 	 0 
297.071		102.731 	 43.0771041962 	 7.25916298563 	 1 	 0 	 1 	 -1 
290.619		107.48 	 173.553893936 	 358.362178956 	 0 	 1 	 1 	 1 
286.236		112.411 	 79.8912017161 	 28.9228553034 	 0 	 0 	 1 	 0 
284.018		117.457 	 131.244924544 	 47.1251241323 	 0 	 1 	 1 	 0 
284.018		122.543 	 95.4646100778 	 357.492620702 	 0 	 1 	 1 	 0 
286.236		127.589 	 35.7090084563 	 23.6224414221 	 1 	 1 	 1 	 -1 
290.62		132.52 	 47.9709144346 	 20.6121274528 	 1 	 1 	 1 	 0 
297.071		137.269 	 37.1659073292 	 10.636932396 	 1 	 1 	 1 	 -1 
305.457		141.787 	 26.6888790291 	 311.341885956 	 0 	 1 	 1 	 -1 
315.62		146.037 	 51.7129308394 	 30.8062170109 	 0 	 1 	 1 	 1 
327.39		150 	 79.1920623179 	 338.452497124 	 1 	 1 	 1 	 0 
315.619		153.963 	 130.725152138 	 8.096772392 	 1 	 1 	 1 	 -1 
305.457		158.213 	 117.561659297 	 345.933585854 	 1 	 1 	 1 	 0 
297.071		162.731 	 97.4830188494 	 19.7240371716 	 1 	 1 	 1 	 -1 
290.62		167.48 	 72.4233008703 	 333.119964212 	 0 	 1 	 1 	 1 
286.236		172.411 	 57.0181663408 	 332.455005037 	 1 	 1 	 1 	 -1 
284.019		177.457 	 112.413696719 	 336.142054799 	 0 	 0 	 1 	 0 
284.019		182.543 	 80.2278298772 	 11.0860054399 	 1 	 0 	 1 	 1 
286.236		187.589 	 60.8740457563 	 6.28626677102 	 0 	 1 	 1 	 0 
290.62		192.52 	 66.0959207699 	 320.551802478 	 1 	 0 	 1 	 -1 
297.071		197.269 	 52.6551020091 	 269.353736584 	 1 	 1 	 1 	 -1 
305.457		201.787 	 83.8464807651 	 13.726167726 	 1 	 0 	 1 	 0 
315.62		206.037 	 49.240438803 	 5.23486157767 	 0 	 0 	 1 	 1 
327.39		210 	 94.6537630894 	 60.9702870742 	 0 	 1 	 1 	 0 
315.62		213.963 	 52.1045618081 	 347.655276558 	 0 	 1 	 1 	 1 
305.457		218.213 	 53.67705559 	 272.717224442 	 1 	 1 	 1 	 0 
297.071		222.731 	 120.498357701 	 313.672009553 	 1 	 0 	 1 	 1 
290.619		227.48 	 52.8004516089 	 351.603321141 	 1 	 0 	 1 	 0 
286.236		232.411 	 37.6683152716 	 322.174716909 	 0 	 0 	 1 	 -1 
284.018		237.457 	 87.3830502701 	 32.4902139303 	 0 	 1 	 1 	 0 
284.019		242.543 	 26.2558120339 	 24.818419037 	 0 	 0 	 1 	 -1 
286.236		247.589 	 52.204182488 	 309.281438474 	 1 	 1 	 1 	 0 
290.62		252.52 	 58.8011602755 	 67.814644301 	 0 	 0 	 1 	 0 
297.071		257.269 	 124.950462566 	 304.580829656 	 1 	 0 	 1 	 0 
305.457		261.787 	 71.1559918276 	 11.9293542081 	 0 	 1 	 1 	 -1 
315.62		266.037 	 62.5319075012 	 15.8123920243 	 0 	 0 	 1 	 -1 
327.39		270 	 81.2888462458 	 344.061389291 	 1 	 0 	 1 	 -1 
315.62		273.963 	 82.4333496648 	 0.825132592281 	 0 	 1 	 1 	 1 
305.457		278.213 	 93.0110734776 	 17.0075790046 	 1 	 0 	 1 	 0 
297.071		282.731 	 91.1354385482 	 350.15285635 	 0 	 0 	 1 	 0 
290.62		287.48 	 49.0695148104 	 62.0448594438 	 1 	 1 	 1 	 -1 
286.236		292.411 	 54.335584857 	 330.444381704 	 0 	 1 	 1 	 0 
284.019		297.457 	 69.2171842936 	 37.7289726948 	 1 	 0 	 1 	 0 
284.018		302.543 	 74.8886210063 	 328.05021139 	 0 	 0 	 1 	 1 
286.236		307.589 	 28.2579172255 	 295.135049798 	 1 	 1 	 1 	 1 
290.619		312.52 	 58.2039964049 	 338.770331651 	 0 	 1 	 1 	 1 
297.071		317.269 	 89.9448549152 	 356.884889389 	 0 	 0 	 1 	 -1 
305.457		321.787 	 82.5630812662 	 25.0658089947 	 1 	 0 	 1 	 -1 
327.39		330 	 10.0468493353 	 70.3383770756 	 1 	 0 	 1 	 0 
340.597		333.67 	 23.7761735746 	 297.880327506 	 0 	 0 	 1 	 -1 
330.266		337.589 	 59.6778792487 	 24.3776998889 	 1 	 1 	 1 	 -1 
321.56		341.742 	 77.4601074654 	 1.81769563068 	 1 	 0 	 1 	 -1 
314.619		346.102 	 57.4871331318 	 353.206604104 	 1 	 0 	 1 	 0 
309.563		350.633 	 119.804622499 	 358.518338985 	 1 	 0 	 1 	 0 
306.489		355.285 	 58.4386399719 	 359.365486121 	 1 	 0 	 1 	 -1 
305.457		0 	 46.1208583015 	 359.080769897 	 0 	 1 	 1 	 1 
306.489		4.715 	 127.355773532 	 347.823466128 	 1 	 0 	 1 	 0 
309.563		9.367 	 23.438434264 	 102.623252986 	 1 	 1 	 1 	 1 
314.619		13.8979 	 26.225168423 	 186.925065432 	 0 	 1 	 1 	 1 
321.56		18.2585 	 83.2853904572 	 4.38334558216 	 1 	 0 	 1 	 1 
330.266		22.4109 	 105.36086332 	 330.567336115 	 0 	 0 	 1 	 -1 
340.597		26.3295 	 41.7719189401 	 66.4721961983 	 0 	 1 	 1 	 1 
352.406		30 	 33.8852735313 	 302.404112397 	 0 	 0 	 1 	 -1 
340.597		33.6705 	 59.4638361027 	 350.794799321 	 0 	 1 	 1 	 0 
330.266		37.5891 	 53.3038181173 	 91.6073999584 	 1 	 1 	 1 	 1 
321.56		41.7415 	 84.7578860464 	 309.448400529 	 0 	 0 	 1 	 -1 
314.619		46.1021 	 58.1267169579 	 359.940579972 	 1 	 0 	 1 	 -1 
309.563		50.633 	 78.2632675854 	 326.910445232 	 1 	 1 	 1 	 0 
306.489		55.285 	 57.7413928764 	 4.5556191742 	 0 	 0 	 1 	 -1 
305.457		60 	 61.560917732 	 346.521546921 	 1 	 0 	 1 	 -1 
306.489		64.715 	 55.9414530889 	 7.37258644773 	 1 	 1 	 1 	 1 
309.563		69.367 	 59.1108548705 	 12.6909843157 	 0 	 0 	 1 	 -1 
314.619		73.8979 	 88.3718482494 	 17.6229708915 	 1 	 0 	 1 	 1 
321.56		78.2585 	 17.7629574917 	 268.751780702 	 1 	 0 	 1 	 1 
330.266		82.4109 	 19.3704596998 	 321.593941532 	 0 	 1 	 1 	 1 
340.597		86.3295 	 69.3143183133 	 11.0068068594 	 0 	 0 	 1 	 1 
352.406		90 	 37.6006776278 	 287.047251617 	 1 	 0 	 1 	 1 
340.597		93.6705 	 55.1889910602 	 30.2429184853 	 0 	 1 	 1 	 0 
330.266		97.5891 	 63.1909041768 	 3.4484965953 	 0 	 0 	 1 	 0 
321.56		101.742 	 71.7601610493 	 317.135840322 	 0 	 1 	 1 	 0 
314.619		106.102 	 58.8561322739 	 338.853730417 	 0 	 0 	 1 	 -1 
309.563		110.633 	 87.1037495847 	 354.151938167 	 0 	 0 	 1 	 0 
306.489		115.285 	 86.2747170696 	 291.727459702 	 0 	 0 	 1 	 1 
305.457		120 	 19.2763215984 	 12.8413697308 	 0 	 1 	 1 	 -1 
306.489		124.715 	 42.6087379231 	 285.185130802 	 0 	 1 	 1 	 1 
309.563		129.367 	 78.557393161 	 14.3703464752 	 1 	 1 	 1 	 1 
314.619		133.898 	 120.275590222 	 38.4244279394 	 0 	 1 	 1 	 1 
321.56		138.258 	 66.9781904228 	 19.3565999675 	 1 	 0 	 1 	 -1 
330.266		142.411 	 72.292920562 	 51.2807370456 	 0 	 1 	 1 	 -1 
340.597		146.329 	 61.3694700778 	 0.334038505765 	 0 	 1 	 1 	 -1 
352.406		150 	 53.5767662791 	 351.888812956 	 1 	 0 	 1 	 -1 
340.597		153.671 	 171.155542487 	 337.643769784 	 1 	 0 	 1 	 1 
330.266		157.589 	 61.5520081313 	 296.876893329 	 0 	 0 	 1 	 0 
321.561		161.742 	 132.019878834 	 1.69685517059 	 1 	 0 	 1 	 -1 
314.618		166.102 	 31.6831742758 	 5.73584499596 	 1 	 1 	 1 	 0 
309.563		170.633 	 46.8160824521 	 335.216728413 	 1 	 0 	 1 	 0 
306.488		175.285 	 95.9140425349 	 8.48769161025 	 1 	 1 	 1 	 0 
305.457		180 	 118.485618622 	 302.165133263 	 0 	 1 	 1 	 1 
306.488		184.715 	 47.5915873102 	 292.186370458 	 1 	 0 	 1 	 0 
309.563		189.367 	 42.1534412362 	 349.453956961 	 0 	 1 	 1 	 0 
314.618		193.898 	 74.2675630777 	 335.042242662 	 1 	 1 	 1 	 -1 
321.561		198.258 	 119.198036042 	 7.8903543222 	 0 	 0 	 1 	 -1 
330.266		202.411 	 191.857023184 	 15.4175666462 	 0 	 0 	 1 	 1 
340.597		206.329 	 3.44464383783 	 129.350135628 	 0 	 0 	 1 	 0 
352.406		210 	 99.1418660613 	 357.595207746 	 0 	 1 	 1 	 1 
330.266		217.589 	 75.0210024494 	 340.345138507 	 0 	 0 	 1 	 -1 
321.56		221.742 	 76.7199816185 	 358.401923726 	 0 	 0 	 1 	 1 
314.619		226.102 	 39.3091454633 	 351.037210989 	 1 	 1 	 1 	 0 
309.563		230.633 	 57.7885633073 	 359.487549778 	 0 	 0 	 1 	 0 
306.489		235.285 	 50.7861416369 	 352.520074321 	 0 	 1 	 1 	 1 
305.456		240 	 53.8177573909 	 355.4765023 	 1 	 0 	 1 	 1 
306.488		244.715 	 84.4015879416 	 309.699739346 	 1 	 1 	 1 	 1 
309.563		249.367 	 59.9468142991 	 331.18034683 	 0 	 0 	 1 	 0 
314.619		253.898 	 58.5699139642 	 359.717744735 	 0 	 1 	 1 	 1 
321.56		258.258 	 65.3079363209 	 4.32782822377 	 1 	 0 	 1 	 0 
330.266		262.411 	 61.3226292074 	 356.726771935 	 1 	 0 	 1 	 0 
340.597		266.33 	 87.2809068145 	 37.0978356561 	 0 	 0 	 1 	 -1 
340.597		273.671 	 184.921149254 	 44.5974520391 	 1 	 0 	 1 	 0 
330.266		277.589 	 112.483180063 	 27.4102215643 	 1 	 1 	 1 	 1 
321.56		281.742 	 70.4405691365 	 352.780750264 	 0 	 0 	 1 	 1 
314.619		286.102 	 90.0951638772 	 11.9396760667 	 1 	 1 	 1 	 -1 
309.563		290.633 	 39.7253553051 	 19.9618412509 	 1 	 1 	 1 	 0 
306.488		295.285 	 144.339633694 	 357.036797214 	 1 	 1 	 1 	 0 
305.457		300 	 55.0102976963 	 327.237107565 	 0 	 1 	 1 	 1 
306.489		304.715 	 50.2404176858 	 13.7766288348 	 0 	 1 	 1 	 1 
309.563		309.367 	 72.0460112498 	 351.812134897 	 0 	 1 	 1 	 1 
314.619		313.898 	 62.8434408048 	 78.2923011429 	 0 	 0 	 1 	 0 
321.56		318.258 	 70.5619068828 	 0.162649333982 	 1 	 0 	 1 	 -1 
330.266		322.411 	 169.341631214 	 4.36849617668 	 0 	 0 	 1 	 1 
340.597		326.33 	 28.6568559005 	 84.4645578392 	 1 	 0 	 1 	 0 
352.406		330 	 67.0003684871 	 310.188145797 	 0 	 0 	 1 	 1 
365.546		333.418 	 76.7090704573 	 5.93526014464 	 0 	 1 	 1 	 -1 
355.074		337.053 	 141.986589879 	 2.82652263096 	 0 	 1 	 1 	 -1 
346.099		340.893 	 89.7589764267 	 8.85067997411 	 1 	 0 	 1 	 -1 
338.742		344.921 	 15.1164979222 	 119.637085535 	 0 	 0 	 1 	 -1 
333.116		349.107 	 46.3201371989 	 32.6327573489 	 0 	 1 	 1 	 1 
329.31		353.413 	 58.8897672902 	 0.247792654811 	 1 	 0 	 1 	 1 
327.39		357.796 	 68.2167555887 	 20.11797109 	 0 	 1 	 1 	 1 
327.39		2.20423 	 63.703614992 	 68.9006923642 	 0 	 0 	 1 	 -1 
329.31		6.58678 	 94.5096140373 	 0.26789221561 	 0 	 0 	 1 	 -1 
333.116		10.8934 	 50.1539471499 	 328.231925636 	 1 	 0 	 1 	 0 
338.742		15.0791 	 59.93646542 	 0.63840207837 	 1 	 1 	 1 	 -1 
346.099		19.1066 	 99.7359469476 	 14.7121390314 	 1 	 1 	 1 	 -1 
355.074		22.9473 	 24.6817090811 	 75.3537729236 	 0 	 0 	 1 	 0 
365.546		26.582 	 35.7353345652 	 5.87024037668 	 0 	 0 	 1 	 0 
377.385		30 	 219.583541175 	 13.7916025374 	 1 	 1 	 1 	 -1 
365.546		33.418 	 66.5765039392 	 48.6901905314 	 1 	 0 	 1 	 -1 
355.074		37.0527 	 94.2641472475 	 50.8682910176 	 0 	 1 	 1 	 0 
346.099		40.8934 	 142.265935131 	 14.4844259878 	 0 	 1 	 1 	 -1 
338.743		44.9209 	 55.2625128757 	 359.269584509 	 0 	 1 	 1 	 1 
333.116		49.1066 	 44.372190521 	 348.015597347 	 0 	 0 	 1 	 0 
329.31		53.4132 	 169.932137366 	 327.275324437 	 1 	 0 	 1 	 -1 
327.39		57.7958 	 60.6636660069 	 47.0974769494 	 0 	 0 	 1 	 0 
327.39		62.2042 	 115.311637575 	 65.8678372685 	 1 	 0 	 1 	 -1 
329.31		66.5868 	 55.9034849765 	 2.82640753066 	 0 	 1 	 1 	 1 
333.116		70.8934 	 78.0856097814 	 328.794318339 	 1 	 0 	 1 	 -1 
338.742		75.0791 	 57.3195784367 	 4.42470340978 	 0 	 0 	 1 	 -1 
346.099		79.1066 	 56.4131384843 	 352.857447098 	 0 	 1 	 1 	 0 
355.074		82.9473 	 89.8240768163 	 29.8118417811 	 0 	 0 	 1 	 1 
