25.2587		30 	 124.009608925 	 336.846703585 	 1 	 0 	 1 	 -1 
25.2587		90 	 117.422143277 	 302.255167554 	 1 	 1 	 1 	 -1 
25.2587		150 	 122.084497276 	 314.754930422 	 0 	 1 	 1 	 0 
25.2587		210 	 110.430129836 	 8.43352047767 	 0 	 0 	 1 	 1 
25.2587		270 	 88.5441513857 	 319.279245474 	 0 	 0 	 1 	 0 
43.7478		0 	 81.2376559488 	 314.874459567 	 1 	 1 	 1 	 0 
50.5147		30 	 99.2857521832 	 275.340822181 	 1 	 0 	 1 	 0 
43.7478		60 	 89.7025178741 	 316.81169861 	 0 	 1 	 1 	 0 
50.5147		90 	 68.3944315932 	 314.755369385 	 1 	 0 	 1 	 -1 
43.7478		120 	 39.6141954199 	 337.547961177 	 1 	 0 	 1 	 -1 
50.5147		150 	 131.67146649 	 303.045559439 	 0 	 0 	 1 	 1 
43.7478		180 	 89.5006348554 	 317.881076952 	 1 	 1 	 1 	 1 
50.5147		210 	 43.9624138627 	 243.410749434 	 0 	 1 	 1 	 0 
43.7478		240 	 156.894446576 	 322.597387378 	 0 	 1 	 1 	 0 
43.7478		300 	 95.1534821842 	 335.315220152 	 0 	 0 	 1 	 -1 
50.5148		330 	 92.809121685 	 309.914587574 	 1 	 1 	 1 	 0 
66.8212		349.107 	 114.166534251 	 273.791541441 	 0 	 0 	 1 	 -1 
66.8212		10.8934 	 102.64950567 	 299.274621264 	 1 	 1 	 1 	 -1 
75.7654		30 	 95.8263890196 	 318.990122848 	 1 	 0 	 1 	 0 
66.8212		49.1066 	 94.2691544853 	 313.42948928 	 0 	 0 	 1 	 -1 
66.8212		70.8934 	 89.1448768109 	 318.806737566 	 0 	 0 	 1 	 -1 
75.7654		90 	 89.3545099312 	 323.067369745 	 1 	 1 	 1 	 1 
66.8212		109.107 	 136.516971749 	 323.828649481 	 0 	 1 	 1 	 0 
66.8212		130.893 	 143.654502009 	 303.306840351 	 0 	 0 	 1 	 -1 
75.7654		150 	 101.323217303 	 336.189399598 	 0 	 0 	 1 	 0 
66.8212		169.107 	 120.203020496 	 265.937252338 	 1 	 0 	 1 	 1 
66.8212		190.893 	 186.609929119 	 333.8550518 	 0 	 1 	 1 	 1 
66.8212		229.107 	 89.4107331733 	 286.313032983 	 0 	 1 	 1 	 1 
66.8212		250.893 	 90.0323381531 	 315.584466771 	 1 	 0 	 1 	 -1 
75.7654		270 	 135.404890423 	 314.812966287 	 0 	 0 	 1 	 0 
66.8212		289.107 	 86.3066196757 	 294.631554259 	 0 	 1 	 1 	 0 
66.8212		310.893 	 80.9608435103 	 356.018125056 	 1 	 1 	 1 	 -1 
75.7654		330 	 132.528545837 	 310.32699237 	 1 	 0 	 1 	 -1 
91.0523		343.898 	 63.3435627239 	 264.668648571 	 1 	 0 	 1 	 1 
87.4818		0 	 100.102290277 	 320.080580547 	 1 	 0 	 1 	 1 
91.0523		16.1021 	 103.460334115 	 320.347631492 	 0 	 1 	 1 	 -1 
101.008		30 	 102.357271727 	 9.76262334038 	 0 	 0 	 1 	 1 
91.0523		43.8979 	 121.977304226 	 312.691979056 	 1 	 1 	 1 	 0 
87.4818		60 	 87.817823468 	 347.971607672 	 0 	 0 	 1 	 1 
91.0523		76.1021 	 132.370075793 	 315.303605596 	 1 	 1 	 1 	 1 
91.0523		103.898 	 99.2895864666 	 320.842224565 	 1 	 1 	 1 	 -1 
87.4818		120 	 107.088856961 	 299.682762627 	 0 	 0 	 1 	 1 
91.0523		136.102 	 95.4583906052 	 321.922024318 	 1 	 1 	 1 	 1 
91.0523		163.898 	 71.9076210225 	 331.869475957 	 1 	 1 	 1 	 -1 
87.4818		180 	 72.0570482522 	 300.015715874 	 1 	 0 	 1 	 1 
91.0523		196.102 	 109.566359397 	 323.935694647 	 0 	 1 	 1 	 1 
101.008		210 	 143.090823717 	 292.349847724 	 0 	 1 	 1 	 -1 
91.0523		223.898 	 130.909040684 	 302.715248922 	 1 	 1 	 1 	 1 
87.4818		240 	 94.9298090673 	 307.906232751 	 1 	 0 	 1 	 1 
91.0523		256.102 	 114.777226061 	 357.4598343 	 0 	 0 	 1 	 -1 
101.008		270 	 103.865961718 	 323.527014254 	 0 	 0 	 1 	 -1 
91.0523		283.898 	 117.796244683 	 355.563555147 	 0 	 0 	 1 	 1 
87.4817		300 	 94.4482539301 	 301.580516919 	 0 	 0 	 1 	 -1 
91.0523		316.102 	 98.0531276664 	 297.646176565 	 1 	 1 	 1 	 1 
101.008		330 	 88.74406727 	 326.151231987 	 1 	 1 	 1 	 0 
115.709		340.893 	 193.749128037 	 324.623743279 	 0 	 0 	 1 	 0 
110.065		353.413 	 64.8028622205 	 319.726391042 	 0 	 0 	 1 	 -1 
110.065		6.58677 	 88.1578108219 	 312.659044988 	 1 	 0 	 1 	 -1 
115.709		19.1066 	 68.2649096061 	 298.222319508 	 0 	 1 	 1 	 -1 
126.24		30 	 41.9760875871 	 304.852030708 	 1 	 1 	 1 	 1 
115.709		40.8934 	 68.1196636178 	 283.423819365 	 0 	 1 	 1 	 -1 
110.065		53.4132 	 55.9875383366 	 286.606544924 	 1 	 1 	 1 	 1 
110.065		66.5868 	 93.2354035076 	 316.585771255 	 1 	 1 	 1 	 -1 
115.709		79.1066 	 64.2270857012 	 345.239552423 	 0 	 1 	 1 	 -1 
126.24		90 	 120.321258163 	 326.747303409 	 1 	 0 	 1 	 0 
115.709		100.893 	 64.4754446423 	 340.230244992 	 1 	 0 	 1 	 -1 
110.065		113.413 	 90.8056864775 	 318.537859196 	 0 	 1 	 1 	 -1 
110.065		126.587 	 173.860898128 	 292.053099545 	 0 	 0 	 1 	 -1 
115.709		139.107 	 67.6221303047 	 322.165296824 	 1 	 1 	 1 	 0 
126.24		150 	 125.37152447 	 312.985642298 	 1 	 0 	 1 	 0 
115.709		160.893 	 76.5622202705 	 328.575445554 	 1 	 0 	 1 	 0 
110.066		173.413 	 86.9089154174 	 0.752773008282 	 0 	 0 	 1 	 1 
110.066		186.587 	 79.8982450334 	 318.663505524 	 1 	 0 	 1 	 -1 
115.709		199.107 	 62.3390278495 	 326.15410388 	 1 	 1 	 1 	 0 
126.24		210 	 114.727334083 	 324.129661828 	 0 	 1 	 1 	 -1 
115.709		220.893 	 68.1642131222 	 334.116881999 	 0 	 0 	 1 	 1 
110.065		233.413 	 116.052379583 	 307.182645971 	 1 	 0 	 1 	 -1 
110.065		246.587 	 176.699898443 	 323.015101992 	 0 	 0 	 1 	 1 
115.709		259.107 	 83.5294926111 	 341.40336456 	 0 	 1 	 1 	 1 
126.24		270 	 109.517458389 	 310.440527972 	 0 	 0 	 1 	 -1 
115.709		280.893 	 34.411552775 	 34.5951212838 	 0 	 0 	 1 	 1 
110.065		293.413 	 123.378586681 	 313.462175899 	 0 	 0 	 1 	 1 
110.065		306.587 	 103.153900119 	 324.540440403 	 1 	 0 	 1 	 1 
115.709		319.107 	 85.8314579145 	 235.971023211 	 1 	 1 	 1 	 1 
126.24		330 	 120.825464048 	 309.202960862 	 0 	 0 	 1 	 1 
140.56		338.948 	 127.411443446 	 310.166859275 	 0 	 0 	 1 	 1 
133.593		349.107 	 142.041215323 	 299.603500367 	 0 	 1 	 1 	 -1 
131.188		0 	 106.65460002 	 306.340557223 	 0 	 0 	 1 	 -1 
133.593		10.8934 	 100.734977115 	 324.198041436 	 1 	 1 	 1 	 -1 
140.56		21.0517 	 94.1930060545 	 323.780812636 	 1 	 1 	 1 	 0 
151.459		30 	 211.562874799 	 334.013900054 	 1 	 0 	 1 	 0 
140.56		38.9483 	 91.0703337985 	 309.755982025 	 0 	 0 	 1 	 0 
133.593		49.1066 	 91.2027099398 	 317.719249465 	 0 	 0 	 1 	 1 
131.188		60 	 102.454145007 	 316.546397801 	 0 	 1 	 1 	 -1 
133.593		70.8934 	 73.2812716634 	 356.95073884 	 1 	 0 	 1 	 0 
140.56		81.0517 	 91.6320520595 	 314.270054693 	 0 	 0 	 1 	 1 
151.459		90 	 124.585509234 	 298.264235841 	 0 	 0 	 1 	 0 
140.56		98.9483 	 78.9302136407 	 312.826098143 	 1 	 1 	 1 	 1 
133.593		109.107 	 91.5139274219 	 314.412843195 	 0 	 0 	 1 	 1 
131.188		120 	 62.3516811889 	 328.993460223 	 1 	 0 	 1 	 0 
133.593		130.893 	 104.934798923 	 320.387884892 	 0 	 1 	 1 	 0 
140.56		141.052 	 89.6320142522 	 284.67765326 	 1 	 0 	 1 	 -1 
151.459		150 	 116.991431239 	 328.426941384 	 1 	 0 	 1 	 -1 
140.56		158.948 	 60.0477925049 	 312.465287374 	 1 	 1 	 1 	 -1 
133.593		169.107 	 85.9777521836 	 316.805032286 	 1 	 1 	 1 	 0 
131.188		180 	 165.287219978 	 358.247356712 	 0 	 0 	 1 	 -1 
133.593		190.893 	 106.609314897 	 336.955009106 	 0 	 0 	 1 	 0 
140.56		201.052 	 39.8741913612 	 269.873139737 	 1 	 1 	 1 	 0 
151.459		210 	 101.562758128 	 339.05469015 	 0 	 1 	 1 	 1 
140.56		218.948 	 86.8025675023 	 317.25933901 	 1 	 0 	 1 	 0 
133.593		229.107 	 90.2301406188 	 316.863391754 	 0 	 0 	 1 	 -1 
131.188		240 	 39.8116145186 	 348.538573585 	 0 	 1 	 1 	 1 
133.592		250.893 	 156.905267482 	 308.841176252 	 1 	 1 	 1 	 -1 
140.56		261.052 	 106.31313565 	 288.558806406 	 0 	 1 	 1 	 1 
151.459		270 	 95.336084516 	 321.446525232 	 1 	 0 	 1 	 1 
140.56		278.948 	 54.3912324079 	 324.478666411 	 1 	 1 	 1 	 0 
133.592		289.107 	 89.2630571293 	 322.145870185 	 1 	 0 	 1 	 1 
131.188		300 	 118.297664764 	 311.023927098 	 0 	 1 	 1 	 1 
133.593		310.893 	 95.0263026214 	 317.722524236 	 1 	 1 	 1 	 -1 
140.56		321.052 	 140.416434622 	 326.144776978 	 1 	 1 	 1 	 1 
151.459		330 	 117.696831238 	 299.152330109 	 0 	 0 	 1 	 1 
165.51		337.589 	 42.9431666723 	 8.05628460782 	 1 	 0 	 1 	 1 
157.635		346.102 	 54.1264764104 	 258.044229475 	 0 	 1 	 1 	 1 
153.545		355.285 	 88.1469537404 	 316.249588679 	 0 	 1 	 1 	 0 
153.545		4.715 	 61.7558747836 	 293.762957426 	 1 	 0 	 1 	 1 
157.635		13.8979 	 140.870637783 	 313.223403052 	 1 	 0 	 1 	 1 
165.51		22.4109 	 110.374359938 	 307.559557896 	 0 	 1 	 1 	 1 
176.661		30 	 114.762576865 	 299.135986988 	 1 	 1 	 1 	 1 
165.51		37.5891 	 91.1699649511 	 306.110176849 	 1 	 1 	 1 	 1 
157.635		46.1021 	 70.6972637704 	 11.4853951806 	 1 	 0 	 1 	 -1 
153.545		55.285 	 113.859882742 	 324.797172586 	 0 	 0 	 1 	 1 
153.545		64.715 	 85.1453080092 	 316.838872933 	 0 	 1 	 1 	 -1 
157.635		73.8979 	 74.1128140908 	 308.860210149 	 1 	 1 	 1 	 0 
165.51		82.4109 	 31.2258896567 	 333.442393906 	 1 	 0 	 1 	 1 
176.661		90 	 112.644868039 	 314.850641221 	 1 	 0 	 1 	 0 
165.51		97.5891 	 92.182821152 	 283.547737216 	 1 	 1 	 1 	 1 
157.635		106.102 	 67.0271439505 	 321.007930241 	 0 	 0 	 1 	 0 
153.545		115.285 	 83.6348296319 	 290.790643484 	 0 	 0 	 1 	 0 
153.545		124.715 	 87.7232105959 	 358.558118517 	 1 	 1 	 1 	 -1 
157.635		133.898 	 90.9737233765 	 318.435053092 	 0 	 0 	 1 	 0 
165.51		142.411 	 74.3100656781 	 302.610065731 	 1 	 0 	 1 	 0 
176.661		150 	 106.994881555 	 322.255674456 	 1 	 1 	 1 	 1 
165.509		157.589 	 80.6529417958 	 340.012577756 	 0 	 0 	 1 	 1 
157.635		166.102 	 108.789285609 	 323.191080975 	 1 	 0 	 1 	 1 
153.546		175.285 	 80.9077686414 	 306.669027317 	 0 	 1 	 1 	 1 
153.546		184.715 	 191.075287032 	 315.179680091 	 0 	 1 	 1 	 0 
157.635		193.898 	 96.8244428627 	 286.172623166 	 0 	 0 	 1 	 -1 
165.509		202.411 	 107.89085496 	 329.435264817 	 0 	 1 	 1 	 1 
165.51		217.589 	 106.804853615 	 301.407312169 	 1 	 0 	 1 	 -1 
157.635		226.102 	 78.2306401386 	 21.8119235129 	 1 	 0 	 1 	 1 
153.545		235.285 	 136.785155751 	 334.475044007 	 1 	 0 	 1 	 1 
153.545		244.715 	 97.014556699 	 316.590671492 	 0 	 0 	 1 	 1 
157.635		253.898 	 109.61352099 	 353.581602962 	 0 	 0 	 1 	 -1 
165.51		262.411 	 135.238697846 	 300.562478094 	 0 	 0 	 1 	 1 
176.661		270 	 107.479833149 	 343.658535232 	 0 	 1 	 1 	 0 
165.51		277.589 	 89.6880822017 	 316.886257214 	 0 	 0 	 1 	 0 
157.635		286.102 	 89.237404224 	 318.608222188 	 1 	 0 	 1 	 -1 
153.545		295.285 	 149.381238341 	 300.985798789 	 1 	 0 	 1 	 0 
153.545		304.715 	 125.69194289 	 324.761506529 	 0 	 0 	 1 	 -1 
157.635		313.898 	 123.706795366 	 307.996083726 	 0 	 0 	 1 	 -1 
165.51		322.411 	 16.5417070066 	 291.165440515 	 1 	 1 	 1 	 1 
176.661		330 	 255.935605539 	 305.644036717 	 1 	 0 	 1 	 1 
190.511		336.587 	 113.392879302 	 309.61690877 	 0 	 1 	 1 	 0 
181.979		343.898 	 131.894292817 	 350.202056518 	 0 	 0 	 1 	 -1 
176.661		351.787 	 176.532764717 	 322.730038362 	 0 	 1 	 1 	 -1 
174.852		0 	 160.475955149 	 314.794862221 	 0 	 0 	 1 	 1 
176.661		8.21321 	 102.583429103 	 301.504835976 	 1 	 1 	 1 	 0 
181.979		16.1021 	 112.572983938 	 312.267634188 	 0 	 0 	 1 	 1 
190.511		23.4132 	 106.531986011 	 308.015940357 	 0 	 1 	 1 	 -1 
201.845		30 	 69.3407077446 	 336.33924009 	 1 	 1 	 1 	 -1 
181.979		43.8979 	 91.0322481786 	 323.559862593 	 0 	 0 	 1 	 -1 
176.661		51.7868 	 54.5088626788 	 301.031667929 	 0 	 0 	 1 	 -1 
174.852		60 	 48.157736882 	 306.061103743 	 1 	 1 	 1 	 1 
176.661		68.2132 	 143.807147536 	 311.921223802 	 1 	 1 	 1 	 0 
181.979		76.1021 	 91.5464307401 	 315.372999973 	 1 	 0 	 1 	 -1 
190.511		83.4132 	 91.2943991283 	 334.452858493 	 0 	 0 	 1 	 1 
201.845		90 	 54.1158491686 	 346.46921748 	 0 	 0 	 1 	 1 
190.511		96.5868 	 82.1413261076 	 318.449344107 	 1 	 0 	 1 	 -1 
181.979		103.898 	 74.5846049749 	 357.754331199 	 1 	 0 	 1 	 1 
176.661		111.787 	 62.3037512841 	 42.120235019 	 1 	 0 	 1 	 -1 
174.852		120 	 92.8434394061 	 311.110321584 	 0 	 0 	 1 	 0 
176.661		128.213 	 50.3904003029 	 306.482757704 	 1 	 1 	 1 	 1 
181.979		136.102 	 84.7122677299 	 316.858352528 	 1 	 1 	 1 	 0 
190.51		143.413 	 86.6789754336 	 334.52895148 	 0 	 1 	 1 	 0 
201.845		150 	 80.8048798018 	 300.210204893 	 1 	 0 	 1 	 1 
190.511		156.587 	 114.478253657 	 303.100529908 	 1 	 1 	 1 	 0 
181.979		163.898 	 79.4009725224 	 348.714226385 	 0 	 0 	 1 	 1 
176.661		171.787 	 90.0661760615 	 311.59227122 	 1 	 1 	 1 	 1 
174.852		180 	 124.389701403 	 294.264282334 	 1 	 1 	 1 	 0 
176.661		188.213 	 53.8901271563 	 291.825492029 	 1 	 1 	 1 	 -1 
181.979		196.102 	 97.1483356156 	 318.949652178 	 1 	 1 	 1 	 1 
190.511		203.413 	 62.8430885093 	 317.054470034 	 0 	 1 	 1 	 -1 
201.845		210 	 75.3723888815 	 334.9081546 	 1 	 1 	 1 	 0 
190.51		216.587 	 95.1079253105 	 310.331488754 	 0 	 0 	 1 	 1 
181.979		223.898 	 49.8964423992 	 269.824532183 	 1 	 1 	 1 	 0 
176.661		231.787 	 91.5239720431 	 314.688125517 	 1 	 1 	 1 	 0 
174.853		240 	 84.349052026 	 319.520719615 	 0 	 0 	 1 	 1 
176.662		248.213 	 104.372581804 	 286.398063677 	 1 	 1 	 1 	 0 
181.979		256.102 	 102.994126451 	 313.538664804 	 1 	 1 	 1 	 -1 
190.511		263.413 	 106.457087137 	 271.089487846 	 1 	 0 	 1 	 0 
190.511		276.587 	 82.731667291 	 319.124575697 	 1 	 1 	 1 	 1 
181.979		283.898 	 93.831014281 	 284.211114598 	 0 	 1 	 1 	 1 
176.662		291.787 	 109.437358617 	 255.541584892 	 0 	 0 	 1 	 0 
174.853		300 	 127.050632493 	 323.077964078 	 1 	 0 	 1 	 1 
176.661		308.213 	 47.1240008373 	 327.086373839 	 1 	 1 	 1 	 0 
181.979		316.102 	 104.6304525 	 346.955761342 	 1 	 1 	 1 	 1 
190.511		323.413 	 86.0943369643 	 333.478564872 	 1 	 1 	 1 	 -1 
201.845		330 	 103.328242232 	 305.245569723 	 0 	 1 	 1 	 0 
215.536		335.818 	 86.4288929616 	 317.04535173 	 0 	 1 	 1 	 0 
206.511		342.216 	 92.257685333 	 263.135658542 	 1 	 0 	 1 	 0 
200.265		349.107 	 122.446191115 	 311.589297613 	 1 	 1 	 1 	 -1 
197.068		356.329 	 103.394329793 	 293.434037438 	 1 	 0 	 1 	 0 
197.068		3.6705 	 126.453331379 	 331.682515086 	 0 	 1 	 1 	 -1 
200.265		10.8934 	 114.09388353 	 318.145865587 	 1 	 1 	 1 	 1 
206.511		17.7836 	 132.181920403 	 295.879492452 	 0 	 0 	 1 	 0 
215.536		24.1825 	 75.4556050573 	 308.484293678 	 0 	 1 	 1 	 0 
227.007		30 	 78.9298777527 	 311.533614484 	 0 	 1 	 1 	 0 
215.536		35.8175 	 80.7233280006 	 317.521922866 	 0 	 1 	 1 	 -1 
206.511		42.2164 	 66.9165512806 	 302.28254853 	 1 	 0 	 1 	 -1 
200.265		49.1066 	 81.1886629165 	 321.153150895 	 1 	 1 	 1 	 0 
197.068		56.3295 	 76.0064786655 	 319.992652885 	 1 	 0 	 1 	 -1 
197.068		63.6705 	 101.435504747 	 280.824238705 	 0 	 1 	 1 	 0 
200.265		70.8934 	 41.2628915734 	 287.883828062 	 1 	 1 	 1 	 -1 
206.511		77.7836 	 151.426178333 	 317.564998374 	 1 	 1 	 1 	 1 
215.536		84.1825 	 146.226423142 	 304.020562531 	 0 	 1 	 1 	 -1 
227.007		90 	 90.0120987147 	 326.796818346 	 0 	 0 	 1 	 -1 
215.536		95.8175 	 72.9154471877 	 299.665744897 	 1 	 0 	 1 	 1 
206.511		102.216 	 145.175482981 	 316.392654351 	 1 	 0 	 1 	 -1 
200.265		109.107 	 14.0291451225 	 348.105564783 	 0 	 0 	 1 	 -1 
197.068		116.33 	 94.6879747102 	 314.459613039 	 1 	 1 	 1 	 1 
197.068		123.671 	 118.226645599 	 288.701076923 	 0 	 0 	 1 	 -1 
200.265		130.893 	 92.8203803599 	 315.622918603 	 1 	 0 	 1 	 -1 
206.51		137.784 	 75.0952643189 	 328.565281137 	 1 	 0 	 1 	 0 
215.536		144.182 	 60.8649009621 	 287.414876457 	 1 	 1 	 1 	 0 
227.007		150 	 142.534045898 	 300.286139241 	 0 	 0 	 1 	 -1 
215.536		155.818 	 96.1002517619 	 318.820196511 	 1 	 1 	 1 	 1 
206.511		162.216 	 83.8411889259 	 317.045046633 	 0 	 1 	 1 	 0 
200.266		169.107 	 116.271675323 	 312.491391682 	 1 	 1 	 1 	 -1 
197.068		176.33 	 97.8922635635 	 320.632520641 	 1 	 0 	 1 	 0 
197.068		183.671 	 209.047971359 	 323.877218386 	 1 	 1 	 1 	 0 
200.266		190.893 	 135.561231616 	 315.491448266 	 0 	 1 	 1 	 -1 
206.511		197.784 	 135.112055619 	 267.579187899 	 1 	 1 	 1 	 1 
215.536		204.182 	 70.0964353942 	 320.603644454 	 1 	 0 	 1 	 0 
227.007		210 	 140.748435897 	 348.620978588 	 0 	 1 	 1 	 0 
215.536		215.818 	 118.803790283 	 349.416869761 	 1 	 1 	 1 	 1 
206.51		222.216 	 94.013943196 	 309.19670639 	 0 	 0 	 1 	 1 
200.265		229.107 	 111.444148562 	 338.578100227 	 0 	 1 	 1 	 -1 
197.068		236.329 	 109.683326175 	 284.681311472 	 1 	 0 	 1 	 1 
197.068		243.671 	 86.489519992 	 317.089509562 	 1 	 0 	 1 	 0 
200.265		250.893 	 92.4951103356 	 327.294813696 	 0 	 0 	 1 	 -1 
206.51		257.784 	 73.7501493727 	 232.753133484 	 1 	 0 	 1 	 1 
215.536		264.182 	 118.018806942 	 334.735201615 	 1 	 1 	 1 	 0 
227.007		270 	 87.7895741859 	 283.882182865 	 0 	 1 	 1 	 1 
215.536		275.818 	 49.9199818977 	 279.605182326 	 1 	 0 	 1 	 -1 
206.51		282.216 	 107.585283701 	 320.381456444 	 0 	 1 	 1 	 1 
200.265		289.107 	 112.671223453 	 278.851605045 	 1 	 0 	 1 	 -1 
197.068		296.329 	 79.834423179 	 320.127378303 	 1 	 1 	 1 	 1 
197.068		303.67 	 84.3846430288 	 342.653691008 	 0 	 1 	 1 	 1 
200.265		310.893 	 91.0347199877 	 330.811401745 	 0 	 1 	 1 	 1 
206.511		317.784 	 35.8189975147 	 253.627831325 	 0 	 1 	 1 	 0 
227.008		330 	 116.957317814 	 286.923268811 	 0 	 1 	 1 	 1 
240.57		335.209 	 93.2575349353 	 300.923765559 	 1 	 1 	 1 	 -1 
231.161		340.893 	 104.25448893 	 285.347695784 	 0 	 1 	 1 	 1 
224.195		346.996 	 76.4070122175 	 308.244179998 	 1 	 1 	 1 	 -1 
219.909		353.413 	 62.0651117405 	 265.408942342 	 0 	 1 	 1 	 -1 
218.461		0 	 164.219160342 	 306.340566447 	 0 	 1 	 1 	 1 
219.909		6.58678 	 67.0927162103 	 342.833122818 	 1 	 1 	 1 	 1 
224.195		13.0039 	 90.0927505936 	 323.533006096 	 1 	 0 	 1 	 -1 
231.161		19.1066 	 74.433005893 	 308.896889352 	 0 	 1 	 1 	 1 
240.57		24.7913 	 53.671551576 	 310.596983076 	 0 	 0 	 1 	 -1 
252.146		30 	 101.219447646 	 312.65273241 	 1 	 1 	 1 	 0 
240.57		35.2087 	 106.973857752 	 322.039300384 	 1 	 1 	 1 	 -1 
231.161		40.8934 	 141.36607325 	 325.093182957 	 1 	 1 	 1 	 -1 
224.195		46.9961 	 231.312279261 	 323.276877276 	 0 	 0 	 1 	 -1 
219.909		53.4132 	 67.0328531782 	 335.406215138 	 0 	 0 	 1 	 1 
218.461		60 	 85.5583407268 	 284.221013966 	 0 	 0 	 1 	 0 
219.909		66.5868 	 139.586867024 	 323.108688715 	 0 	 1 	 1 	 0 
224.195		73.0039 	 110.900518759 	 321.424634491 	 0 	 1 	 1 	 1 
231.161		79.1066 	 169.065132288 	 350.254864455 	 0 	 1 	 1 	 1 
240.57		84.7913 	 137.514498916 	 348.245689673 	 1 	 0 	 1 	 0 
240.57		95.2087 	 118.160086925 	 314.846491987 	 0 	 1 	 1 	 0 
231.161		100.893 	 96.8643741472 	 312.060798446 	 1 	 0 	 1 	 -1 
224.195		106.996 	 114.846600548 	 312.563192425 	 0 	 0 	 1 	 0 
219.909		113.413 	 90.7270956081 	 339.360952616 	 0 	 1 	 1 	 1 
218.461		120 	 81.4695823663 	 320.946504299 	 0 	 1 	 1 	 -1 
219.909		126.587 	 113.954609761 	 325.981062404 	 0 	 1 	 1 	 -1 
224.195		133.004 	 110.586357667 	 294.061308293 	 0 	 1 	 1 	 1 
231.161		139.107 	 67.1549159227 	 323.485885228 	 0 	 1 	 1 	 1 
252.146		150 	 107.081680083 	 309.725191335 	 0 	 0 	 1 	 -1 
240.57		155.209 	 81.487563488 	 285.443459061 	 1 	 0 	 1 	 1 
231.16		160.893 	 94.195195182 	 320.482809359 	 1 	 0 	 1 	 1 
224.196		166.996 	 169.739147611 	 8.1656685189 	 0 	 1 	 1 	 1 
219.909		173.413 	 87.6678950994 	 265.560269118 	 1 	 1 	 1 	 0 
218.461		180 	 95.9023023633 	 347.937814804 	 0 	 0 	 1 	 0 
219.909		186.587 	 121.570094726 	 353.042471916 	 1 	 1 	 1 	 1 
224.196		193.004 	 90.3381698715 	 280.046207898 	 0 	 1 	 1 	 1 
231.16		199.107 	 74.6758255664 	 340.465538768 	 1 	 1 	 1 	 0 
240.57		204.791 	 87.7244989188 	 325.685190104 	 1 	 0 	 1 	 -1 
252.146		210 	 102.519093342 	 319.126916952 	 0 	 0 	 1 	 1 
240.57		215.209 	 96.0861757835 	 347.075343887 	 0 	 0 	 1 	 1 
231.161		220.893 	 77.8338554248 	 336.948070039 	 0 	 0 	 1 	 -1 
224.196		226.996 	 115.190004116 	 327.679777799 	 1 	 1 	 1 	 0 
219.909		233.413 	 140.547362702 	 326.055305582 	 1 	 1 	 1 	 -1 
218.461		240 	 126.184191378 	 297.183075885 	 0 	 0 	 1 	 1 
219.909		246.587 	 91.6710001872 	 340.381528454 	 1 	 1 	 1 	 0 
224.195		253.004 	 92.775613707 	 318.088518096 	 0 	 0 	 1 	 -1 
231.16		259.107 	 96.3781642752 	 341.941789537 	 0 	 1 	 1 	 1 
240.57		264.791 	 72.3964933274 	 318.004875981 	 1 	 1 	 1 	 -1 
252.146		270 	 132.38304188 	 319.395828688 	 1 	 0 	 1 	 -1 
240.57		275.209 	 141.744548313 	 307.258981594 	 0 	 1 	 1 	 1 
231.16		280.893 	 44.0645485445 	 6.62941536877 	 0 	 1 	 1 	 1 
224.195		286.996 	 127.33524244 	 339.643918618 	 0 	 1 	 1 	 1 
219.909		293.413 	 61.2044049507 	 256.144920543 	 1 	 1 	 1 	 1 
218.461		300 	 67.1464629737 	 311.794573925 	 0 	 1 	 1 	 1 
219.909		306.587 	 88.1677373768 	 316.834816955 	 0 	 0 	 1 	 0 
224.196		313.004 	 92.8710536365 	 320.99742471 	 0 	 1 	 1 	 -1 
231.161		319.107 	 61.428347566 	 334.563003649 	 0 	 0 	 1 	 -1 
240.57		324.791 	 187.13741785 	 292.637897065 	 0 	 1 	 1 	 0 
252.146		330 	 33.9041925875 	 234.548457679 	 1 	 0 	 1 	 1 
265.601		334.715 	 127.244010439 	 333.04429378 	 1 	 1 	 1 	 1 
255.886		339.826 	 238.932401149 	 314.885394028 	 0 	 1 	 1 	 1 
248.348		345.295 	 66.433953491 	 275.532902281 	 1 	 0 	 1 	 0 
243.191		351.052 	 75.5603070115 	 317.024486333 	 1 	 1 	 1 	 -1 
240.57		356.996 	 104.140741888 	 336.825007928 	 0 	 0 	 1 	 1 
240.57		3.00449 	 63.7319629227 	 287.156931904 	 0 	 1 	 1 	 0 
243.191		8.94827 	 154.996193336 	 332.987075776 	 1 	 0 	 1 	 1 
248.348		14.7047 	 41.9015279149 	 317.677778104 	 1 	 1 	 1 	 -1 
255.886		20.1736 	 79.4905602307 	 304.962967755 	 1 	 0 	 1 	 -1 
265.601		25.285 	 70.1519797401 	 264.699660485 	 1 	 0 	 1 	 -1 
277.258		30 	 121.342796763 	 311.513961116 	 0 	 1 	 1 	 -1 
265.601		34.715 	 41.6276940436 	 272.512348377 	 1 	 0 	 1 	 0 
255.887		39.8264 	 89.6305991836 	 313.485198641 	 0 	 1 	 1 	 1 
248.348		45.2953 	 89.9652184665 	 316.24047895 	 0 	 0 	 1 	 -1 
243.191		51.0517 	 85.1891443129 	 311.976467193 	 0 	 1 	 1 	 1 
240.57		56.9955 	 105.832673046 	 305.07258821 	 1 	 1 	 1 	 1 
240.57		63.0045 	 167.385788744 	 341.763773598 	 0 	 0 	 1 	 0 
243.191		68.9483 	 71.7519388612 	 340.756726003 	 0 	 0 	 1 	 0 
248.348		74.7047 	 47.125889794 	 310.697888527 	 0 	 1 	 1 	 1 
255.887		80.1736 	 90.2774113347 	 315.737217843 	 1 	 0 	 1 	 1 
265.601		85.285 	 70.7383503419 	 301.890268984 	 0 	 1 	 1 	 -1 
277.257		90 	 92.0211403262 	 321.787333026 	 0 	 1 	 1 	 1 
265.601		94.715 	 43.7004094865 	 298.696120829 	 1 	 0 	 1 	 0 
255.887		99.8264 	 123.892100825 	 311.809539195 	 0 	 1 	 1 	 0 
248.348		105.295 	 138.172855991 	 305.723113203 	 0 	 0 	 1 	 -1 
243.191		111.052 	 145.916066466 	 311.672115383 	 0 	 1 	 1 	 -1 
240.57		116.996 	 83.0154639029 	 331.513042697 	 0 	 0 	 1 	 -1 
240.57		123.005 	 135.213352936 	 341.044895282 	 0 	 1 	 1 	 1 
243.191		128.948 	 129.742336047 	 334.281526108 	 0 	 1 	 1 	 1 
248.348		134.705 	 88.9985052431 	 316.356977401 	 1 	 0 	 1 	 -1 
255.887		140.174 	 119.177537353 	 300.166681649 	 0 	 0 	 1 	 0 
265.6		145.285 	 80.1048669485 	 309.943449256 	 0 	 0 	 1 	 0 
277.257		150 	 90.3397750692 	 321.665220419 	 1 	 0 	 1 	 1 
265.601		154.715 	 35.4859291157 	 182.54542117 	 1 	 1 	 1 	 0 
255.886		159.826 	 138.893466473 	 298.182144367 	 1 	 0 	 1 	 0 
248.348		165.295 	 133.2154692 	 332.555500477 	 1 	 1 	 1 	 1 
243.191		171.052 	 91.2310688774 	 316.872122443 	 1 	 0 	 1 	 -1 
240.57		176.996 	 149.156107729 	 332.041332242 	 0 	 1 	 1 	 0 
240.57		183.005 	 65.0118647987 	 280.366899202 	 0 	 1 	 1 	 -1 
243.191		188.948 	 108.738463896 	 16.7351685789 	 0 	 0 	 1 	 0 
248.348		194.705 	 56.284164185 	 293.226072319 	 0 	 1 	 1 	 -1 
255.886		200.174 	 107.808703953 	 315.074069725 	 1 	 1 	 1 	 -1 
265.601		205.285 	 99.2712773809 	 297.968274575 	 0 	 1 	 1 	 0 
277.258		210 	 127.303649711 	 314.173707886 	 1 	 1 	 1 	 0 
265.6		214.715 	 104.483762122 	 356.949941579 	 1 	 1 	 1 	 1 
255.887		219.826 	 174.632340504 	 339.463682165 	 1 	 0 	 1 	 0 
248.348		225.295 	 69.490237776 	 334.820316859 	 1 	 0 	 1 	 -1 
243.191		231.052 	 115.79116078 	 324.685223441 	 0 	 1 	 1 	 0 
240.57		236.995 	 142.967259745 	 307.996982982 	 1 	 1 	 1 	 1 
240.57		243.004 	 140.225735776 	 341.105471237 	 1 	 1 	 1 	 1 
243.19		248.948 	 87.7811264722 	 313.702643817 	 0 	 1 	 1 	 0 
248.348		254.705 	 127.264217756 	 303.362910012 	 0 	 1 	 1 	 1 
255.886		260.174 	 117.242691847 	 320.52295366 	 0 	 1 	 1 	 -1 
265.601		265.285 	 5.45360023087 	 25.4002384335 	 0 	 1 	 1 	 1 
277.258		270 	 86.5776392472 	 316.308669551 	 0 	 0 	 1 	 -1 
265.601		274.715 	 105.687977777 	 333.137262592 	 0 	 1 	 1 	 -1 
255.886		279.826 	 78.5374871834 	 323.883994548 	 1 	 1 	 1 	 -1 
248.348		285.295 	 88.0560511438 	 320.258861463 	 1 	 0 	 1 	 -1 
243.19		291.052 	 89.5616924817 	 316.798409074 	 0 	 1 	 1 	 -1 
240.57		296.996 	 109.948405142 	 321.836483857 	 0 	 0 	 1 	 1 
240.57		303.004 	 157.718843306 	 298.939812817 	 0 	 1 	 1 	 1 
243.191		308.948 	 119.202004916 	 304.406305737 	 0 	 0 	 1 	 -1 
248.348		314.705 	 138.348905888 	 277.121287367 	 0 	 1 	 1 	 -1 
255.886		320.174 	 116.692551264 	 319.095637162 	 1 	 1 	 1 	 1 
265.6		325.285 	 47.2210081208 	 351.118817471 	 1 	 1 	 1 	 -1 
277.258		330 	 109.042737669 	 290.179696642 	 1 	 1 	 1 	 1 
290.619		334.307 	 76.3179110558 	 331.313642857 	 1 	 0 	 1 	 1 
280.659		338.948 	 106.731285958 	 327.957668431 	 1 	 0 	 1 	 -1 
272.656		343.898 	 46.7038049793 	 350.576998866 	 1 	 1 	 1 	 1 
266.79		349.107 	 89.696864201 	 316.412906238 	 0 	 1 	 1 	 1 
263.206		354.504 	 99.4083882738 	 341.018370021 	 1 	 1 	 1 	 0 
262.001		0 	 111.374176791 	 318.746083168 	 1 	 1 	 1 	 0 
263.206		5.49637 	 89.1421708726 	 314.66670745 	 0 	 0 	 1 	 -1 
266.79		10.8934 	 16.539645732 	 310.678719566 	 0 	 1 	 1 	 1 
272.656		16.1021 	 114.402632 	 301.532776497 	 0 	 1 	 1 	 0 
280.659		21.0517 	 121.18852913 	 272.733997139 	 1 	 0 	 1 	 1 
290.619		25.6934 	 112.304352661 	 329.951641679 	 0 	 0 	 1 	 0 
302.34		30 	 105.095063436 	 348.919426124 	 1 	 1 	 1 	 -1 
290.619		34.3066 	 89.9853298964 	 323.38407115 	 0 	 1 	 1 	 -1 
280.659		38.9483 	 148.808875091 	 296.062787994 	 0 	 1 	 1 	 0 
272.656		43.8979 	 92.8548291429 	 329.086427158 	 0 	 1 	 1 	 1 
266.789		49.1066 	 90.4721452917 	 336.10112604 	 1 	 1 	 1 	 0 
263.206		54.5036 	 46.4350776082 	 354.829472321 	 0 	 0 	 1 	 0 
262.001		60 	 161.898577573 	 300.515677267 	 1 	 1 	 1 	 0 
263.206		65.4964 	 92.3319582234 	 298.148725678 	 1 	 1 	 1 	 1 
266.79		70.8934 	 106.483215577 	 317.185066724 	 1 	 0 	 1 	 0 
272.656		76.1021 	 147.507885072 	 356.610082436 	 0 	 0 	 1 	 0 
280.659		81.0517 	 89.559215473 	 310.72160628 	 1 	 1 	 1 	 0 
290.619		85.6934 	 60.3570052239 	 325.525250068 	 0 	 0 	 1 	 -1 
302.34		90 	 187.853583219 	 303.560578845 	 0 	 1 	 1 	 -1 
290.619		94.3066 	 79.9947761748 	 307.270104574 	 0 	 1 	 1 	 -1 
280.659		98.9483 	 129.846766235 	 27.1095279382 	 0 	 0 	 1 	 1 
272.655		103.898 	 160.562702439 	 313.078503598 	 0 	 1 	 1 	 0 
266.79		109.107 	 127.132113098 	 342.401886929 	 1 	 0 	 1 	 0 
263.206		114.504 	 106.468346863 	 318.797103907 	 0 	 0 	 1 	 0 
262		120 	 118.253203834 	 319.88799934 	 1 	 0 	 1 	 0 
263.206		125.496 	 52.5767389464 	 332.044919979 	 0 	 0 	 1 	 0 
266.79		130.893 	 132.649508772 	 308.850512769 	 0 	 1 	 1 	 0 
272.655		136.102 	 111.49128142 	 322.402652751 	 0 	 1 	 1 	 0 
280.659		141.052 	 88.4638461178 	 295.431152514 	 1 	 0 	 1 	 0 
290.619		145.693 	 161.699497438 	 338.554650991 	 0 	 1 	 1 	 -1 
302.34		150 	 79.6915159748 	 3.826591662 	 0 	 1 	 1 	 -1 
290.619		154.307 	 39.0146669596 	 282.144547153 	 1 	 1 	 1 	 1 
280.659		158.948 	 91.2754097923 	 315.618115439 	 0 	 1 	 1 	 1 
272.656		163.898 	 61.5326150707 	 349.555713401 	 0 	 1 	 1 	 -1 
266.789		169.107 	 92.1852329958 	 317.337967671 	 0 	 1 	 1 	 1 
263.206		174.504 	 113.021939702 	 322.840983519 	 0 	 0 	 1 	 -1 
262.001		180 	 125.635637682 	 317.336804489 	 1 	 0 	 1 	 0 
263.206		185.496 	 19.9353073389 	 241.78547201 	 1 	 1 	 1 	 0 
266.789		190.893 	 133.990630298 	 279.484554346 	 0 	 0 	 1 	 -1 
272.656		196.102 	 92.5498172732 	 322.559487496 	 0 	 0 	 1 	 0 
280.659		201.052 	 169.84733365 	 305.714686052 	 0 	 0 	 1 	 0 
290.619		205.693 	 100.507846757 	 312.897835362 	 1 	 0 	 1 	 1 
302.34		210 	 131.816548962 	 28.1166782939 	 0 	 1 	 1 	 1 
290.619		214.307 	 111.626041764 	 284.493634486 	 0 	 1 	 1 	 1 
280.658		218.948 	 90.7453554711 	 316.75975948 	 0 	 0 	 1 	 1 
272.656		223.898 	 46.5123781209 	 320.319486704 	 1 	 0 	 1 	 -1 
266.79		229.107 	 105.696087908 	 308.113795677 	 0 	 1 	 1 	 -1 
263.206		234.504 	 120.479807944 	 295.326265865 	 1 	 1 	 1 	 0 
262		240 	 85.9897687612 	 310.630989381 	 0 	 0 	 1 	 0 
263.206		245.496 	 85.7142277765 	 296.708163502 	 1 	 1 	 1 	 0 
266.789		250.893 	 122.467291995 	 271.591521182 	 0 	 1 	 1 	 1 
272.656		256.102 	 97.4069169509 	 348.291151256 	 1 	 0 	 1 	 1 
280.659		261.052 	 103.76713929 	 327.245204901 	 0 	 1 	 1 	 -1 
290.62		265.693 	 46.2308377247 	 266.916777791 	 0 	 0 	 1 	 0 
302.34		270 	 94.8120654058 	 320.016075125 	 0 	 1 	 1 	 -1 
290.62		274.307 	 96.5320622087 	 307.670388888 	 1 	 0 	 1 	 -1 
280.659		278.948 	 29.0353333925 	 303.083243902 	 1 	 1 	 1 	 0 
272.656		283.898 	 93.8073796165 	 319.183056447 	 0 	 1 	 1 	 -1 
266.789		289.107 	 115.127096679 	 273.855715833 	 0 	 0 	 1 	 1 
263.206		294.504 	 130.045521607 	 341.505491333 	 1 	 0 	 1 	 0 
262		300 	 92.7632066298 	 316.966660142 	 1 	 0 	 1 	 1 
263.206		305.496 	 148.091435488 	 281.058427673 	 0 	 1 	 1 	 1 
266.79		310.893 	 62.5127523065 	 316.274011376 	 0 	 1 	 1 	 1 
272.656		316.102 	 86.2359557548 	 331.426865136 	 1 	 0 	 1 	 0 
280.659		321.052 	 72.6356084712 	 306.63056133 	 1 	 1 	 1 	 1 
290.619		325.693 	 91.4483861962 	 322.756243558 	 1 	 1 	 1 	 -1 
302.34		330 	 126.498211975 	 298.684755296 	 1 	 1 	 1 	 0 
315.62		333.963 	 127.751887192 	 354.423241737 	 1 	 1 	 1 	 0 
305.457		338.213 	 140.079859921 	 293.093818786 	 0 	 1 	 1 	 -1 
297.071		342.731 	 103.309018335 	 316.571421642 	 1 	 0 	 1 	 0 
290.619		347.48 	 125.903863167 	 327.374740794 	 0 	 1 	 1 	 -1 
286.236		352.411 	 93.661923531 	 303.97748325 	 1 	 1 	 1 	 -1 
284.018		357.457 	 112.036921244 	 326.24499996 	 1 	 0 	 1 	 1 
284.018		2.54292 	 101.274905298 	 324.67539631 	 0 	 1 	 1 	 -1 
286.236		7.58909 	 123.921427813 	 299.441570302 	 0 	 0 	 1 	 1 
290.619		12.5198 	 80.5335176376 	 359.50588866 	 1 	 1 	 1 	 -1 
297.071		17.2695 	 79.5866700856 	 294.000272314 	 0 	 1 	 1 	 -1 
305.457		21.7868 	 141.892342994 	 301.460930136 	 0 	 0 	 1 	 0 
315.62		26.0368 	 94.0773136224 	 310.285884693 	 1 	 1 	 1 	 -1 
327.39		30 	 102.798594187 	 322.695310376 	 1 	 0 	 1 	 0 
305.457		38.2132 	 18.1685758404 	 330.019279286 	 1 	 0 	 1 	 1 
297.071		42.7305 	 80.6373503792 	 294.735074208 	 0 	 1 	 1 	 0 
290.619		47.4802 	 24.8230906112 	 340.736011219 	 1 	 1 	 1 	 0 
286.236		52.4109 	 150.283022916 	 339.45047354 	 0 	 1 	 1 	 0 
284.018		57.4571 	 125.043047906 	 347.078357915 	 0 	 1 	 1 	 -1 
284.018		62.5429 	 98.3766658971 	 316.128828432 	 1 	 1 	 1 	 0 
286.236		67.5891 	 86.2096038452 	 323.771964169 	 1 	 1 	 1 	 1 
290.619		72.5198 	 87.9063703852 	 323.518826679 	 0 	 1 	 1 	 0 
297.071		77.2695 	 69.030952306 	 301.757175124 	 0 	 0 	 1 	 1 
305.457		81.7868 	 84.7522178711 	 317.816928191 	 1 	 0 	 1 	 1 
315.62		86.0368 	 35.6746215696 	 158.127156094 	 1 	 0 	 1 	 -1 
327.39		90 	 99.3509096387 	 312.127852324 	 1 	 1 	 1 	 -1 
315.62		93.9632 	 89.4785916395 	 316.913415507 	 0 	 0 	 1 	 1 
305.457		98.2132 	 92.1333868477 	 300.745764902 	 0 	 0 	 1 	 0 
297.071		102.731 	 87.11271305 	 311.651009517 	 1 	 1 	 1 	 0 
290.619		107.48 	 94.4042934032 	 321.255372546 	 0 	 0 	 1 	 0 
286.236		112.411 	 26.249036005 	 339.303197283 	 0 	 0 	 1 	 -1 
284.018		117.457 	 70.2324120414 	 322.428650687 	 0 	 1 	 1 	 0 
284.018		122.543 	 80.1201672557 	 310.509757107 	 0 	 1 	 1 	 0 
286.236		127.589 	 53.8143146124 	 354.91259418 	 1 	 1 	 1 	 1 
290.62		132.52 	 199.772244409 	 317.135625304 	 1 	 1 	 1 	 0 
297.071		137.269 	 85.3319415698 	 318.851661165 	 0 	 1 	 1 	 -1 
305.457		141.787 	 163.529418761 	 322.719432237 	 1 	 0 	 1 	 -1 
315.62		146.037 	 101.329998578 	 303.746341199 	 0 	 0 	 1 	 0 
327.39		150 	 70.9187634369 	 318.868897944 	 0 	 0 	 1 	 -1 
315.619		153.963 	 90.5047603883 	 318.296735944 	 0 	 1 	 1 	 0 
305.457		158.213 	 52.8108750929 	 21.9274244317 	 1 	 1 	 1 	 1 
297.071		162.731 	 47.0117254014 	 285.262705334 	 1 	 0 	 1 	 0 
290.62		167.48 	 89.7805915257 	 333.040828202 	 0 	 0 	 1 	 1 
286.236		172.411 	 87.9145024049 	 311.801116594 	 0 	 0 	 1 	 1 
284.019		177.457 	 98.088114344 	 317.993951166 	 1 	 1 	 1 	 -1 
284.019		182.543 	 93.117110585 	 306.731378384 	 1 	 1 	 1 	 1 
286.236		187.589 	 86.7740674433 	 321.766707029 	 1 	 1 	 1 	 -1 
290.62		192.52 	 54.0343251974 	 293.139760293 	 1 	 0 	 1 	 0 
297.071		197.269 	 124.77562184 	 337.416300893 	 1 	 1 	 1 	 1 
305.457		201.787 	 73.5392397962 	 331.729441403 	 1 	 1 	 1 	 -1 
315.62		206.037 	 94.0091592342 	 302.121792002 	 1 	 0 	 1 	 1 
327.39		210 	 84.2101872699 	 324.082599965 	 0 	 0 	 1 	 1 
315.62		213.963 	 84.1216258774 	 346.027222608 	 1 	 0 	 1 	 -1 
305.457		218.213 	 87.620771406 	 315.214963508 	 0 	 0 	 1 	 1 
297.071		222.731 	 163.634759041 	 299.066895821 	 1 	 1 	 1 	 -1 
290.619		227.48 	 89.5984155637 	 316.85005108 	 1 	 1 	 1 	 -1 
286.236		232.411 	 70.3540213519 	 307.53819617 	 1 	 1 	 1 	 0 
284.018		237.457 	 117.593593148 	 322.42729729 	 0 	 1 	 1 	 0 
284.019		242.543 	 79.7845838335 	 319.891588018 	 0 	 0 	 1 	 -1 
286.236		247.589 	 55.6468170855 	 288.049451921 	 0 	 0 	 1 	 -1 
290.62		252.52 	 78.302676197 	 309.125165686 	 0 	 1 	 1 	 -1 
297.071		257.269 	 102.564070803 	 308.881459952 	 1 	 1 	 1 	 0 
305.457		261.787 	 120.137829724 	 305.842000406 	 0 	 0 	 1 	 -1 
315.62		266.037 	 102.845849769 	 308.730631241 	 0 	 0 	 1 	 -1 
327.39		270 	 102.506088187 	 302.885497595 	 0 	 0 	 1 	 0 
315.62		273.963 	 44.745026712 	 303.960860043 	 0 	 1 	 1 	 1 
305.457		278.213 	 74.5920957681 	 302.845471627 	 1 	 0 	 1 	 -1 
297.071		282.731 	 164.07136647 	 291.120382706 	 0 	 1 	 1 	 -1 
290.62		287.48 	 46.0165287819 	 336.179626684 	 1 	 1 	 1 	 0 
286.236		292.411 	 113.070326461 	 309.760292807 	 1 	 1 	 1 	 -1 
284.019		297.457 	 118.402259274 	 342.804380833 	 1 	 0 	 1 	 1 
284.018		302.543 	 119.400291576 	 332.02202081 	 0 	 0 	 1 	 0 
286.236		307.589 	 72.3344927009 	 320.244347578 	 0 	 1 	 1 	 -1 
290.619		312.52 	 69.0693159349 	 305.339135959 	 0 	 1 	 1 	 0 
297.071		317.269 	 36.6562321921 	 322.936046769 	 0 	 0 	 1 	 1 
305.457		321.787 	 81.1953064977 	 346.85627231 	 1 	 0 	 1 	 1 
327.39		330 	 57.3768321233 	 324.501526854 	 1 	 1 	 1 	 -1 
340.597		333.67 	 94.2923739693 	 313.997433072 	 0 	 0 	 1 	 -1 
330.266		337.589 	 89.7086702645 	 295.942792442 	 1 	 0 	 1 	 -1 
321.56		341.742 	 67.8406726562 	 291.260985411 	 1 	 1 	 1 	 -1 
314.619		346.102 	 78.9642472037 	 322.133394663 	 1 	 1 	 1 	 0 
309.563		350.633 	 91.4038914018 	 294.930538574 	 0 	 0 	 1 	 0 
306.489		355.285 	 127.032808377 	 10.7259949086 	 0 	 1 	 1 	 1 
305.457		0 	 90.6406451798 	 313.634339938 	 1 	 0 	 1 	 1 
306.489		4.715 	 74.7943106405 	 329.873958495 	 1 	 0 	 1 	 1 
309.563		9.367 	 89.3022579332 	 316.790098046 	 0 	 1 	 1 	 0 
314.619		13.8979 	 99.3502752012 	 250.318552848 	 0 	 1 	 1 	 1 
321.56		18.2585 	 91.0767517597 	 324.358304517 	 0 	 1 	 1 	 -1 
330.266		22.4109 	 73.3349345699 	 331.344712605 	 1 	 0 	 1 	 0 
340.597		26.3295 	 74.2531743049 	 344.746141524 	 0 	 1 	 1 	 1 
352.406		30 	 97.605341338 	 341.418691314 	 0 	 0 	 1 	 -1 
340.597		33.6705 	 71.5701450607 	 320.866767026 	 0 	 1 	 1 	 1 
330.266		37.5891 	 86.8037797855 	 1.44554081351 	 1 	 0 	 1 	 0 
321.56		41.7415 	 32.6897295006 	 59.4741070259 	 0 	 1 	 1 	 1 
314.619		46.1021 	 73.2610274887 	 296.10743246 	 1 	 1 	 1 	 1 
309.563		50.633 	 87.9375058563 	 316.423539664 	 0 	 1 	 1 	 -1 
306.489		55.285 	 95.0702649209 	 318.150128865 	 0 	 0 	 1 	 0 
305.457		60 	 85.5900411765 	 287.314489738 	 0 	 1 	 1 	 0 
306.489		64.715 	 50.9592027154 	 345.500113801 	 0 	 1 	 1 	 0 
309.563		69.367 	 125.48142787 	 314.035085875 	 1 	 0 	 1 	 1 
314.619		73.8979 	 72.1667454647 	 283.876081056 	 0 	 1 	 1 	 1 
321.56		78.2585 	 151.302695294 	 309.014377111 	 1 	 0 	 1 	 -1 
330.266		82.4109 	 91.0528383491 	 311.400671157 	 0 	 1 	 1 	 -1 
340.597		86.3295 	 68.8174347611 	 311.597967779 	 1 	 0 	 1 	 1 
352.406		90 	 89.8020083535 	 316.418038322 	 1 	 1 	 1 	 0 
340.597		93.6705 	 110.060810794 	 310.367587389 	 0 	 0 	 1 	 1 
330.266		97.5891 	 91.4915465797 	 306.12574693 	 0 	 0 	 1 	 1 
321.56		101.742 	 82.5588970199 	 320.413328965 	 1 	 0 	 1 	 -1 
314.619		106.102 	 89.0524302741 	 314.593945218 	 0 	 1 	 1 	 0 
309.563		110.633 	 116.6339802 	 318.899114065 	 0 	 1 	 1 	 1 
306.489		115.285 	 88.0697619538 	 316.918553912 	 0 	 1 	 1 	 1 
305.457		120 	 93.4039021758 	 319.718867008 	 1 	 0 	 1 	 -1 
306.489		124.715 	 106.501646595 	 291.561351499 	 0 	 0 	 1 	 0 
309.563		129.367 	 116.874844263 	 286.111209547 	 0 	 0 	 1 	 1 
314.619		133.898 	 88.2167951156 	 316.969432796 	 1 	 0 	 1 	 1 
321.56		138.258 	 98.3815159888 	 322.566343359 	 1 	 1 	 1 	 1 
330.266		142.411 	 69.5796890493 	 308.611304294 	 1 	 0 	 1 	 -1 
340.597		146.329 	 40.1579466648 	 298.672057659 	 1 	 0 	 1 	 1 
352.406		150 	 83.2512452664 	 313.979245284 	 0 	 0 	 1 	 -1 
340.597		153.671 	 98.051875553 	 348.754477689 	 0 	 1 	 1 	 0 
330.266		157.589 	 98.4670257445 	 326.281741016 	 1 	 0 	 1 	 0 
321.561		161.742 	 118.302752782 	 276.280580143 	 1 	 1 	 1 	 -1 
314.618		166.102 	 110.123800665 	 351.518817122 	 1 	 0 	 1 	 -1 
309.563		170.633 	 82.0043865776 	 357.715764488 	 0 	 1 	 1 	 1 
306.488		175.285 	 87.476037492 	 315.549607896 	 0 	 0 	 1 	 0 
305.457		180 	 121.597332611 	 320.29777584 	 0 	 1 	 1 	 -1 
306.488		184.715 	 100.095739728 	 14.0386424061 	 0 	 1 	 1 	 1 
309.563		189.367 	 92.0649088981 	 322.128207915 	 0 	 1 	 1 	 1 
314.618		193.898 	 71.5761372656 	 293.015693934 	 1 	 1 	 1 	 -1 
321.561		198.258 	 92.0098773172 	 294.974126548 	 1 	 0 	 1 	 -1 
330.266		202.411 	 98.7352954657 	 271.88441742 	 1 	 1 	 1 	 1 
340.597		206.329 	 82.8394478819 	 315.486132411 	 1 	 0 	 1 	 1 
352.406		210 	 118.114996047 	 296.048654414 	 0 	 1 	 1 	 1 
330.266		217.589 	 95.4755381677 	 318.692496864 	 0 	 0 	 1 	 0 
321.56		221.742 	 71.2777112386 	 310.657540499 	 1 	 0 	 1 	 1 
314.619		226.102 	 127.202684954 	 307.799348506 	 0 	 1 	 1 	 1 
309.563		230.633 	 69.0810101362 	 324.84474127 	 0 	 0 	 1 	 -1 
306.489		235.285 	 129.774241543 	 341.405206281 	 1 	 1 	 1 	 -1 
305.456		240 	 117.997632811 	 312.119751298 	 0 	 0 	 1 	 -1 
306.488		244.715 	 114.538127035 	 291.961562849 	 0 	 1 	 1 	 1 
309.563		249.367 	 77.8564649044 	 316.003218386 	 1 	 1 	 1 	 -1 
314.619		253.898 	 123.51565854 	 297.379002185 	 1 	 1 	 1 	 0 
321.56		258.258 	 29.8436568698 	 239.617008607 	 0 	 1 	 1 	 0 
330.266		262.411 	 85.1976524664 	 288.375080895 	 0 	 0 	 1 	 -1 
340.597		266.33 	 72.5230711909 	 351.313199639 	 1 	 1 	 1 	 0 
340.597		273.671 	 90.0088346788 	 315.602562316 	 0 	 1 	 1 	 1 
330.266		277.589 	 94.1414733448 	 293.471325596 	 0 	 1 	 1 	 -1 
321.56		281.742 	 120.368818044 	 297.931717948 	 1 	 1 	 1 	 0 
314.619		286.102 	 154.676127848 	 343.412733153 	 0 	 1 	 1 	 0 
309.563		290.633 	 125.527803233 	 326.657088874 	 0 	 0 	 1 	 1 
306.488		295.285 	 93.6601022087 	 320.565796635 	 0 	 1 	 1 	 0 
305.457		300 	 118.581163841 	 292.1024785 	 0 	 0 	 1 	 0 
306.489		304.715 	 100.300907144 	 311.392046806 	 0 	 0 	 1 	 0 
309.563		309.367 	 108.781057146 	 293.426037509 	 0 	 0 	 1 	 -1 
314.619		313.898 	 102.219293739 	 312.653375926 	 1 	 0 	 1 	 -1 
321.56		318.258 	 35.9693006659 	 234.329536324 	 0 	 0 	 1 	 -1 
330.266		322.411 	 204.673839368 	 337.690580606 	 0 	 0 	 1 	 1 
340.597		326.33 	 95.0715993751 	 348.920536708 	 1 	 0 	 1 	 1 
352.406		330 	 162.809752698 	 314.059312789 	 1 	 0 	 1 	 0 
365.546		333.418 	 48.195385754 	 350.692943184 	 0 	 0 	 1 	 -1 
355.074		337.053 	 108.108897992 	 308.265497329 	 1 	 1 	 1 	 1 
346.099		340.893 	 75.5657025646 	 324.421916997 	 0 	 1 	 1 	 0 
338.742		344.921 	 84.8818737748 	 317.971830385 	 1 	 0 	 1 	 0 
333.116		349.107 	 57.0495594939 	 340.953242778 	 1 	 1 	 1 	 1 
329.31		353.413 	 83.9462420872 	 297.278767725 	 1 	 0 	 1 	 1 
327.39		357.796 	 102.09419156 	 309.780566049 	 0 	 1 	 1 	 0 
327.39		2.20423 	 88.363698506 	 315.389992387 	 1 	 0 	 1 	 -1 
329.31		6.58678 	 84.2864449518 	 351.518872275 	 1 	 0 	 1 	 0 
333.116		10.8934 	 54.7230143547 	 297.040845421 	 0 	 1 	 1 	 0 
338.742		15.0791 	 97.9620236644 	 357.683298601 	 1 	 1 	 1 	 -1 
346.099		19.1066 	 18.6640443453 	 118.054261789 	 1 	 1 	 1 	 -1 
355.074		22.9473 	 124.180676961 	 11.3075501882 	 1 	 0 	 1 	 1 
365.546		26.582 	 71.456419467 	 303.473791067 	 1 	 0 	 1 	 -1 
377.385		30 	 129.989367801 	 5.95608956644 	 1 	 0 	 1 	 -1 
365.546		33.418 	 97.3020847295 	 345.497322644 	 0 	 1 	 1 	 0 
355.074		37.0527 	 172.75295558 	 297.461659301 	 0 	 1 	 1 	 -1 
346.099		40.8934 	 101.012393121 	 319.282841268 	 0 	 1 	 1 	 0 
338.743		44.9209 	 85.1347955082 	 310.29446526 	 1 	 0 	 1 	 -1 
333.116		49.1066 	 85.1089651725 	 321.409219087 	 0 	 0 	 1 	 1 
329.31		53.4132 	 80.7377286181 	 297.290103626 	 0 	 1 	 1 	 0 
327.39		57.7958 	 84.2318699058 	 346.199336112 	 1 	 1 	 1 	 -1 
327.39		62.2042 	 65.6818659359 	 336.627725936 	 1 	 0 	 1 	 1 
329.31		66.5868 	 79.5411895791 	 359.01960211 	 0 	 1 	 1 	 -1 
333.116		70.8934 	 167.709090226 	 289.57417515 	 0 	 0 	 1 	 -1 
338.742		75.0791 	 151.423976306 	 313.865012257 	 0 	 1 	 1 	 1 
346.099		79.1066 	 104.859228991 	 309.791960663 	 0 	 1 	 1 	 0 
355.074		82.9473 	 73.8204599155 	 278.829679683 	 0 	 0 	 1 	 -1 
