25.2587		30 	 26.6662947142 	 101.080625052 	 0 	 1 	 1 	 1 
25.2587		90 	 -127.159014794 	 130.788727989 	 0 	 1 	 1 	 0 
25.2587		150 	 68.9300389157 	 12.9411477919 	 1 	 0 	 1 	 0 
25.2587		210 	 -26.8226746551 	 -82.4346166661 	 1 	 1 	 1 	 -1 
25.2587		270 	 154.587376916 	 -1.08796106031 	 1 	 0 	 1 	 1 
43.7478		0 	 92.8683391807 	 -112.987587809 	 0 	 0 	 1 	 1 
50.5147		30 	 241.411557655 	 28.4680450988 	 0 	 0 	 1 	 0 
43.7478		60 	 119.90367824 	 164.456249342 	 1 	 0 	 1 	 -1 
50.5147		90 	 -284.19066519 	 -171.58743806 	 1 	 1 	 1 	 -1 
43.7478		120 	 208.941847647 	 107.360285592 	 0 	 0 	 1 	 1 
50.5147		150 	 155.330946262 	 128.40067734 	 1 	 1 	 1 	 0 
43.7478		180 	 164.763346708 	 -147.47464332 	 1 	 1 	 1 	 1 
50.5147		210 	 175.759118703 	 156.188322834 	 0 	 1 	 1 	 -1 
43.7478		240 	 90.7563430965 	 -162.210272007 	 1 	 1 	 1 	 0 
43.7478		300 	 57.2015109798 	 4.24667276726 	 1 	 1 	 1 	 0 
50.5148		330 	 159.625052923 	 18.4740097952 	 1 	 0 	 1 	 1 
66.8212		349.107 	 -107.61321758 	 7.60464308449 	 0 	 1 	 1 	 1 
66.8212		10.8934 	 23.8080813233 	 -98.3846438201 	 0 	 1 	 1 	 0 
75.7654		30 	 14.829142559 	 96.4864363847 	 1 	 1 	 1 	 -1 
66.8212		49.1066 	 200.965845398 	 -16.9178369305 	 0 	 0 	 1 	 -1 
66.8212		70.8934 	 -135.666686823 	 16.1760469225 	 1 	 0 	 1 	 1 
75.7654		90 	 119.385580128 	 -22.0085193095 	 0 	 0 	 1 	 -1 
66.8212		109.107 	 -67.2878432416 	 12.3789974556 	 0 	 1 	 1 	 1 
66.8212		130.893 	 -213.642133242 	 142.51329872 	 0 	 1 	 1 	 -1 
75.7654		150 	 230.774793818 	 -49.0902274281 	 0 	 0 	 1 	 -1 
66.8212		169.107 	 93.2204921668 	 174.792483787 	 1 	 0 	 1 	 -1 
66.8212		190.893 	 239.954287734 	 -11.5219192673 	 1 	 0 	 1 	 -1 
66.8212		229.107 	 -63.9467680883 	 -46.9361432516 	 0 	 0 	 1 	 -1 
66.8212		250.893 	 -88.6809595383 	 99.9522506063 	 0 	 0 	 1 	 0 
75.7654		270 	 19.222157726 	 86.9877281432 	 0 	 1 	 1 	 0 
66.8212		289.107 	 562.942915083 	 -107.968953933 	 0 	 0 	 1 	 -1 
66.8212		310.893 	 -220.241047978 	 -13.5362333467 	 1 	 0 	 1 	 1 
75.7654		330 	 -363.574186688 	 99.1869937613 	 0 	 0 	 1 	 1 
91.0523		343.898 	 61.677322782 	 35.7958262321 	 1 	 0 	 1 	 -1 
87.4818		0 	 129.067747628 	 -74.6084509318 	 1 	 1 	 1 	 1 
91.0523		16.1021 	 -153.423720413 	 -79.2863945068 	 0 	 0 	 1 	 1 
101.008		30 	 179.101495361 	 2.62187840035 	 1 	 0 	 1 	 0 
91.0523		43.8979 	 -143.598309269 	 -108.549367161 	 0 	 0 	 1 	 1 
87.4818		60 	 104.116699868 	 -63.1185454784 	 1 	 0 	 1 	 -1 
91.0523		76.1021 	 -41.1998207413 	 -40.3007131193 	 0 	 0 	 1 	 1 
91.0523		103.898 	 -32.9097020693 	 97.2482703115 	 0 	 1 	 1 	 1 
87.4818		120 	 -177.8036113 	 22.3229373831 	 0 	 1 	 1 	 -1 
91.0523		136.102 	 153.05453051 	 -13.2850086968 	 0 	 0 	 1 	 1 
91.0523		163.898 	 40.8504298416 	 -4.87691864953 	 0 	 1 	 1 	 1 
87.4818		180 	 -47.0547054093 	 -53.5664418134 	 1 	 1 	 1 	 1 
91.0523		196.102 	 39.6712309026 	 -71.1203005041 	 0 	 0 	 1 	 -1 
101.008		210 	 41.5805520063 	 167.345072771 	 1 	 0 	 1 	 -1 
91.0523		223.898 	 142.542219588 	 -53.5129208079 	 1 	 0 	 1 	 1 
87.4818		240 	 48.7966278587 	 81.3326457252 	 0 	 0 	 1 	 1 
91.0523		256.102 	 6.8334418034 	 -165.579220687 	 1 	 0 	 1 	 -1 
101.008		270 	 -8.04795047988 	 17.0502137039 	 1 	 0 	 1 	 0 
91.0523		283.898 	 -87.7527137298 	 -101.451735261 	 1 	 0 	 1 	 1 
87.4817		300 	 -42.1343050546 	 -164.664318363 	 0 	 0 	 1 	 1 
91.0523		316.102 	 -115.464689503 	 9.10518419396 	 1 	 0 	 1 	 1 
101.008		330 	 -161.340006413 	 111.731064658 	 1 	 0 	 1 	 1 
115.709		340.893 	 -62.0618282533 	 177.385177883 	 0 	 1 	 1 	 1 
110.065		353.413 	 130.288382433 	 14.3938550559 	 1 	 0 	 1 	 0 
110.065		6.58677 	 53.2923628411 	 -33.635055785 	 0 	 1 	 1 	 1 
115.709		19.1066 	 264.348760411 	 -149.987104775 	 0 	 1 	 1 	 0 
126.24		30 	 288.509752396 	 54.2574454642 	 1 	 1 	 1 	 0 
115.709		40.8934 	 -26.4277674893 	 -113.623581214 	 0 	 1 	 1 	 1 
110.065		53.4132 	 -212.401086502 	 -13.035346438 	 0 	 1 	 1 	 -1 
110.065		66.5868 	 106.143199091 	 53.4623191365 	 0 	 1 	 1 	 1 
115.709		79.1066 	 197.642949859 	 13.6410601959 	 1 	 1 	 1 	 1 
126.24		90 	 -135.642594087 	 -93.9425616905 	 0 	 1 	 1 	 -1 
115.709		100.893 	 -128.601800861 	 -157.929094733 	 0 	 1 	 1 	 -1 
110.065		113.413 	 -16.8412237228 	 -2.11038175656 	 1 	 0 	 1 	 -1 
110.065		126.587 	 -28.5024403166 	 166.868820255 	 0 	 1 	 1 	 -1 
115.709		139.107 	 172.9826267 	 -13.777874399 	 1 	 1 	 1 	 1 
126.24		150 	 518.976468098 	 -123.299028684 	 1 	 0 	 1 	 -1 
115.709		160.893 	 60.0261363798 	 -179.944167569 	 1 	 1 	 1 	 -1 
110.066		173.413 	 -69.2214989094 	 153.741147476 	 1 	 0 	 1 	 1 
110.066		186.587 	 -237.292473321 	 -32.8978576684 	 0 	 0 	 1 	 0 
115.709		199.107 	 290.952458456 	 -22.7810419398 	 0 	 0 	 1 	 -1 
126.24		210 	 171.775009376 	 -118.698967457 	 0 	 0 	 1 	 0 
115.709		220.893 	 57.323746232 	 18.1801320715 	 1 	 0 	 1 	 0 
110.065		233.413 	 -361.725255022 	 124.038211244 	 1 	 1 	 1 	 0 
110.065		246.587 	 -388.880738027 	 101.098439765 	 0 	 1 	 1 	 1 
115.709		259.107 	 1.08626082514 	 -93.1204746443 	 1 	 1 	 1 	 0 
126.24		270 	 -22.9508774143 	 19.3059321661 	 0 	 0 	 1 	 -1 
115.709		280.893 	 -285.239147065 	 111.776027721 	 1 	 1 	 1 	 1 
110.065		293.413 	 -251.199903199 	 -152.563312296 	 1 	 1 	 1 	 1 
110.065		306.587 	 7.47366745922 	 149.444900827 	 0 	 0 	 1 	 1 
115.709		319.107 	 -224.298570355 	 171.188269117 	 1 	 0 	 1 	 1 
126.24		330 	 -63.2740587933 	 65.2414137302 	 0 	 1 	 1 	 1 
140.56		338.948 	 -26.4559690619 	 -52.7139270277 	 0 	 0 	 1 	 0 
133.593		349.107 	 -40.97200604 	 -103.820713303 	 0 	 0 	 1 	 0 
131.188		0 	 98.046394944 	 144.747871627 	 0 	 0 	 1 	 1 
133.593		10.8934 	 219.111703626 	 -9.56696822574 	 1 	 1 	 1 	 0 
140.56		21.0517 	 23.2199315214 	 -40.652270726 	 1 	 0 	 1 	 -1 
151.459		30 	 261.493685545 	 -104.243914311 	 0 	 0 	 1 	 0 
140.56		38.9483 	 241.166328799 	 13.8415557672 	 0 	 0 	 1 	 1 
133.593		49.1066 	 -252.826959142 	 7.21080602161 	 1 	 1 	 1 	 0 
131.188		60 	 93.3691015932 	 -33.6945319808 	 1 	 0 	 1 	 0 
133.593		70.8934 	 -44.5761759686 	 96.9591862476 	 1 	 0 	 1 	 1 
140.56		81.0517 	 77.1150576686 	 -164.584269305 	 0 	 0 	 1 	 0 
151.459		90 	 -167.99617379 	 73.9106661951 	 1 	 1 	 1 	 1 
140.56		98.9483 	 -88.2008705225 	 75.0967583467 	 1 	 1 	 1 	 0 
133.593		109.107 	 134.158480473 	 102.854490284 	 0 	 0 	 1 	 -1 
131.188		120 	 105.864121978 	 -6.79400615622 	 1 	 0 	 1 	 1 
133.593		130.893 	 -0.268976760224 	 117.03668688 	 1 	 1 	 1 	 -1 
140.56		141.052 	 -216.687168554 	 -21.5135727038 	 0 	 1 	 1 	 1 
151.459		150 	 112.111896365 	 -1.56008128701 	 0 	 0 	 1 	 1 
140.56		158.948 	 -42.8333816755 	 2.43685660934 	 0 	 0 	 1 	 -1 
133.593		169.107 	 280.330447854 	 -110.2904716 	 1 	 0 	 1 	 1 
131.188		180 	 -216.194327711 	 -3.57917023113 	 0 	 1 	 1 	 1 
133.593		190.893 	 -111.41590251 	 168.68848613 	 1 	 1 	 1 	 1 
140.56		201.052 	 -86.5296646842 	 129.487529343 	 1 	 1 	 1 	 1 
151.459		210 	 -47.0123367873 	 -110.874450095 	 1 	 1 	 1 	 1 
140.56		218.948 	 82.2282569753 	 146.292070452 	 1 	 0 	 1 	 0 
133.593		229.107 	 -46.580542166 	 160.978801375 	 0 	 1 	 1 	 -1 
131.188		240 	 150.354943335 	 -11.2959424959 	 1 	 1 	 1 	 0 
133.592		250.893 	 110.724109984 	 167.548595756 	 1 	 0 	 1 	 1 
140.56		261.052 	 -294.80148179 	 158.331936161 	 1 	 0 	 1 	 1 
151.459		270 	 174.508270162 	 -160.369540326 	 0 	 0 	 1 	 -1 
140.56		278.948 	 -151.48587373 	 133.657694163 	 1 	 1 	 1 	 -1 
133.592		289.107 	 -295.478913664 	 114.382224033 	 1 	 0 	 1 	 1 
131.188		300 	 -88.1462975629 	 63.5589134463 	 1 	 0 	 1 	 1 
133.593		310.893 	 63.3388474893 	 178.18467165 	 1 	 0 	 1 	 -1 
140.56		321.052 	 -81.0724219484 	 135.481679487 	 1 	 1 	 1 	 -1 
151.459		330 	 360.085890791 	 -49.477998933 	 1 	 1 	 1 	 1 
165.51		337.589 	 222.086702956 	 136.411598651 	 1 	 1 	 1 	 1 
157.635		346.102 	 138.450214867 	 45.9841260327 	 0 	 1 	 1 	 -1 
153.545		355.285 	 -53.6385888688 	 141.272325966 	 1 	 1 	 1 	 1 
153.545		4.715 	 -4.75610684241 	 -49.3264457126 	 0 	 1 	 1 	 -1 
157.635		13.8979 	 -28.5503360517 	 138.595992138 	 1 	 1 	 1 	 1 
165.51		22.4109 	 -62.6711370849 	 -155.459549306 	 0 	 1 	 1 	 1 
176.661		30 	 -42.094202066 	 174.254968554 	 1 	 1 	 1 	 1 
165.51		37.5891 	 315.345596102 	 77.1440879473 	 1 	 1 	 1 	 -1 
157.635		46.1021 	 -122.260368372 	 176.571526796 	 0 	 1 	 1 	 -1 
153.545		55.285 	 191.20206868 	 -54.0840839933 	 1 	 0 	 1 	 0 
153.545		64.715 	 70.8515460292 	 -82.600658633 	 1 	 0 	 1 	 1 
157.635		73.8979 	 60.2259138586 	 -27.4197837721 	 0 	 0 	 1 	 0 
165.51		82.4109 	 -196.244515834 	 -68.9750225699 	 0 	 1 	 1 	 0 
176.661		90 	 -94.5283106203 	 -129.540842685 	 1 	 1 	 1 	 -1 
165.51		97.5891 	 -35.6413489871 	 99.2300418962 	 0 	 1 	 1 	 -1 
157.635		106.102 	 -39.0945796864 	 -84.6016846131 	 1 	 0 	 1 	 0 
153.545		115.285 	 -173.496880969 	 68.6239195976 	 0 	 0 	 1 	 0 
153.545		124.715 	 1.47907196391 	 93.3001042178 	 0 	 1 	 1 	 -1 
157.635		133.898 	 271.311594908 	 112.878483524 	 1 	 0 	 1 	 -1 
165.51		142.411 	 -244.711515779 	 -132.633513511 	 1 	 1 	 1 	 1 
176.661		150 	 139.363473396 	 144.290570607 	 0 	 1 	 1 	 1 
165.509		157.589 	 -123.527528333 	 151.481107947 	 0 	 1 	 1 	 -1 
157.635		166.102 	 -138.498348652 	 -77.417589104 	 1 	 0 	 1 	 1 
153.546		175.285 	 43.0825534494 	 148.100762708 	 1 	 1 	 1 	 1 
153.546		184.715 	 57.5233134623 	 140.950992732 	 1 	 0 	 1 	 0 
157.635		193.898 	 -84.4720044462 	 -129.300977138 	 1 	 0 	 1 	 -1 
165.509		202.411 	 276.26845079 	 -138.300139173 	 0 	 1 	 1 	 1 
165.51		217.589 	 -169.981014373 	 -174.831512551 	 1 	 0 	 1 	 1 
157.635		226.102 	 -147.436206184 	 51.6766676064 	 1 	 0 	 1 	 -1 
153.545		235.285 	 143.821908261 	 -171.550041558 	 0 	 1 	 1 	 0 
153.545		244.715 	 -84.5864512881 	 63.9039601877 	 1 	 1 	 1 	 1 
157.635		253.898 	 -27.7622482673 	 29.6120785047 	 1 	 1 	 1 	 0 
165.51		262.411 	 -49.064005638 	 83.3878479999 	 1 	 0 	 1 	 -1 
176.661		270 	 -172.331131934 	 25.8546168302 	 0 	 1 	 1 	 -1 
165.51		277.589 	 -22.9326735269 	 -42.6692227007 	 1 	 1 	 1 	 -1 
157.635		286.102 	 216.496890038 	 66.6314917849 	 1 	 0 	 1 	 0 
153.545		295.285 	 92.778276187 	 -159.234990065 	 0 	 1 	 1 	 -1 
153.545		304.715 	 67.1165120893 	 76.3220914793 	 0 	 1 	 1 	 1 
157.635		313.898 	 -146.157675359 	 48.4458923476 	 1 	 0 	 1 	 0 
165.51		322.411 	 219.699285508 	 -91.2901147476 	 1 	 0 	 1 	 -1 
176.661		330 	 76.6694072581 	 -125.811698786 	 0 	 0 	 1 	 -1 
190.511		336.587 	 10.3896317053 	 33.7294283513 	 1 	 0 	 1 	 1 
181.979		343.898 	 108.977152952 	 3.5348446674 	 0 	 0 	 1 	 0 
176.661		351.787 	 -285.71791276 	 -123.821153446 	 1 	 0 	 1 	 -1 
174.852		0 	 244.660749771 	 -30.4245205042 	 0 	 1 	 1 	 0 
176.661		8.21321 	 56.4191960718 	 173.097635105 	 0 	 0 	 1 	 0 
181.979		16.1021 	 283.522403343 	 -21.5189236048 	 0 	 1 	 1 	 1 
190.511		23.4132 	 95.3683368546 	 162.009986182 	 1 	 0 	 1 	 1 
201.845		30 	 -133.953926931 	 -38.6708784947 	 0 	 0 	 1 	 -1 
181.979		43.8979 	 94.8313981342 	 -80.0909824976 	 0 	 0 	 1 	 0 
176.661		51.7868 	 -85.1410882003 	 42.6748864287 	 1 	 0 	 1 	 0 
174.852		60 	 227.576403743 	 -89.373910072 	 1 	 0 	 1 	 0 
176.661		68.2132 	 -286.775598239 	 -143.780578645 	 1 	 0 	 1 	 0 
181.979		76.1021 	 -13.8908510973 	 14.392496044 	 1 	 1 	 1 	 0 
190.511		83.4132 	 34.7564071653 	 -84.0231435979 	 1 	 0 	 1 	 0 
201.845		90 	 -37.1833241006 	 -29.0197017406 	 0 	 1 	 1 	 1 
190.511		96.5868 	 -313.726997599 	 -113.515415877 	 1 	 1 	 1 	 0 
181.979		103.898 	 -17.7002514624 	 -12.4823415643 	 0 	 1 	 1 	 0 
176.661		111.787 	 119.87911733 	 134.496242653 	 0 	 0 	 1 	 -1 
174.852		120 	 27.7534321565 	 129.582138137 	 0 	 0 	 1 	 1 
176.661		128.213 	 -116.817310058 	 63.3713586789 	 1 	 1 	 1 	 1 
181.979		136.102 	 205.427831736 	 144.676812618 	 0 	 1 	 1 	 -1 
190.51		143.413 	 -131.156004776 	 16.5012818856 	 0 	 1 	 1 	 -1 
201.845		150 	 -173.013145046 	 147.18032658 	 1 	 1 	 1 	 -1 
190.511		156.587 	 -250.130482303 	 169.872444533 	 0 	 0 	 1 	 0 
181.979		163.898 	 -69.5633522543 	 -169.407009804 	 0 	 1 	 1 	 -1 
176.661		171.787 	 -29.4497400165 	 -175.251688806 	 0 	 1 	 1 	 0 
174.852		180 	 -19.2050459349 	 -72.5741087178 	 1 	 1 	 1 	 -1 
176.661		188.213 	 166.377610069 	 -114.497767929 	 1 	 1 	 1 	 -1 
181.979		196.102 	 228.491038072 	 116.608710106 	 1 	 0 	 1 	 -1 
190.511		203.413 	 -174.557225179 	 134.833643165 	 1 	 0 	 1 	 0 
201.845		210 	 11.2135945905 	 -3.82930146974 	 0 	 0 	 1 	 1 
190.51		216.587 	 134.671895473 	 64.7997771348 	 1 	 1 	 1 	 -1 
181.979		223.898 	 -43.9051293204 	 57.076824083 	 1 	 0 	 1 	 1 
176.661		231.787 	 171.68457608 	 -39.741177566 	 1 	 1 	 1 	 0 
174.853		240 	 -65.0337445512 	 -11.7528872807 	 1 	 0 	 1 	 1 
176.662		248.213 	 76.7184753753 	 -98.1675366071 	 0 	 0 	 1 	 1 
181.979		256.102 	 -71.7105262525 	 -11.0968596035 	 0 	 1 	 1 	 -1 
190.511		263.413 	 185.475073216 	 85.5252817342 	 1 	 0 	 1 	 0 
190.511		276.587 	 63.7251829872 	 -46.1803225059 	 1 	 0 	 1 	 0 
181.979		283.898 	 -238.525676042 	 -101.26230149 	 1 	 1 	 1 	 0 
176.662		291.787 	 92.8705428399 	 -97.8006651259 	 0 	 0 	 1 	 1 
174.853		300 	 -41.8441768448 	 42.9465148331 	 1 	 0 	 1 	 1 
176.661		308.213 	 149.150619028 	 113.62839964 	 1 	 0 	 1 	 -1 
181.979		316.102 	 225.846238766 	 76.3615358053 	 0 	 0 	 1 	 -1 
190.511		323.413 	 0.00028803047169 	 -16.7696228197 	 1 	 0 	 1 	 -1 
201.845		330 	 -91.2311860412 	 40.3640144475 	 0 	 1 	 1 	 -1 
215.536		335.818 	 238.320486 	 134.288416042 	 0 	 1 	 1 	 1 
206.511		342.216 	 36.2896213968 	 -28.8959266061 	 1 	 0 	 1 	 0 
200.265		349.107 	 178.859148511 	 -176.562973744 	 1 	 1 	 1 	 -1 
197.068		356.329 	 -60.0049567704 	 -107.965795213 	 1 	 1 	 1 	 0 
197.068		3.6705 	 -184.590567413 	 151.991877378 	 0 	 1 	 1 	 -1 
200.265		10.8934 	 18.0534113021 	 124.59755648 	 1 	 1 	 1 	 -1 
206.511		17.7836 	 -24.7996487975 	 -16.375422573 	 0 	 0 	 1 	 -1 
215.536		24.1825 	 -425.793842258 	 -0.904120389869 	 0 	 1 	 1 	 0 
227.007		30 	 -61.0024517484 	 11.4075689349 	 1 	 0 	 1 	 0 
215.536		35.8175 	 -364.264493362 	 -171.318451223 	 0 	 1 	 1 	 -1 
206.511		42.2164 	 74.4912835923 	 -138.684979137 	 1 	 1 	 1 	 -1 
200.265		49.1066 	 114.754603298 	 -40.5052757726 	 0 	 0 	 1 	 1 
197.068		56.3295 	 109.755756365 	 6.42406406594 	 0 	 1 	 1 	 0 
197.068		63.6705 	 26.3303844382 	 -135.111166162 	 0 	 1 	 1 	 -1 
200.265		70.8934 	 -13.2092925514 	 124.374758544 	 0 	 0 	 1 	 1 
206.511		77.7836 	 -135.876855347 	 -140.862879913 	 1 	 1 	 1 	 -1 
215.536		84.1825 	 -37.387778798 	 46.2674148591 	 1 	 0 	 1 	 -1 
227.007		90 	 6.08384315663 	 -53.3901190463 	 0 	 0 	 1 	 1 
215.536		95.8175 	 -346.647969652 	 -115.051453359 	 1 	 0 	 1 	 0 
206.511		102.216 	 267.619187732 	 -134.540264822 	 1 	 0 	 1 	 0 
200.265		109.107 	 252.180645855 	 9.64979330642 	 0 	 0 	 1 	 -1 
197.068		116.33 	 392.023011801 	 52.3394986978 	 1 	 0 	 1 	 0 
197.068		123.671 	 -22.5353496651 	 -101.391621172 	 1 	 0 	 1 	 1 
200.265		130.893 	 69.7114257046 	 -31.2366561787 	 1 	 1 	 1 	 1 
206.51		137.784 	 237.121678709 	 84.0587806162 	 1 	 0 	 1 	 1 
215.536		144.182 	 -198.996879052 	 163.396482455 	 1 	 1 	 1 	 -1 
227.007		150 	 -25.9090347364 	 -3.61380151088 	 0 	 1 	 1 	 1 
215.536		155.818 	 -69.3214428259 	 67.0374234546 	 0 	 0 	 1 	 0 
206.511		162.216 	 288.873186622 	 -118.783723658 	 1 	 1 	 1 	 0 
200.266		169.107 	 80.1376232928 	 -58.2344342882 	 0 	 0 	 1 	 1 
197.068		176.33 	 -46.6383347873 	 -118.666072389 	 1 	 0 	 1 	 0 
197.068		183.671 	 10.8946407128 	 -32.2682066862 	 0 	 0 	 1 	 0 
200.266		190.893 	 -6.12936240259 	 43.6641042273 	 1 	 0 	 1 	 1 
206.511		197.784 	 -116.227808279 	 -14.4682739001 	 1 	 1 	 1 	 0 
215.536		204.182 	 117.28804127 	 166.774119615 	 0 	 1 	 1 	 -1 
227.007		210 	 -44.6795804869 	 -125.603199596 	 0 	 0 	 1 	 0 
215.536		215.818 	 135.903734904 	 52.0005522741 	 0 	 1 	 1 	 1 
206.51		222.216 	 -246.23661419 	 56.1838732467 	 1 	 0 	 1 	 1 
200.265		229.107 	 125.758030841 	 54.0506959905 	 1 	 1 	 1 	 1 
197.068		236.329 	 286.813460425 	 65.5948907684 	 0 	 0 	 1 	 0 
197.068		243.671 	 64.9574311891 	 157.622984308 	 0 	 1 	 1 	 1 
200.265		250.893 	 252.6902604 	 31.1222636648 	 0 	 1 	 1 	 0 
206.51		257.784 	 -178.97005317 	 139.906694464 	 1 	 1 	 1 	 1 
215.536		264.182 	 -50.5144233379 	 -125.108022308 	 1 	 0 	 1 	 0 
227.007		270 	 -39.0598858713 	 179.157179252 	 0 	 1 	 1 	 0 
215.536		275.818 	 -65.143346947 	 64.6884232065 	 0 	 0 	 1 	 -1 
206.51		282.216 	 -172.264123629 	 -90.5251998078 	 1 	 1 	 1 	 0 
200.265		289.107 	 43.3985262911 	 139.704283241 	 1 	 0 	 1 	 1 
197.068		296.329 	 -2.34938322253 	 46.4919698235 	 1 	 0 	 1 	 -1 
197.068		303.67 	 -175.52721634 	 -150.771684319 	 0 	 0 	 1 	 1 
200.265		310.893 	 16.9740731336 	 145.004167281 	 1 	 0 	 1 	 1 
206.511		317.784 	 -221.510683994 	 -84.4433883838 	 1 	 1 	 1 	 1 
227.008		330 	 206.217075369 	 160.842114555 	 0 	 0 	 1 	 -1 
240.57		335.209 	 -53.3173769277 	 -42.7907362103 	 1 	 0 	 1 	 0 
231.161		340.893 	 12.0736367927 	 -43.1632254296 	 0 	 0 	 1 	 -1 
224.195		346.996 	 -11.4039203575 	 -109.629733767 	 1 	 0 	 1 	 0 
219.909		353.413 	 -157.736172214 	 -111.892601408 	 0 	 1 	 1 	 1 
218.461		0 	 -290.840191271 	 158.394643085 	 1 	 1 	 1 	 1 
219.909		6.58678 	 -2.11873432531 	 63.0110255413 	 1 	 0 	 1 	 1 
224.195		13.0039 	 56.1104621421 	 125.683350861 	 1 	 0 	 1 	 0 
231.161		19.1066 	 344.749115438 	 -23.6468415458 	 1 	 1 	 1 	 -1 
240.57		24.7913 	 39.7158550296 	 -71.7203343432 	 0 	 0 	 1 	 1 
252.146		30 	 -28.2621730719 	 -178.660578047 	 0 	 0 	 1 	 1 
240.57		35.2087 	 -178.00493885 	 57.627576068 	 1 	 1 	 1 	 -1 
231.161		40.8934 	 156.137387894 	 -103.538347171 	 0 	 1 	 1 	 0 
224.195		46.9961 	 -372.305777698 	 -97.3844566558 	 1 	 1 	 1 	 0 
219.909		53.4132 	 169.943657151 	 -19.6544741949 	 1 	 0 	 1 	 1 
218.461		60 	 -108.783595378 	 -132.862351954 	 0 	 0 	 1 	 0 
219.909		66.5868 	 -153.338677424 	 155.018900999 	 1 	 1 	 1 	 0 
224.195		73.0039 	 -38.4555491344 	 77.7741612484 	 1 	 1 	 1 	 -1 
231.161		79.1066 	 66.7158955819 	 -10.9342790768 	 1 	 0 	 1 	 -1 
240.57		84.7913 	 -116.656727462 	 121.245273415 	 0 	 0 	 1 	 1 
240.57		95.2087 	 -82.2395338164 	 -128.850148018 	 0 	 1 	 1 	 1 
231.161		100.893 	 -179.574144547 	 61.3617317769 	 0 	 1 	 1 	 -1 
224.195		106.996 	 -87.8067134306 	 -52.985852141 	 0 	 0 	 1 	 -1 
219.909		113.413 	 -162.031402459 	 28.8606338826 	 0 	 1 	 1 	 1 
218.461		120 	 40.9535636473 	 -4.74249417215 	 0 	 1 	 1 	 1 
219.909		126.587 	 -52.1559571395 	 166.536128328 	 1 	 1 	 1 	 -1 
224.195		133.004 	 -234.867444514 	 37.875246555 	 1 	 0 	 1 	 0 
231.161		139.107 	 123.550405352 	 74.4158968119 	 0 	 1 	 1 	 1 
252.146		150 	 -213.660055426 	 99.9461720341 	 0 	 1 	 1 	 0 
240.57		155.209 	 76.9360668683 	 -44.1906923316 	 0 	 0 	 1 	 0 
231.16		160.893 	 75.192541589 	 83.0543016876 	 1 	 1 	 1 	 1 
224.196		166.996 	 137.066622394 	 -121.026108785 	 1 	 1 	 1 	 0 
219.909		173.413 	 -145.336241023 	 169.3306365 	 0 	 1 	 1 	 0 
218.461		180 	 -71.6731313776 	 50.5218654406 	 1 	 1 	 1 	 1 
219.909		186.587 	 200.352229927 	 -141.056141183 	 1 	 1 	 1 	 1 
224.196		193.004 	 -85.1441304864 	 132.965764393 	 0 	 0 	 1 	 0 
231.16		199.107 	 -198.463347523 	 -133.727986704 	 0 	 0 	 1 	 -1 
240.57		204.791 	 96.8772738225 	 -36.9616966507 	 0 	 0 	 1 	 -1 
252.146		210 	 85.2652398526 	 44.0818798742 	 0 	 1 	 1 	 0 
240.57		215.209 	 -54.4945292562 	 -71.7700397039 	 1 	 1 	 1 	 1 
231.161		220.893 	 -138.71316321 	 12.7021205653 	 1 	 1 	 1 	 0 
224.196		226.996 	 -136.597176303 	 130.514426713 	 0 	 1 	 1 	 0 
219.909		233.413 	 -44.9614901825 	 91.3943013935 	 1 	 0 	 1 	 -1 
218.461		240 	 -227.176236099 	 91.095509901 	 1 	 0 	 1 	 0 
219.909		246.587 	 42.036258809 	 55.164772231 	 1 	 0 	 1 	 1 
224.195		253.004 	 3.39061094772 	 35.7128744234 	 1 	 0 	 1 	 0 
231.16		259.107 	 -252.896500059 	 100.910122658 	 0 	 0 	 1 	 1 
240.57		264.791 	 55.4939131499 	 64.5498544467 	 0 	 1 	 1 	 1 
252.146		270 	 244.219147473 	 20.6947597377 	 1 	 0 	 1 	 0 
240.57		275.209 	 63.7369232561 	 6.44882035629 	 0 	 1 	 1 	 -1 
231.16		280.893 	 -224.188571927 	 -50.2431840197 	 1 	 0 	 1 	 0 
224.195		286.996 	 -242.57425507 	 63.8649657789 	 1 	 0 	 1 	 0 
219.909		293.413 	 107.103297941 	 -107.080552271 	 0 	 1 	 1 	 1 
218.461		300 	 -66.8190767013 	 90.7881402253 	 1 	 0 	 1 	 1 
219.909		306.587 	 -9.8371847576 	 177.722635492 	 0 	 1 	 1 	 0 
224.196		313.004 	 87.5178997287 	 -149.781997382 	 1 	 0 	 1 	 1 
231.161		319.107 	 141.322622985 	 -99.2735488118 	 1 	 1 	 1 	 1 
240.57		324.791 	 156.54565554 	 -27.6990133752 	 0 	 1 	 1 	 0 
252.146		330 	 63.1444109795 	 -169.794255944 	 0 	 0 	 1 	 1 
265.601		334.715 	 151.710505281 	 98.9893354695 	 1 	 1 	 1 	 -1 
255.886		339.826 	 -239.16224254 	 -15.2310460307 	 0 	 1 	 1 	 1 
248.348		345.295 	 40.2875249242 	 173.476742072 	 1 	 0 	 1 	 0 
243.191		351.052 	 292.009292514 	 118.640521076 	 1 	 1 	 1 	 -1 
240.57		356.996 	 61.7225136194 	 145.738221764 	 0 	 0 	 1 	 -1 
240.57		3.00449 	 178.45180632 	 -168.880850957 	 0 	 1 	 1 	 1 
243.191		8.94827 	 -27.4696959456 	 -97.4559208549 	 1 	 1 	 1 	 -1 
248.348		14.7047 	 -147.653653366 	 104.041953526 	 1 	 0 	 1 	 0 
255.886		20.1736 	 -132.352534128 	 176.321627091 	 1 	 1 	 1 	 -1 
265.601		25.285 	 -79.0225761747 	 -136.001027461 	 1 	 0 	 1 	 1 
277.258		30 	 109.491091587 	 -35.9431391546 	 1 	 1 	 1 	 -1 
265.601		34.715 	 -393.158988707 	 -5.64744318073 	 0 	 0 	 1 	 1 
255.887		39.8264 	 -259.089635515 	 17.5912831625 	 0 	 0 	 1 	 0 
248.348		45.2953 	 -112.004263234 	 159.248986812 	 0 	 0 	 1 	 -1 
243.191		51.0517 	 17.58976381 	 70.7445765236 	 0 	 0 	 1 	 0 
240.57		56.9955 	 -68.807687143 	 -177.173130985 	 1 	 1 	 1 	 0 
240.57		63.0045 	 -192.57062582 	 -164.051634454 	 1 	 1 	 1 	 -1 
243.191		68.9483 	 93.1154441715 	 -136.463096696 	 0 	 0 	 1 	 -1 
248.348		74.7047 	 320.098548925 	 -66.5200616277 	 0 	 0 	 1 	 1 
255.887		80.1736 	 99.9656646097 	 -126.147897851 	 1 	 1 	 1 	 1 
265.601		85.285 	 -41.5659246598 	 -143.567729967 	 1 	 1 	 1 	 1 
277.257		90 	 59.5092941629 	 -17.0236328637 	 0 	 1 	 1 	 1 
265.601		94.715 	 28.7500506539 	 -125.71387512 	 0 	 1 	 1 	 -1 
255.887		99.8264 	 165.113426267 	 -113.035906742 	 0 	 1 	 1 	 1 
248.348		105.295 	 -115.704839521 	 158.211377547 	 0 	 0 	 1 	 -1 
243.191		111.052 	 11.196416603 	 135.947160923 	 1 	 1 	 1 	 1 
240.57		116.996 	 341.061959452 	 106.081231693 	 1 	 1 	 1 	 -1 
240.57		123.005 	 150.104789378 	 -73.0409474509 	 1 	 1 	 1 	 -1 
243.191		128.948 	 -0.708421115138 	 38.4470123584 	 0 	 1 	 1 	 1 
248.348		134.705 	 172.610705825 	 130.211091838 	 0 	 1 	 1 	 0 
255.887		140.174 	 -96.1315517357 	 -163.10291052 	 0 	 0 	 1 	 0 
265.6		145.285 	 -10.804988889 	 -24.0152752666 	 0 	 1 	 1 	 0 
277.257		150 	 -182.001594673 	 -88.2115037747 	 0 	 0 	 1 	 0 
265.601		154.715 	 -157.042920544 	 -87.2643880682 	 0 	 1 	 1 	 0 
255.886		159.826 	 -165.159350761 	 140.123499035 	 0 	 0 	 1 	 1 
248.348		165.295 	 46.6467328101 	 -26.2690050591 	 1 	 1 	 1 	 1 
243.191		171.052 	 142.472691386 	 -114.34509373 	 1 	 1 	 1 	 -1 
240.57		176.996 	 103.807218723 	 -111.864670057 	 1 	 1 	 1 	 0 
240.57		183.005 	 -264.170645482 	 -9.3202012971 	 1 	 0 	 1 	 1 
243.191		188.948 	 -143.133617095 	 40.8885105075 	 1 	 0 	 1 	 1 
248.348		194.705 	 279.279289258 	 43.8260801236 	 1 	 1 	 1 	 0 
255.886		200.174 	 80.3079345555 	 162.732240931 	 0 	 1 	 1 	 1 
265.601		205.285 	 140.24086757 	 -80.2828011018 	 0 	 1 	 1 	 0 
277.258		210 	 29.6123449964 	 -121.378064043 	 0 	 1 	 1 	 -1 
265.6		214.715 	 -203.332182138 	 147.491411646 	 1 	 1 	 1 	 1 
255.887		219.826 	 -60.2661901723 	 57.3828415914 	 0 	 0 	 1 	 1 
248.348		225.295 	 -43.9921034535 	 -72.2315009531 	 1 	 1 	 1 	 0 
243.191		231.052 	 181.181772545 	 164.713488171 	 0 	 0 	 1 	 0 
240.57		236.995 	 122.355978506 	 -72.3654108006 	 0 	 1 	 1 	 -1 
240.57		243.004 	 109.406545289 	 -91.0276593293 	 1 	 1 	 1 	 -1 
243.19		248.948 	 88.0774177845 	 -79.8288255347 	 0 	 0 	 1 	 1 
248.348		254.705 	 -38.9547438276 	 1.91667599289 	 1 	 1 	 1 	 0 
255.886		260.174 	 -76.951055487 	 -83.0381709956 	 0 	 0 	 1 	 0 
265.601		265.285 	 43.8552074743 	 -55.0109061062 	 1 	 1 	 1 	 1 
277.258		270 	 277.7862627 	 22.2048334941 	 0 	 1 	 1 	 0 
265.601		274.715 	 311.570551934 	 -155.220151716 	 0 	 1 	 1 	 0 
255.886		279.826 	 296.838236366 	 -98.1615258541 	 1 	 1 	 1 	 0 
248.348		285.295 	 -265.67192668 	 81.0796223791 	 0 	 1 	 1 	 1 
243.19		291.052 	 -64.1599786159 	 -112.486995863 	 1 	 0 	 1 	 0 
240.57		296.996 	 136.80844165 	 -54.5207056962 	 1 	 0 	 1 	 0 
240.57		303.004 	 -12.5474069115 	 104.044536065 	 1 	 1 	 1 	 0 
243.191		308.948 	 55.5716112404 	 -154.547797848 	 0 	 1 	 1 	 1 
248.348		314.705 	 -287.217933329 	 8.45117439216 	 0 	 0 	 1 	 0 
255.886		320.174 	 -182.529825302 	 152.446582257 	 0 	 1 	 1 	 1 
265.6		325.285 	 -51.6260113091 	 -73.2127999411 	 1 	 1 	 1 	 0 
277.258		330 	 40.2185239898 	 116.739797489 	 0 	 1 	 1 	 0 
290.619		334.307 	 17.3152359951 	 179.477360128 	 1 	 0 	 1 	 1 
280.659		338.948 	 -24.9588180669 	 102.283650433 	 1 	 0 	 1 	 1 
272.656		343.898 	 146.70863677 	 124.35365274 	 0 	 1 	 1 	 0 
266.79		349.107 	 -129.610315455 	 158.907649044 	 0 	 0 	 1 	 -1 
263.206		354.504 	 44.1890652549 	 107.71568754 	 1 	 1 	 1 	 0 
262.001		0 	 122.845720293 	 -136.10270276 	 1 	 1 	 1 	 1 
263.206		5.49637 	 7.43074312339 	 28.0728923951 	 1 	 0 	 1 	 1 
266.79		10.8934 	 -40.9678741502 	 90.5770870493 	 1 	 0 	 1 	 1 
272.656		16.1021 	 44.6974167583 	 179.273235663 	 0 	 1 	 1 	 1 
280.659		21.0517 	 -100.812795848 	 48.8451286392 	 1 	 1 	 1 	 -1 
290.619		25.6934 	 154.799582598 	 -40.7108720318 	 1 	 0 	 1 	 1 
302.34		30 	 175.739800224 	 -16.0306509776 	 0 	 0 	 1 	 -1 
290.619		34.3066 	 233.345079494 	 -107.566544868 	 1 	 1 	 1 	 0 
280.659		38.9483 	 141.492513591 	 41.5167253828 	 1 	 0 	 1 	 -1 
272.656		43.8979 	 59.4897935865 	 -150.908261457 	 0 	 0 	 1 	 1 
266.789		49.1066 	 112.894924578 	 21.2770349045 	 0 	 0 	 1 	 1 
263.206		54.5036 	 116.6509272 	 -154.058262798 	 0 	 0 	 1 	 -1 
262.001		60 	 202.495841788 	 8.23119146444 	 1 	 1 	 1 	 -1 
263.206		65.4964 	 -63.1053132326 	 133.587663078 	 0 	 0 	 1 	 -1 
266.79		70.8934 	 -146.384046737 	 -44.423571339 	 0 	 1 	 1 	 1 
272.656		76.1021 	 -146.369629788 	 -119.341429348 	 0 	 1 	 1 	 1 
280.659		81.0517 	 291.402715447 	 -59.6257808059 	 0 	 1 	 1 	 -1 
290.619		85.6934 	 -104.983861198 	 146.886475175 	 0 	 1 	 1 	 0 
302.34		90 	 -156.158752014 	 -66.4175918078 	 0 	 0 	 1 	 1 
290.619		94.3066 	 15.0801622648 	 -68.7903224654 	 0 	 0 	 1 	 1 
280.659		98.9483 	 -1.48422000328 	 -177.810047961 	 0 	 0 	 1 	 -1 
272.655		103.898 	 86.3745904646 	 -11.8618610338 	 1 	 1 	 1 	 -1 
266.79		109.107 	 -218.343438941 	 74.1679170729 	 0 	 0 	 1 	 0 
263.206		114.504 	 -255.317028789 	 -79.3612793016 	 0 	 1 	 1 	 0 
262		120 	 -72.3307676309 	 -150.358283688 	 0 	 1 	 1 	 1 
263.206		125.496 	 -24.6638576796 	 137.828057239 	 0 	 0 	 1 	 0 
266.79		130.893 	 111.146260179 	 24.5192524831 	 0 	 0 	 1 	 1 
272.655		136.102 	 269.501389668 	 167.333629924 	 0 	 0 	 1 	 1 
280.659		141.052 	 53.9133968533 	 -70.2759468014 	 0 	 0 	 1 	 1 
290.619		145.693 	 -250.444266438 	 43.1901437138 	 1 	 1 	 1 	 1 
302.34		150 	 73.9460370304 	 -8.98541581444 	 1 	 1 	 1 	 0 
290.619		154.307 	 -193.21880747 	 -53.4965313237 	 0 	 0 	 1 	 0 
280.659		158.948 	 200.209226065 	 -92.1971751391 	 0 	 0 	 1 	 -1 
272.656		163.898 	 -158.510560162 	 164.544042375 	 0 	 1 	 1 	 0 
266.789		169.107 	 367.219647975 	 152.277751311 	 0 	 1 	 1 	 1 
263.206		174.504 	 218.577852632 	 -101.771983893 	 1 	 0 	 1 	 -1 
262.001		180 	 69.4029639879 	 146.598912189 	 1 	 1 	 1 	 1 
263.206		185.496 	 -468.372662573 	 101.593036697 	 0 	 1 	 1 	 -1 
266.789		190.893 	 128.832202369 	 141.49299818 	 1 	 0 	 1 	 -1 
272.656		196.102 	 -112.898757271 	 -27.9888307502 	 1 	 1 	 1 	 0 
280.659		201.052 	 150.412356465 	 16.4521111438 	 0 	 0 	 1 	 0 
290.619		205.693 	 -38.6613592406 	 124.42651922 	 1 	 0 	 1 	 1 
302.34		210 	 25.8185341819 	 -96.2376394148 	 0 	 1 	 1 	 -1 
290.619		214.307 	 -120.644572671 	 -87.1658123954 	 1 	 0 	 1 	 -1 
280.658		218.948 	 77.5116562696 	 63.2511580665 	 1 	 1 	 1 	 1 
272.656		223.898 	 21.6232123268 	 -47.0912503566 	 1 	 1 	 1 	 0 
266.79		229.107 	 -20.329928969 	 -141.763136465 	 1 	 0 	 1 	 -1 
263.206		234.504 	 73.1309836851 	 -76.7625570317 	 1 	 0 	 1 	 0 
262		240 	 -17.1495295054 	 134.638895605 	 1 	 0 	 1 	 -1 
263.206		245.496 	 6.87680995569 	 99.9372721443 	 0 	 1 	 1 	 1 
266.789		250.893 	 -0.278775718288 	 -122.889528841 	 1 	 0 	 1 	 0 
272.656		256.102 	 130.124333345 	 -45.6893482984 	 0 	 0 	 1 	 0 
280.659		261.052 	 43.5423162913 	 101.080200512 	 0 	 1 	 1 	 0 
290.62		265.693 	 -260.801367607 	 -15.5577646864 	 1 	 0 	 1 	 -1 
302.34		270 	 -54.4910135481 	 -174.508271627 	 1 	 1 	 1 	 -1 
290.62		274.307 	 -134.171424975 	 -61.5751898217 	 0 	 0 	 1 	 0 
280.659		278.948 	 154.573862909 	 24.3975020879 	 0 	 0 	 1 	 0 
272.656		283.898 	 29.3551392806 	 111.933988834 	 0 	 0 	 1 	 -1 
266.789		289.107 	 -287.78929119 	 -25.591820195 	 0 	 0 	 1 	 0 
263.206		294.504 	 -21.5234960599 	 -178.109546487 	 0 	 0 	 1 	 -1 
262		300 	 97.4377894468 	 -105.863811143 	 0 	 0 	 1 	 1 
263.206		305.496 	 -97.4516962063 	 64.1367140224 	 0 	 0 	 1 	 -1 
266.79		310.893 	 91.3725692311 	 112.796088278 	 1 	 1 	 1 	 -1 
272.656		316.102 	 -41.7152948327 	 -98.0605017757 	 1 	 1 	 1 	 1 
280.659		321.052 	 -194.061606634 	 147.33829387 	 0 	 1 	 1 	 1 
290.619		325.693 	 -86.289118754 	 -134.532903071 	 1 	 1 	 1 	 -1 
302.34		330 	 0.654145319649 	 160.568151263 	 0 	 0 	 1 	 1 
315.62		333.963 	 163.782710832 	 -3.98207079668 	 1 	 1 	 1 	 -1 
305.457		338.213 	 -318.946721659 	 113.272969202 	 0 	 1 	 1 	 1 
297.071		342.731 	 212.135546444 	 -69.042238379 	 1 	 1 	 1 	 0 
290.619		347.48 	 26.4595506665 	 -112.739918913 	 1 	 1 	 1 	 0 
286.236		352.411 	 -33.8791428166 	 -165.621193863 	 1 	 0 	 1 	 0 
284.018		357.457 	 -192.086988961 	 -163.88351006 	 0 	 0 	 1 	 -1 
284.018		2.54292 	 227.138883363 	 -13.897717556 	 0 	 0 	 1 	 0 
286.236		7.58909 	 -341.010810043 	 45.0105250583 	 0 	 0 	 1 	 0 
290.619		12.5198 	 85.5708838717 	 53.4853222956 	 1 	 1 	 1 	 1 
297.071		17.2695 	 -153.402590394 	 107.394743496 	 0 	 0 	 1 	 -1 
305.457		21.7868 	 42.7095943309 	 -131.792172305 	 1 	 1 	 1 	 0 
315.62		26.0368 	 127.81945641 	 162.165924019 	 0 	 0 	 1 	 1 
327.39		30 	 -174.119954676 	 -118.251438473 	 1 	 0 	 1 	 -1 
305.457		38.2132 	 34.9872570925 	 -166.447077704 	 0 	 0 	 1 	 -1 
297.071		42.7305 	 -20.0053425657 	 -95.6713627098 	 1 	 1 	 1 	 -1 
290.619		47.4802 	 -96.603394291 	 85.9271748095 	 0 	 0 	 1 	 -1 
286.236		52.4109 	 423.68419878 	 115.565160335 	 0 	 1 	 1 	 -1 
284.018		57.4571 	 32.8759170269 	 -166.18147511 	 0 	 0 	 1 	 0 
284.018		62.5429 	 111.788955341 	 -20.3028952523 	 0 	 1 	 1 	 1 
286.236		67.5891 	 145.844918463 	 95.4245580569 	 0 	 0 	 1 	 1 
290.619		72.5198 	 -196.73040599 	 -155.900569648 	 1 	 1 	 1 	 -1 
297.071		77.2695 	 -61.8591701725 	 78.133380318 	 1 	 1 	 1 	 -1 
305.457		81.7868 	 -200.742575996 	 20.5205459503 	 0 	 0 	 1 	 1 
315.62		86.0368 	 262.343987082 	 5.30138168199 	 1 	 0 	 1 	 -1 
327.39		90 	 95.0948534872 	 -111.287720489 	 1 	 1 	 1 	 -1 
315.62		93.9632 	 -119.69574439 	 -70.491819386 	 1 	 1 	 1 	 -1 
305.457		98.2132 	 -38.8459336681 	 -97.6486933251 	 1 	 0 	 1 	 -1 
297.071		102.731 	 67.6066511635 	 32.1691815247 	 1 	 1 	 1 	 1 
290.619		107.48 	 -80.2737350463 	 151.700511498 	 0 	 1 	 1 	 1 
286.236		112.411 	 77.4021496887 	 33.6459068162 	 1 	 1 	 1 	 -1 
284.018		117.457 	 -64.8098586302 	 38.6679527818 	 1 	 1 	 1 	 -1 
284.018		122.543 	 -126.663720769 	 -154.435054998 	 1 	 1 	 1 	 1 
286.236		127.589 	 30.0802845619 	 174.501802212 	 1 	 1 	 1 	 0 
290.62		132.52 	 175.308148147 	 11.533008305 	 0 	 0 	 1 	 -1 
297.071		137.269 	 -181.105844188 	 -101.708437305 	 1 	 1 	 1 	 1 
305.457		141.787 	 108.146331405 	 129.767625542 	 1 	 1 	 1 	 -1 
315.62		146.037 	 33.7002465749 	 54.0193840658 	 0 	 0 	 1 	 0 
327.39		150 	 -13.4015040652 	 -16.7079645901 	 0 	 1 	 1 	 1 
315.619		153.963 	 130.61497289 	 -64.6660999655 	 1 	 1 	 1 	 -1 
305.457		158.213 	 82.3410442466 	 74.9312634941 	 1 	 1 	 1 	 0 
297.071		162.731 	 115.843204851 	 31.6187860417 	 0 	 0 	 1 	 -1 
290.62		167.48 	 209.402631926 	 36.741485816 	 1 	 1 	 1 	 -1 
286.236		172.411 	 -159.075730489 	 -119.021127648 	 0 	 1 	 1 	 1 
284.019		177.457 	 -71.134858127 	 -113.738651056 	 1 	 0 	 1 	 1 
284.019		182.543 	 -458.486343417 	 109.451444963 	 0 	 0 	 1 	 1 
286.236		187.589 	 -46.6445816971 	 14.0925410539 	 1 	 0 	 1 	 0 
290.62		192.52 	 -67.9262303305 	 21.6799941433 	 1 	 1 	 1 	 0 
297.071		197.269 	 89.1924258363 	 -99.4738972509 	 1 	 0 	 1 	 0 
305.457		201.787 	 2.75832876989 	 -51.5347107031 	 1 	 0 	 1 	 -1 
315.62		206.037 	 -144.09633281 	 72.6312592404 	 1 	 0 	 1 	 0 
327.39		210 	 -34.9089921804 	 97.2220612525 	 1 	 1 	 1 	 -1 
315.62		213.963 	 -52.6045651886 	 -14.4636161892 	 0 	 0 	 1 	 0 
305.457		218.213 	 -95.5541272181 	 141.364168999 	 0 	 0 	 1 	 -1 
297.071		222.731 	 307.45670023 	 80.1266722343 	 1 	 1 	 1 	 -1 
290.619		227.48 	 134.354181493 	 14.8218822998 	 0 	 1 	 1 	 1 
286.236		232.411 	 -127.150854409 	 -158.428801298 	 0 	 0 	 1 	 0 
284.018		237.457 	 105.171102902 	 -121.338122794 	 1 	 1 	 1 	 -1 
284.019		242.543 	 -11.8129688044 	 -113.742643867 	 0 	 1 	 1 	 -1 
286.236		247.589 	 80.9621655218 	 -6.83313782896 	 0 	 0 	 1 	 -1 
290.62		252.52 	 371.777218384 	 -172.722347742 	 1 	 0 	 1 	 -1 
297.071		257.269 	 336.108953987 	 -161.683550377 	 1 	 1 	 1 	 -1 
305.457		261.787 	 217.317574682 	 152.211485453 	 1 	 1 	 1 	 -1 
315.62		266.037 	 41.1532544127 	 -176.305591046 	 0 	 0 	 1 	 0 
327.39		270 	 237.981041838 	 65.2308545189 	 1 	 1 	 1 	 -1 
315.62		273.963 	 126.358008404 	 60.9522587938 	 1 	 0 	 1 	 0 
305.457		278.213 	 -160.405525586 	 76.806526351 	 1 	 0 	 1 	 1 
297.071		282.731 	 -194.730846549 	 -175.996821921 	 0 	 1 	 1 	 -1 
290.62		287.48 	 17.1748800022 	 151.567796282 	 1 	 0 	 1 	 1 
286.236		292.411 	 -136.851736248 	 101.258704326 	 0 	 0 	 1 	 1 
284.019		297.457 	 -164.09667218 	 133.249701322 	 1 	 1 	 1 	 0 
284.018		302.543 	 319.859162338 	 -65.0327693771 	 1 	 1 	 1 	 1 
286.236		307.589 	 322.651350775 	 52.9834129456 	 0 	 1 	 1 	 1 
290.619		312.52 	 -110.90380682 	 85.0932483816 	 1 	 0 	 1 	 0 
297.071		317.269 	 -37.8975441385 	 -48.6516367738 	 0 	 1 	 1 	 1 
305.457		321.787 	 5.57550330871 	 99.2922858049 	 0 	 0 	 1 	 0 
327.39		330 	 -45.0117917629 	 166.055963705 	 0 	 0 	 1 	 -1 
340.597		333.67 	 -113.640713581 	 164.257039716 	 0 	 1 	 1 	 -1 
330.266		337.589 	 -42.09297656 	 78.2964440327 	 1 	 0 	 1 	 0 
321.56		341.742 	 -401.650126647 	 178.825790274 	 0 	 0 	 1 	 1 
314.619		346.102 	 -82.8322927071 	 -116.416736817 	 1 	 0 	 1 	 1 
309.563		350.633 	 121.847058188 	 -30.1586775762 	 1 	 1 	 1 	 -1 
306.489		355.285 	 -139.630811381 	 -107.500842088 	 1 	 1 	 1 	 1 
305.457		0 	 137.610649568 	 -75.9094202259 	 0 	 1 	 1 	 0 
306.489		4.715 	 -182.154115866 	 17.9153081201 	 0 	 1 	 1 	 0 
309.563		9.367 	 -245.465564359 	 91.8960150321 	 0 	 1 	 1 	 0 
314.619		13.8979 	 231.100613753 	 161.582216242 	 0 	 0 	 1 	 -1 
321.56		18.2585 	 -136.768580652 	 81.8632545101 	 1 	 0 	 1 	 -1 
330.266		22.4109 	 322.04500577 	 140.490315292 	 1 	 0 	 1 	 1 
340.597		26.3295 	 159.268653413 	 -146.853953201 	 1 	 0 	 1 	 0 
352.406		30 	 45.5469038531 	 -5.1103821343 	 1 	 0 	 1 	 1 
340.597		33.6705 	 158.050922061 	 -40.2331851776 	 0 	 1 	 1 	 0 
330.266		37.5891 	 -68.3594948921 	 -158.449814212 	 0 	 1 	 1 	 0 
321.56		41.7415 	 228.48781357 	 179.866983553 	 0 	 1 	 1 	 0 
314.619		46.1021 	 -219.411006759 	 162.012613784 	 1 	 1 	 1 	 0 
309.563		50.633 	 33.4144795128 	 -156.448760889 	 0 	 1 	 1 	 -1 
306.489		55.285 	 189.035343148 	 141.830857187 	 0 	 1 	 1 	 -1 
305.457		60 	 -172.143644403 	 169.797060895 	 1 	 0 	 1 	 -1 
306.489		64.715 	 204.90501557 	 122.687545739 	 1 	 1 	 1 	 -1 
309.563		69.367 	 -80.6701014246 	 -121.993730327 	 0 	 1 	 1 	 -1 
314.619		73.8979 	 103.903793568 	 48.6969469166 	 1 	 1 	 1 	 0 
321.56		78.2585 	 255.385538854 	 119.788005955 	 0 	 0 	 1 	 1 
330.266		82.4109 	 -254.795133025 	 75.7630942941 	 0 	 1 	 1 	 0 
340.597		86.3295 	 180.254100135 	 144.842782222 	 1 	 1 	 1 	 1 
352.406		90 	 135.932075767 	 -79.8809752777 	 1 	 1 	 1 	 0 
340.597		93.6705 	 218.095263169 	 -55.9719299256 	 1 	 0 	 1 	 -1 
330.266		97.5891 	 219.907790838 	 165.88520782 	 0 	 1 	 1 	 -1 
321.56		101.742 	 123.888544309 	 132.802437809 	 1 	 0 	 1 	 -1 
314.619		106.102 	 116.701956884 	 16.3830987082 	 1 	 0 	 1 	 0 
309.563		110.633 	 -146.861348393 	 -40.6528613221 	 0 	 1 	 1 	 1 
306.489		115.285 	 317.899828244 	 -146.502121826 	 1 	 0 	 1 	 1 
305.457		120 	 -310.538126695 	 7.88559713792 	 0 	 0 	 1 	 0 
306.489		124.715 	 51.6104244247 	 66.9272852599 	 1 	 1 	 1 	 0 
309.563		129.367 	 -256.201654105 	 -88.2196501027 	 0 	 1 	 1 	 0 
314.619		133.898 	 45.0505768293 	 16.8900323045 	 0 	 1 	 1 	 -1 
321.56		138.258 	 178.178120373 	 -21.8292731178 	 1 	 0 	 1 	 1 
330.266		142.411 	 -33.3016082033 	 76.3312226462 	 1 	 1 	 1 	 1 
340.597		146.329 	 -58.8105662103 	 119.062478602 	 1 	 1 	 1 	 -1 
352.406		150 	 -71.4645988068 	 -55.3197728946 	 1 	 0 	 1 	 -1 
340.597		153.671 	 291.598153394 	 146.832236356 	 1 	 1 	 1 	 -1 
330.266		157.589 	 -69.6371648492 	 160.786479639 	 1 	 1 	 1 	 -1 
321.561		161.742 	 -9.91562955049 	 7.88844622168 	 1 	 1 	 1 	 1 
314.618		166.102 	 -13.8134995056 	 162.722132457 	 0 	 1 	 1 	 1 
309.563		170.633 	 -141.395265672 	 32.1211219265 	 1 	 0 	 1 	 0 
306.488		175.285 	 -43.9280354422 	 -125.184356416 	 1 	 1 	 1 	 0 
305.457		180 	 -209.157117911 	 -143.509718376 	 0 	 0 	 1 	 0 
306.488		184.715 	 -19.1431095804 	 -169.731150856 	 1 	 1 	 1 	 0 
309.563		189.367 	 96.7356383544 	 -174.47661389 	 0 	 1 	 1 	 0 
314.618		193.898 	 -203.782165536 	 -112.741535072 	 1 	 1 	 1 	 1 
321.561		198.258 	 168.303748183 	 66.6392738499 	 1 	 0 	 1 	 -1 
330.266		202.411 	 -48.719719699 	 -86.5677369834 	 1 	 0 	 1 	 0 
340.597		206.329 	 -247.223347973 	 -96.9369357324 	 1 	 1 	 1 	 -1 
352.406		210 	 -121.38312693 	 -1.76326828007 	 1 	 1 	 1 	 -1 
330.266		217.589 	 -172.476869321 	 -72.0508751921 	 1 	 0 	 1 	 1 
321.56		221.742 	 218.569334774 	 -30.355746314 	 1 	 0 	 1 	 0 
314.619		226.102 	 -22.1201028512 	 7.86479557507 	 1 	 1 	 1 	 1 
309.563		230.633 	 -15.3372252474 	 169.725632432 	 0 	 0 	 1 	 0 
306.489		235.285 	 50.3763611746 	 -85.1725998868 	 0 	 0 	 1 	 -1 
305.456		240 	 -16.1169748592 	 -95.6400590665 	 0 	 1 	 1 	 1 
306.488		244.715 	 176.954141698 	 -130.374572629 	 1 	 1 	 1 	 1 
309.563		249.367 	 -236.505083738 	 -42.1672851429 	 0 	 0 	 1 	 1 
314.619		253.898 	 125.06820317 	 26.1095598173 	 1 	 1 	 1 	 1 
321.56		258.258 	 22.3495387441 	 -2.09336703838 	 1 	 1 	 1 	 -1 
330.266		262.411 	 -148.582291484 	 -18.0944969119 	 1 	 0 	 1 	 -1 
340.597		266.33 	 118.472342006 	 -24.4467720821 	 1 	 1 	 1 	 0 
340.597		273.671 	 -142.723839518 	 41.5155220483 	 1 	 1 	 1 	 -1 
330.266		277.589 	 150.213122007 	 23.4927603046 	 0 	 0 	 1 	 -1 
321.56		281.742 	 255.934651881 	 139.228776172 	 1 	 1 	 1 	 0 
314.619		286.102 	 -3.23875811386 	 -68.7974993258 	 1 	 1 	 1 	 -1 
309.563		290.633 	 25.6535052394 	 -23.9036866336 	 1 	 0 	 1 	 0 
306.488		295.285 	 -25.23392769 	 -58.9829189381 	 0 	 0 	 1 	 1 
305.457		300 	 -32.1918719149 	 115.917563907 	 0 	 0 	 1 	 -1 
306.489		304.715 	 -13.8495447487 	 -110.722393774 	 0 	 1 	 1 	 1 
309.563		309.367 	 2.40019177175 	 56.6026970246 	 1 	 0 	 1 	 -1 
314.619		313.898 	 -518.678358022 	 -65.258693998 	 0 	 1 	 1 	 -1 
321.56		318.258 	 69.3777254229 	 -164.174951571 	 0 	 1 	 1 	 -1 
330.266		322.411 	 -359.003371086 	 -88.9213412707 	 1 	 0 	 1 	 0 
340.597		326.33 	 -71.0727632035 	 179.823080422 	 0 	 0 	 1 	 -1 
352.406		330 	 -330.483592815 	 -16.0730111434 	 0 	 1 	 1 	 1 
365.546		333.418 	 -255.109542871 	 -149.425825674 	 0 	 0 	 1 	 0 
355.074		337.053 	 -54.516287535 	 -86.1518830845 	 0 	 1 	 1 	 0 
346.099		340.893 	 -286.614736916 	 -94.5033584751 	 0 	 1 	 1 	 -1 
338.742		344.921 	 38.5126582606 	 134.159190449 	 0 	 0 	 1 	 -1 
333.116		349.107 	 -26.1291652853 	 -173.108577437 	 0 	 0 	 1 	 1 
329.31		353.413 	 -163.351798403 	 105.638206218 	 1 	 0 	 1 	 1 
327.39		357.796 	 -136.850255575 	 174.961644112 	 0 	 0 	 1 	 1 
327.39		2.20423 	 34.9707968866 	 -90.0704250118 	 0 	 1 	 1 	 0 
329.31		6.58678 	 59.3216747215 	 -71.9495264611 	 0 	 0 	 1 	 0 
333.116		10.8934 	 -116.027065774 	 -92.8052759234 	 0 	 1 	 1 	 1 
338.742		15.0791 	 -59.3076477902 	 1.36190067605 	 1 	 0 	 1 	 -1 
346.099		19.1066 	 138.211728567 	 17.914860199 	 0 	 1 	 1 	 -1 
355.074		22.9473 	 -68.5103428608 	 8.16807437479 	 1 	 0 	 1 	 1 
365.546		26.582 	 -112.255312949 	 36.0785606933 	 1 	 1 	 1 	 1 
377.385		30 	 179.745388574 	 62.6003485938 	 0 	 1 	 1 	 1 
365.546		33.418 	 -65.8866478322 	 -30.5731307169 	 0 	 1 	 1 	 0 
355.074		37.0527 	 -277.555663725 	 -166.630753531 	 0 	 0 	 1 	 1 
346.099		40.8934 	 -230.022184002 	 173.360842616 	 1 	 1 	 1 	 -1 
338.743		44.9209 	 172.809777103 	 -159.665922895 	 1 	 1 	 1 	 0 
333.116		49.1066 	 -155.763424217 	 127.809497099 	 1 	 0 	 1 	 1 
329.31		53.4132 	 -16.3985718924 	 -171.369744753 	 1 	 0 	 1 	 -1 
327.39		57.7958 	 -97.227417795 	 82.5535671725 	 1 	 1 	 1 	 1 
327.39		62.2042 	 -277.89221982 	 122.453071527 	 0 	 0 	 1 	 0 
329.31		66.5868 	 262.907520368 	 10.6641893962 	 1 	 0 	 1 	 -1 
333.116		70.8934 	 -7.79545017565 	 69.5675854735 	 1 	 1 	 1 	 1 
338.742		75.0791 	 -95.9270873492 	 105.95914044 	 0 	 1 	 1 	 1 
346.099		79.1066 	 -95.2970682238 	 4.74401917312 	 0 	 1 	 1 	 0 
355.074		82.9473 	 -191.080848138 	 -12.488972482 	 0 	 0 	 1 	 1 
