25.2587		30 	 249.522637011 	 -142.788855201 	 1 	 0 	 1 	 0 
25.2587		90 	 129.935800492 	 -174.283038107 	 1 	 1 	 1 	 1 
25.2587		150 	 0.123843671703 	 127.790529711 	 0 	 1 	 1 	 -1 
25.2587		210 	 -88.0395088779 	 167.043947362 	 0 	 1 	 1 	 0 
25.2587		270 	 -333.444122286 	 -54.1141516326 	 0 	 0 	 1 	 0 
43.7478		0 	 65.4813944343 	 155.492950826 	 0 	 0 	 1 	 1 
50.5147		30 	 -80.3042688113 	 -113.857296495 	 1 	 0 	 1 	 1 
43.7478		60 	 187.19920222 	 145.769295075 	 0 	 1 	 1 	 0 
50.5147		90 	 -51.4757703344 	 140.947356385 	 1 	 1 	 1 	 1 
43.7478		120 	 -124.621491289 	 161.121973922 	 0 	 1 	 1 	 1 
50.5147		150 	 83.1158600587 	 130.53424546 	 1 	 1 	 1 	 1 
43.7478		180 	 5.50306816568 	 -126.858464061 	 1 	 0 	 1 	 -1 
50.5147		210 	 -31.8629530705 	 19.2529092839 	 1 	 1 	 1 	 1 
43.7478		240 	 -191.955581125 	 -137.859214351 	 1 	 0 	 1 	 -1 
43.7478		300 	 143.465134753 	 -77.0862646289 	 1 	 0 	 1 	 -1 
50.5148		330 	 2.63942652242 	 155.425661301 	 1 	 0 	 1 	 1 
66.8212		349.107 	 31.2636791865 	 137.468870252 	 0 	 1 	 1 	 -1 
66.8212		10.8934 	 208.227125891 	 -20.3770921991 	 0 	 1 	 1 	 1 
75.7654		30 	 -222.911309718 	 35.820074837 	 0 	 0 	 1 	 1 
66.8212		49.1066 	 -171.496723165 	 158.565479765 	 1 	 1 	 1 	 0 
66.8212		70.8934 	 -49.0171233553 	 117.254605591 	 1 	 1 	 1 	 1 
75.7654		90 	 -95.6138680324 	 -41.315004035 	 1 	 1 	 1 	 1 
66.8212		109.107 	 183.977072312 	 166.868028566 	 1 	 0 	 1 	 0 
66.8212		130.893 	 -162.37901246 	 -105.012357058 	 1 	 0 	 1 	 0 
75.7654		150 	 -104.404017931 	 -154.704569074 	 1 	 0 	 1 	 1 
66.8212		169.107 	 -213.525499908 	 11.1985023028 	 0 	 1 	 1 	 0 
66.8212		190.893 	 126.522256667 	 -110.356087717 	 0 	 1 	 1 	 1 
66.8212		229.107 	 -79.1179016837 	 37.5626628846 	 0 	 0 	 1 	 -1 
66.8212		250.893 	 247.35296276 	 37.4227853754 	 1 	 1 	 1 	 0 
75.7654		270 	 -91.1711391415 	 73.4631639495 	 0 	 1 	 1 	 0 
66.8212		289.107 	 -418.91764387 	 -5.19926123704 	 1 	 1 	 1 	 0 
66.8212		310.893 	 85.5212134498 	 -127.150462247 	 0 	 1 	 1 	 0 
75.7654		330 	 228.765400021 	 -68.652166457 	 0 	 0 	 1 	 1 
91.0523		343.898 	 -12.5114536697 	 179.119995624 	 0 	 1 	 1 	 1 
87.4818		0 	 155.254083885 	 149.471619395 	 0 	 0 	 1 	 -1 
91.0523		16.1021 	 -89.3536653801 	 156.405132266 	 0 	 0 	 1 	 0 
101.008		30 	 155.648990998 	 149.689742698 	 1 	 1 	 1 	 0 
91.0523		43.8979 	 -81.8272382132 	 -87.7489348268 	 0 	 1 	 1 	 0 
87.4818		60 	 68.3437773304 	 -7.17034783729 	 1 	 1 	 1 	 1 
91.0523		76.1021 	 22.6348151698 	 -42.692867386 	 0 	 1 	 1 	 1 
91.0523		103.898 	 80.2678293963 	 88.8420114137 	 1 	 0 	 1 	 -1 
87.4818		120 	 -76.3185308878 	 60.8305483494 	 1 	 0 	 1 	 0 
91.0523		136.102 	 189.893607604 	 -121.611822523 	 0 	 0 	 1 	 1 
91.0523		163.898 	 -164.90042169 	 -166.383023542 	 0 	 1 	 1 	 -1 
87.4818		180 	 -184.151813357 	 -59.5368066908 	 0 	 0 	 1 	 1 
91.0523		196.102 	 29.2132094132 	 70.2425245299 	 0 	 0 	 1 	 -1 
101.008		210 	 274.502051988 	 -89.0468492854 	 1 	 1 	 1 	 0 
91.0523		223.898 	 240.289262624 	 9.44652273507 	 0 	 1 	 1 	 -1 
87.4818		240 	 -85.4294265852 	 -119.113759274 	 0 	 0 	 1 	 1 
91.0523		256.102 	 -129.785148342 	 26.6963738616 	 1 	 1 	 1 	 -1 
101.008		270 	 188.229210665 	 160.747495298 	 1 	 1 	 1 	 -1 
91.0523		283.898 	 50.013904387 	 63.455317759 	 1 	 0 	 1 	 1 
87.4817		300 	 418.781796236 	 -96.8489593948 	 0 	 1 	 1 	 -1 
91.0523		316.102 	 -227.063627182 	 -97.7872083435 	 1 	 0 	 1 	 -1 
101.008		330 	 17.733413267 	 -157.917211495 	 0 	 1 	 1 	 0 
115.709		340.893 	 -115.689204455 	 -118.727432879 	 0 	 0 	 1 	 0 
110.065		353.413 	 -100.045712954 	 147.388487065 	 0 	 1 	 1 	 1 
110.065		6.58677 	 -10.7999359449 	 67.1649503485 	 1 	 0 	 1 	 0 
115.709		19.1066 	 -84.4854447174 	 -63.7519463556 	 0 	 0 	 1 	 0 
126.24		30 	 122.465630688 	 -75.8384247254 	 0 	 1 	 1 	 1 
115.709		40.8934 	 107.83338707 	 -66.2644560729 	 0 	 1 	 1 	 -1 
110.065		53.4132 	 -24.7760762039 	 25.6394641682 	 1 	 0 	 1 	 -1 
110.065		66.5868 	 64.9994151491 	 23.5464460158 	 1 	 0 	 1 	 1 
115.709		79.1066 	 117.617645619 	 -168.672433989 	 0 	 0 	 1 	 0 
126.24		90 	 123.25846603 	 146.130444413 	 0 	 0 	 1 	 1 
115.709		100.893 	 45.0525782378 	 35.8204573709 	 1 	 1 	 1 	 -1 
110.065		113.413 	 -182.14446188 	 -38.5135644534 	 0 	 0 	 1 	 0 
110.065		126.587 	 -336.600721115 	 -120.252770752 	 0 	 0 	 1 	 0 
115.709		139.107 	 125.697975039 	 -157.725320027 	 1 	 1 	 1 	 0 
126.24		150 	 199.500907162 	 145.088151101 	 0 	 0 	 1 	 -1 
115.709		160.893 	 -319.802698961 	 -58.7366620326 	 1 	 0 	 1 	 -1 
110.066		173.413 	 -14.0992518342 	 -99.4327339122 	 1 	 0 	 1 	 1 
110.066		186.587 	 -156.079009798 	 163.268166398 	 1 	 1 	 1 	 0 
115.709		199.107 	 -81.1099310545 	 108.790031544 	 0 	 1 	 1 	 1 
126.24		210 	 63.1842987626 	 -64.1377683691 	 1 	 1 	 1 	 0 
115.709		220.893 	 113.59947694 	 -141.709893535 	 0 	 1 	 1 	 1 
110.065		233.413 	 -331.017323395 	 -3.2873031248 	 1 	 0 	 1 	 -1 
110.065		246.587 	 175.04444422 	 121.235121631 	 1 	 1 	 1 	 -1 
115.709		259.107 	 50.284231694 	 -61.7275561699 	 0 	 0 	 1 	 0 
126.24		270 	 20.7073705128 	 42.1251973062 	 0 	 0 	 1 	 0 
115.709		280.893 	 -61.4884983179 	 51.0851238493 	 1 	 1 	 1 	 0 
110.065		293.413 	 31.1267899565 	 131.948890996 	 0 	 1 	 1 	 -1 
110.065		306.587 	 44.1214554324 	 -156.250001324 	 0 	 1 	 1 	 1 
115.709		319.107 	 -163.089688067 	 128.980616708 	 0 	 1 	 1 	 -1 
126.24		330 	 -56.5104329288 	 -147.073564083 	 0 	 0 	 1 	 -1 
140.56		338.948 	 -18.8477680401 	 -39.9593570259 	 0 	 0 	 1 	 0 
133.593		349.107 	 126.376520717 	 -2.64438443129 	 0 	 1 	 1 	 0 
131.188		0 	 226.66174133 	 -68.859080556 	 1 	 0 	 1 	 1 
133.593		10.8934 	 -12.8522087761 	 -142.57574869 	 0 	 0 	 1 	 0 
140.56		21.0517 	 -21.249885305 	 -38.5575985706 	 1 	 0 	 1 	 -1 
151.459		30 	 41.8701821567 	 -92.9428357017 	 0 	 0 	 1 	 0 
140.56		38.9483 	 149.925859935 	 167.581232718 	 0 	 0 	 1 	 1 
133.593		49.1066 	 101.835800444 	 -146.194610615 	 1 	 1 	 1 	 1 
131.188		60 	 353.097324702 	 -92.1805502448 	 0 	 1 	 1 	 1 
133.593		70.8934 	 -61.6413567904 	 163.389147208 	 0 	 0 	 1 	 1 
140.56		81.0517 	 -222.656823978 	 -141.192360122 	 1 	 0 	 1 	 1 
151.459		90 	 -47.7861610928 	 14.8392912911 	 1 	 0 	 1 	 -1 
140.56		98.9483 	 -142.754993376 	 -45.1641146881 	 1 	 0 	 1 	 0 
133.593		109.107 	 -100.46691853 	 -66.3452868217 	 1 	 1 	 1 	 0 
131.188		120 	 -26.3952629179 	 81.0348423128 	 0 	 0 	 1 	 1 
133.593		130.893 	 200.486051911 	 58.902964614 	 0 	 1 	 1 	 0 
140.56		141.052 	 -224.343810439 	 10.5677303159 	 1 	 1 	 1 	 0 
151.459		150 	 86.6463067107 	 -38.4016505444 	 0 	 1 	 1 	 -1 
140.56		158.948 	 -28.1390260633 	 -167.060840286 	 0 	 0 	 1 	 0 
133.593		169.107 	 132.681160443 	 -104.289840965 	 1 	 1 	 1 	 -1 
131.188		180 	 178.950756668 	 -135.478329908 	 1 	 0 	 1 	 0 
133.593		190.893 	 -137.369472224 	 50.0275065052 	 0 	 0 	 1 	 1 
140.56		201.052 	 168.9058351 	 26.2833107169 	 0 	 1 	 1 	 1 
151.459		210 	 38.4377406763 	 50.7899487783 	 0 	 0 	 1 	 0 
140.56		218.948 	 311.281179003 	 110.483523965 	 0 	 0 	 1 	 0 
133.593		229.107 	 209.893279744 	 -154.781274588 	 1 	 0 	 1 	 0 
131.188		240 	 -53.5210730009 	 12.7510271051 	 1 	 0 	 1 	 1 
133.592		250.893 	 -167.009090418 	 -172.131830851 	 0 	 0 	 1 	 1 
140.56		261.052 	 -144.060275533 	 -167.063375155 	 1 	 0 	 1 	 1 
151.459		270 	 73.1057568909 	 -117.684619716 	 1 	 0 	 1 	 -1 
140.56		278.948 	 -18.7939512123 	 -94.212632814 	 1 	 1 	 1 	 0 
133.592		289.107 	 -55.2930706366 	 173.744633618 	 1 	 1 	 1 	 0 
131.188		300 	 -183.524307211 	 -0.619142128105 	 0 	 0 	 1 	 -1 
133.593		310.893 	 -37.2696739477 	 118.436824238 	 1 	 1 	 1 	 -1 
140.56		321.052 	 28.2791283973 	 91.0249580716 	 0 	 0 	 1 	 0 
151.459		330 	 14.842227289 	 -134.345480259 	 0 	 0 	 1 	 -1 
165.51		337.589 	 -369.700448018 	 100.085683611 	 0 	 1 	 1 	 1 
157.635		346.102 	 135.727710733 	 -101.416287971 	 1 	 1 	 1 	 1 
153.545		355.285 	 165.613270125 	 -99.0978629953 	 1 	 0 	 1 	 1 
153.545		4.715 	 30.3732847731 	 3.16702695197 	 1 	 1 	 1 	 0 
157.635		13.8979 	 11.4394754801 	 178.275023266 	 0 	 1 	 1 	 1 
165.51		22.4109 	 204.261376294 	 -86.2112531874 	 0 	 0 	 1 	 -1 
176.661		30 	 106.052527669 	 -110.662344416 	 0 	 0 	 1 	 -1 
165.51		37.5891 	 135.636291822 	 138.481943531 	 0 	 0 	 1 	 -1 
157.635		46.1021 	 -128.260342236 	 164.430449364 	 0 	 0 	 1 	 1 
153.545		55.285 	 -53.4550129007 	 -137.571813161 	 1 	 1 	 1 	 1 
153.545		64.715 	 275.879438119 	 58.8632600804 	 1 	 1 	 1 	 1 
157.635		73.8979 	 -33.8272734606 	 13.500204785 	 0 	 1 	 1 	 1 
165.51		82.4109 	 136.958729434 	 115.709437225 	 0 	 1 	 1 	 0 
176.661		90 	 113.269004003 	 177.788891452 	 1 	 0 	 1 	 -1 
165.51		97.5891 	 198.301203282 	 151.236858879 	 1 	 1 	 1 	 -1 
157.635		106.102 	 -156.245577391 	 111.159909929 	 0 	 1 	 1 	 1 
153.545		115.285 	 -21.2776813967 	 143.08262977 	 1 	 0 	 1 	 1 
153.545		124.715 	 -337.021842905 	 39.3894928533 	 0 	 0 	 1 	 0 
157.635		133.898 	 96.4859943476 	 92.1788105749 	 1 	 1 	 1 	 -1 
165.51		142.411 	 328.6586835 	 13.7592740403 	 0 	 0 	 1 	 1 
176.661		150 	 207.448171893 	 -166.334983268 	 1 	 0 	 1 	 0 
165.509		157.589 	 -125.059839413 	 -73.6122083472 	 0 	 0 	 1 	 0 
157.635		166.102 	 -100.615016723 	 -146.368439502 	 0 	 0 	 1 	 1 
153.546		175.285 	 -164.356453461 	 157.5661114 	 1 	 0 	 1 	 0 
153.546		184.715 	 -4.7868752791 	 167.696192955 	 0 	 0 	 1 	 0 
157.635		193.898 	 175.485653046 	 -92.0574243333 	 0 	 0 	 1 	 1 
165.509		202.411 	 -113.110358575 	 71.3971197634 	 0 	 1 	 1 	 -1 
165.51		217.589 	 -19.7475528961 	 -27.1552494791 	 0 	 1 	 1 	 0 
157.635		226.102 	 -118.642234612 	 128.041318686 	 1 	 0 	 1 	 -1 
153.545		235.285 	 86.4028311834 	 1.67331321884 	 1 	 1 	 1 	 1 
153.545		244.715 	 -249.81454334 	 5.65564287197 	 1 	 0 	 1 	 0 
157.635		253.898 	 -94.3798151055 	 45.2952056215 	 1 	 1 	 1 	 1 
165.51		262.411 	 -288.499533684 	 -164.34488218 	 1 	 1 	 1 	 -1 
176.661		270 	 -9.30421069091 	 -95.0355958081 	 1 	 1 	 1 	 -1 
165.51		277.589 	 339.459074377 	 1.66978391974 	 1 	 0 	 1 	 -1 
157.635		286.102 	 -9.12817072951 	 -100.930425957 	 1 	 1 	 1 	 0 
153.545		295.285 	 -391.322060286 	 34.7751248393 	 1 	 0 	 1 	 0 
153.545		304.715 	 -128.417336993 	 156.001190717 	 1 	 1 	 1 	 0 
157.635		313.898 	 -8.37894671449 	 169.371909739 	 1 	 1 	 1 	 0 
165.51		322.411 	 225.441118271 	 -74.9963391941 	 0 	 1 	 1 	 0 
176.661		330 	 -67.0469481192 	 152.773930869 	 1 	 0 	 1 	 1 
190.511		336.587 	 52.0687973607 	 40.3109943261 	 1 	 1 	 1 	 1 
181.979		343.898 	 34.391613273 	 63.1036527424 	 0 	 0 	 1 	 1 
176.661		351.787 	 118.923631703 	 -11.2318986295 	 0 	 1 	 1 	 -1 
174.852		0 	 -107.163519356 	 -7.35235572693 	 1 	 1 	 1 	 0 
176.661		8.21321 	 319.401910353 	 -172.861739236 	 0 	 1 	 1 	 -1 
181.979		16.1021 	 -139.746924833 	 132.763073164 	 0 	 1 	 1 	 -1 
190.511		23.4132 	 44.5804763512 	 -40.645868125 	 1 	 1 	 1 	 1 
201.845		30 	 361.429048006 	 -164.867597192 	 0 	 1 	 1 	 1 
181.979		43.8979 	 -77.9750025177 	 -164.598025259 	 0 	 0 	 1 	 1 
176.661		51.7868 	 4.58962713709 	 165.634847486 	 0 	 1 	 1 	 0 
174.852		60 	 72.6895392614 	 37.5008941294 	 0 	 0 	 1 	 -1 
176.661		68.2132 	 96.7748720021 	 22.2335860515 	 0 	 0 	 1 	 0 
181.979		76.1021 	 -218.740624333 	 103.1397639 	 0 	 1 	 1 	 -1 
190.511		83.4132 	 174.842593763 	 -158.600812412 	 0 	 1 	 1 	 1 
201.845		90 	 196.540491065 	 -168.659990425 	 1 	 0 	 1 	 1 
190.511		96.5868 	 16.1413695906 	 139.483379723 	 0 	 1 	 1 	 1 
181.979		103.898 	 -139.86954349 	 75.1035360774 	 0 	 0 	 1 	 -1 
176.661		111.787 	 -203.827183997 	 -106.958667254 	 0 	 1 	 1 	 0 
174.852		120 	 163.994874101 	 -146.574846583 	 0 	 0 	 1 	 -1 
176.661		128.213 	 41.028246367 	 133.212496623 	 0 	 1 	 1 	 -1 
181.979		136.102 	 230.962320064 	 -136.774975312 	 1 	 1 	 1 	 -1 
190.51		143.413 	 54.2200584957 	 143.3522332 	 0 	 0 	 1 	 0 
201.845		150 	 -244.168083763 	 -24.3599781269 	 1 	 1 	 1 	 1 
190.511		156.587 	 42.2149789326 	 -76.8737281039 	 0 	 0 	 1 	 1 
181.979		163.898 	 12.3862713082 	 101.580257373 	 0 	 1 	 1 	 1 
176.661		171.787 	 152.253090317 	 -93.1864458051 	 0 	 1 	 1 	 -1 
174.852		180 	 -147.652172494 	 175.955246589 	 1 	 1 	 1 	 0 
176.661		188.213 	 271.551037098 	 -101.477764524 	 1 	 0 	 1 	 -1 
181.979		196.102 	 -114.781781983 	 52.4817040597 	 1 	 0 	 1 	 0 
190.511		203.413 	 26.4181189449 	 93.0445437632 	 1 	 1 	 1 	 0 
201.845		210 	 266.007670074 	 158.924617401 	 1 	 1 	 1 	 -1 
190.51		216.587 	 -67.8714544524 	 -119.421890919 	 1 	 1 	 1 	 1 
181.979		223.898 	 -378.973944866 	 111.710138747 	 0 	 0 	 1 	 1 
176.661		231.787 	 330.259023602 	 56.6745108131 	 1 	 1 	 1 	 -1 
174.853		240 	 -26.5926165215 	 44.1298340621 	 1 	 1 	 1 	 0 
176.662		248.213 	 301.057693567 	 -117.559628305 	 1 	 1 	 1 	 1 
181.979		256.102 	 29.7535207731 	 160.228740986 	 1 	 0 	 1 	 1 
190.511		263.413 	 -10.8543070396 	 76.8307431431 	 0 	 0 	 1 	 1 
190.511		276.587 	 -354.474421711 	 -50.228849628 	 0 	 0 	 1 	 -1 
181.979		283.898 	 -121.731372853 	 117.088106873 	 0 	 0 	 1 	 -1 
176.662		291.787 	 -8.41962440411 	 -170.510974687 	 0 	 0 	 1 	 -1 
174.853		300 	 -51.3070112761 	 -154.532952915 	 0 	 0 	 1 	 -1 
176.661		308.213 	 169.465679257 	 -44.2679806271 	 0 	 0 	 1 	 -1 
181.979		316.102 	 -139.157342872 	 178.509525629 	 1 	 1 	 1 	 1 
190.511		323.413 	 -48.8622400066 	 -147.144526517 	 0 	 1 	 1 	 1 
201.845		330 	 -178.972773546 	 -178.705101937 	 1 	 1 	 1 	 1 
215.536		335.818 	 74.2711142019 	 -56.6678853294 	 1 	 0 	 1 	 -1 
206.511		342.216 	 205.478902695 	 22.4214252926 	 1 	 1 	 1 	 0 
200.265		349.107 	 349.822139102 	 52.0076816265 	 1 	 1 	 1 	 -1 
197.068		356.329 	 266.665670521 	 150.45910642 	 0 	 1 	 1 	 0 
197.068		3.6705 	 -2.52166991302 	 -98.0040577967 	 0 	 1 	 1 	 1 
200.265		10.8934 	 -48.0060832323 	 -66.2496684453 	 1 	 0 	 1 	 0 
206.511		17.7836 	 76.0376103511 	 -161.999012664 	 1 	 1 	 1 	 1 
215.536		24.1825 	 -36.4558763386 	 164.314103506 	 1 	 1 	 1 	 -1 
227.007		30 	 -131.520268041 	 47.3061908997 	 0 	 1 	 1 	 0 
215.536		35.8175 	 42.2735312449 	 126.986630413 	 0 	 1 	 1 	 0 
206.511		42.2164 	 60.5653622718 	 -4.73109900349 	 0 	 0 	 1 	 0 
200.265		49.1066 	 88.1234180312 	 -24.8803762977 	 0 	 1 	 1 	 0 
197.068		56.3295 	 358.185766169 	 -33.9787034367 	 1 	 1 	 1 	 -1 
197.068		63.6705 	 -291.282904373 	 131.483912124 	 1 	 1 	 1 	 -1 
200.265		70.8934 	 -175.607987965 	 -36.4110292452 	 0 	 1 	 1 	 -1 
206.511		77.7836 	 287.554606079 	 -71.6675102862 	 1 	 1 	 1 	 -1 
215.536		84.1825 	 -278.702304901 	 117.521877515 	 0 	 0 	 1 	 1 
227.007		90 	 112.769826739 	 -72.9357578309 	 1 	 1 	 1 	 0 
215.536		95.8175 	 -286.633872194 	 51.882104362 	 0 	 0 	 1 	 0 
206.511		102.216 	 -144.293557922 	 -136.512199185 	 1 	 1 	 1 	 1 
200.265		109.107 	 221.249326546 	 -15.059080532 	 0 	 1 	 1 	 0 
197.068		116.33 	 111.47624925 	 -53.7435410736 	 0 	 1 	 1 	 -1 
197.068		123.671 	 432.452455725 	 -54.160700351 	 1 	 0 	 1 	 -1 
200.265		130.893 	 1.79191589728 	 -33.0273751611 	 1 	 1 	 1 	 -1 
206.51		137.784 	 99.4370671324 	 172.744211565 	 1 	 1 	 1 	 0 
215.536		144.182 	 -210.763803636 	 -6.60209907904 	 1 	 0 	 1 	 0 
227.007		150 	 -148.937515069 	 -167.282231325 	 0 	 1 	 1 	 1 
215.536		155.818 	 261.933370586 	 106.907624952 	 1 	 1 	 1 	 0 
206.511		162.216 	 314.103375498 	 -45.4985697352 	 1 	 1 	 1 	 0 
200.266		169.107 	 -27.8652307565 	 134.039536749 	 0 	 0 	 1 	 0 
197.068		176.33 	 149.239374302 	 -37.4446822061 	 1 	 1 	 1 	 1 
197.068		183.671 	 64.4030113279 	 -40.1894807616 	 0 	 1 	 1 	 1 
200.266		190.893 	 111.787685878 	 -132.480949637 	 1 	 1 	 1 	 0 
206.511		197.784 	 71.2782185748 	 16.568376654 	 1 	 1 	 1 	 -1 
215.536		204.182 	 8.81886336742 	 49.4310814562 	 0 	 1 	 1 	 -1 
227.007		210 	 336.444351366 	 89.1457649064 	 1 	 0 	 1 	 0 
215.536		215.818 	 -73.0320504886 	 -129.294732399 	 0 	 0 	 1 	 -1 
206.51		222.216 	 111.675144015 	 113.635632867 	 0 	 0 	 1 	 -1 
200.265		229.107 	 -272.284844528 	 9.07584048016 	 1 	 0 	 1 	 0 
197.068		236.329 	 318.833844714 	 -142.027350618 	 1 	 1 	 1 	 -1 
197.068		243.671 	 -50.343957997 	 -174.85557542 	 1 	 0 	 1 	 0 
200.265		250.893 	 -65.0571591319 	 8.91090759603 	 1 	 0 	 1 	 -1 
206.51		257.784 	 145.561008424 	 -53.6733384547 	 1 	 1 	 1 	 1 
215.536		264.182 	 72.783417001 	 -67.977070414 	 0 	 0 	 1 	 1 
227.007		270 	 298.050188283 	 -104.002307328 	 0 	 0 	 1 	 0 
215.536		275.818 	 85.2516927001 	 88.9351503613 	 0 	 0 	 1 	 1 
206.51		282.216 	 -171.434095778 	 66.6403283246 	 1 	 1 	 1 	 -1 
200.265		289.107 	 46.4789148052 	 161.659125926 	 0 	 1 	 1 	 0 
197.068		296.329 	 -33.439308202 	 9.2945706454 	 1 	 1 	 1 	 -1 
197.068		303.67 	 98.1005938221 	 -32.9749031865 	 1 	 0 	 1 	 -1 
200.265		310.893 	 -371.785116566 	 75.087544826 	 1 	 0 	 1 	 1 
206.511		317.784 	 242.028521856 	 163.636939245 	 1 	 0 	 1 	 0 
227.008		330 	 128.834543985 	 -74.146872787 	 0 	 1 	 1 	 -1 
240.57		335.209 	 70.3860939832 	 -19.9485028076 	 0 	 1 	 1 	 -1 
231.161		340.893 	 -153.398787491 	 43.2796054668 	 0 	 0 	 1 	 1 
224.195		346.996 	 177.367170699 	 -171.153341951 	 1 	 0 	 1 	 0 
219.909		353.413 	 42.3664714474 	 161.358246766 	 1 	 0 	 1 	 0 
218.461		0 	 107.660036715 	 75.6157404783 	 1 	 0 	 1 	 0 
219.909		6.58678 	 9.04908250402 	 111.370805791 	 1 	 1 	 1 	 0 
224.195		13.0039 	 -51.6911630774 	 44.5494518642 	 1 	 0 	 1 	 1 
231.161		19.1066 	 -107.611015766 	 -97.9566008728 	 0 	 0 	 1 	 1 
240.57		24.7913 	 116.08796107 	 -11.4090352462 	 1 	 1 	 1 	 0 
252.146		30 	 -7.54610475832 	 -47.4433568404 	 1 	 1 	 1 	 1 
240.57		35.2087 	 218.770726566 	 134.977772954 	 1 	 0 	 1 	 0 
231.161		40.8934 	 82.0681182276 	 119.538854454 	 0 	 0 	 1 	 0 
224.195		46.9961 	 -131.30410509 	 112.567389682 	 1 	 0 	 1 	 0 
219.909		53.4132 	 179.919473348 	 69.1324740688 	 0 	 1 	 1 	 0 
218.461		60 	 41.6567534997 	 41.6979076964 	 1 	 1 	 1 	 -1 
219.909		66.5868 	 -186.695738342 	 14.2312097606 	 0 	 0 	 1 	 1 
224.195		73.0039 	 -128.053303669 	 -49.818549859 	 0 	 1 	 1 	 0 
231.161		79.1066 	 -13.3574873317 	 -2.08786985965 	 1 	 0 	 1 	 1 
240.57		84.7913 	 -224.56377962 	 -52.3625188788 	 0 	 0 	 1 	 0 
240.57		95.2087 	 -269.863419706 	 146.27498547 	 1 	 1 	 1 	 0 
231.161		100.893 	 -4.49892000498 	 177.46216596 	 0 	 1 	 1 	 -1 
224.195		106.996 	 200.299547585 	 48.6109264849 	 1 	 0 	 1 	 0 
219.909		113.413 	 -144.891325081 	 -0.760411553873 	 0 	 0 	 1 	 1 
218.461		120 	 249.342201519 	 -48.3493324837 	 1 	 1 	 1 	 1 
219.909		126.587 	 161.652407043 	 -99.6487580564 	 0 	 0 	 1 	 1 
224.195		133.004 	 -130.046096765 	 -157.767079943 	 1 	 1 	 1 	 -1 
231.161		139.107 	 -174.951155424 	 -74.7254659085 	 1 	 1 	 1 	 0 
252.146		150 	 87.7774637314 	 38.5399026565 	 0 	 1 	 1 	 -1 
240.57		155.209 	 -85.6335019592 	 -178.500155279 	 1 	 0 	 1 	 0 
231.16		160.893 	 223.297142353 	 44.0617870011 	 0 	 1 	 1 	 1 
224.196		166.996 	 -63.0519394829 	 49.5341335386 	 1 	 1 	 1 	 1 
219.909		173.413 	 -180.119993155 	 124.470643757 	 1 	 0 	 1 	 -1 
218.461		180 	 26.3173421656 	 -88.9214402314 	 0 	 0 	 1 	 0 
219.909		186.587 	 -52.2409188601 	 -120.763082596 	 1 	 1 	 1 	 -1 
224.196		193.004 	 -62.5485531863 	 -114.969313272 	 0 	 1 	 1 	 1 
231.16		199.107 	 -105.122701769 	 -1.97852244644 	 1 	 0 	 1 	 1 
240.57		204.791 	 31.7031208367 	 171.56667706 	 1 	 1 	 1 	 1 
252.146		210 	 10.1210872283 	 -35.8079902092 	 1 	 0 	 1 	 1 
240.57		215.209 	 152.882557978 	 173.641612616 	 1 	 1 	 1 	 1 
231.161		220.893 	 145.1897034 	 109.549043183 	 1 	 1 	 1 	 -1 
224.196		226.996 	 -66.8462905485 	 126.111538059 	 0 	 1 	 1 	 1 
219.909		233.413 	 -143.804301481 	 -110.015055525 	 1 	 0 	 1 	 -1 
218.461		240 	 249.232747986 	 179.887954007 	 1 	 1 	 1 	 1 
219.909		246.587 	 153.713297318 	 -42.6045566294 	 0 	 0 	 1 	 -1 
224.195		253.004 	 25.5327329972 	 67.5851440589 	 1 	 1 	 1 	 0 
231.16		259.107 	 249.03327553 	 -7.21303824254 	 1 	 0 	 1 	 -1 
240.57		264.791 	 130.076071415 	 -87.3120151839 	 1 	 0 	 1 	 -1 
252.146		270 	 -83.9654266515 	 -72.9170553929 	 1 	 0 	 1 	 0 
240.57		275.209 	 66.1270983024 	 -149.681384299 	 1 	 0 	 1 	 0 
231.16		280.893 	 -286.350954191 	 150.034269086 	 0 	 1 	 1 	 -1 
224.195		286.996 	 355.766856106 	 88.4315933004 	 1 	 0 	 1 	 -1 
219.909		293.413 	 -88.2412227775 	 32.5621660365 	 0 	 1 	 1 	 1 
218.461		300 	 40.9002184325 	 -78.3354196113 	 0 	 1 	 1 	 0 
219.909		306.587 	 143.936868924 	 -94.1183348036 	 1 	 0 	 1 	 1 
224.196		313.004 	 -261.574564543 	 -105.961657905 	 1 	 0 	 1 	 0 
231.161		319.107 	 93.9662447569 	 48.7472978665 	 0 	 0 	 1 	 1 
240.57		324.791 	 11.282261459 	 8.99054843725 	 1 	 0 	 1 	 -1 
252.146		330 	 -52.9785948175 	 170.840284874 	 1 	 1 	 1 	 -1 
265.601		334.715 	 -31.0122032296 	 -86.2545049406 	 1 	 0 	 1 	 0 
255.886		339.826 	 -247.972640222 	 40.531993832 	 1 	 1 	 1 	 0 
248.348		345.295 	 -408.05415313 	 15.7478650076 	 0 	 1 	 1 	 0 
243.191		351.052 	 23.7028896573 	 -67.4849797717 	 1 	 1 	 1 	 -1 
240.57		356.996 	 -213.47923724 	 -44.5614702179 	 1 	 0 	 1 	 0 
240.57		3.00449 	 -53.1977158228 	 -160.455739332 	 0 	 0 	 1 	 1 
243.191		8.94827 	 113.675459759 	 115.661952245 	 0 	 1 	 1 	 -1 
248.348		14.7047 	 -71.5554403518 	 -140.643223759 	 1 	 0 	 1 	 -1 
255.886		20.1736 	 86.2509435479 	 -152.333343065 	 0 	 1 	 1 	 0 
265.601		25.285 	 22.0541171202 	 -53.9681004152 	 0 	 1 	 1 	 -1 
277.258		30 	 -120.606544174 	 -104.59905309 	 0 	 1 	 1 	 -1 
265.601		34.715 	 -70.9302382458 	 60.4602260979 	 1 	 1 	 1 	 1 
255.887		39.8264 	 -274.276796268 	 -114.455743563 	 1 	 0 	 1 	 -1 
248.348		45.2953 	 -198.17755462 	 -107.087545762 	 1 	 1 	 1 	 -1 
243.191		51.0517 	 -217.373562613 	 16.9857698386 	 1 	 1 	 1 	 1 
240.57		56.9955 	 73.4429045178 	 -27.9063934935 	 1 	 0 	 1 	 1 
240.57		63.0045 	 -3.7765272333 	 -58.4866080655 	 0 	 1 	 1 	 1 
243.191		68.9483 	 192.030377144 	 -2.6199364026 	 1 	 1 	 1 	 -1 
248.348		74.7047 	 209.923078166 	 32.4786346782 	 0 	 0 	 1 	 -1 
255.887		80.1736 	 -80.6123374093 	 -162.569436946 	 0 	 0 	 1 	 1 
265.601		85.285 	 111.004861275 	 -9.71446217738 	 1 	 0 	 1 	 -1 
277.257		90 	 -134.249924707 	 -52.426935699 	 1 	 1 	 1 	 -1 
265.601		94.715 	 58.1172939602 	 -39.4271565577 	 0 	 1 	 1 	 0 
255.887		99.8264 	 -47.8908687514 	 -168.622756773 	 0 	 1 	 1 	 0 
248.348		105.295 	 91.1216052603 	 -12.0143118235 	 0 	 0 	 1 	 0 
243.191		111.052 	 43.6196248553 	 88.0377770021 	 1 	 0 	 1 	 -1 
240.57		116.996 	 63.2234662526 	 -106.406034799 	 1 	 0 	 1 	 -1 
240.57		123.005 	 -40.4307712473 	 20.5280902301 	 0 	 1 	 1 	 1 
243.191		128.948 	 -2.01772173915 	 137.469614656 	 0 	 0 	 1 	 1 
248.348		134.705 	 -19.7625981449 	 57.7432250529 	 1 	 1 	 1 	 1 
255.887		140.174 	 392.04385137 	 -136.966177998 	 1 	 0 	 1 	 0 
265.6		145.285 	 95.394814326 	 91.5762055218 	 1 	 1 	 1 	 0 
277.257		150 	 59.0047367984 	 -178.032685826 	 0 	 1 	 1 	 -1 
265.601		154.715 	 -410.742897141 	 -54.3583252034 	 1 	 1 	 1 	 0 
255.886		159.826 	 113.39062919 	 -119.881924714 	 0 	 1 	 1 	 -1 
248.348		165.295 	 -126.210390626 	 -71.556463093 	 1 	 0 	 1 	 -1 
243.191		171.052 	 89.0092660764 	 170.202298329 	 1 	 0 	 1 	 1 
240.57		176.996 	 105.924615059 	 92.1282033014 	 1 	 0 	 1 	 0 
240.57		183.005 	 -205.051733471 	 87.3432774803 	 0 	 1 	 1 	 -1 
243.191		188.948 	 -230.198143106 	 41.9815322783 	 1 	 1 	 1 	 -1 
248.348		194.705 	 310.622909629 	 -159.605438487 	 0 	 0 	 1 	 -1 
255.886		200.174 	 -132.876544261 	 -49.6031574672 	 0 	 1 	 1 	 0 
265.601		205.285 	 136.539531246 	 -52.8213878252 	 0 	 1 	 1 	 0 
277.258		210 	 -165.486793866 	 24.3246853864 	 0 	 1 	 1 	 0 
265.6		214.715 	 197.620020976 	 50.4719964131 	 0 	 1 	 1 	 1 
255.887		219.826 	 75.8650746936 	 90.1624952998 	 1 	 0 	 1 	 0 
248.348		225.295 	 166.569004703 	 42.8653660095 	 1 	 0 	 1 	 1 
243.191		231.052 	 -230.404678663 	 -179.028689691 	 1 	 0 	 1 	 0 
240.57		236.995 	 149.957381088 	 164.200143323 	 0 	 1 	 1 	 0 
240.57		243.004 	 -5.89568948956 	 113.80007668 	 1 	 1 	 1 	 0 
243.19		248.948 	 95.8412885169 	 42.96034814 	 0 	 1 	 1 	 -1 
248.348		254.705 	 47.793012138 	 52.1594070531 	 1 	 1 	 1 	 1 
255.886		260.174 	 -100.971815834 	 23.1860960068 	 1 	 1 	 1 	 0 
265.601		265.285 	 -60.2975102861 	 84.0200431145 	 1 	 1 	 1 	 -1 
277.258		270 	 -133.491682791 	 -103.383839151 	 1 	 0 	 1 	 0 
265.601		274.715 	 -102.13463976 	 -82.2876823584 	 0 	 1 	 1 	 0 
255.886		279.826 	 -192.318255346 	 83.4982521847 	 1 	 0 	 1 	 0 
248.348		285.295 	 -94.8740806707 	 -119.942523692 	 1 	 0 	 1 	 1 
243.19		291.052 	 -26.184656975 	 -74.1470025821 	 1 	 1 	 1 	 -1 
240.57		296.996 	 31.4024769556 	 -167.663941847 	 1 	 1 	 1 	 -1 
240.57		303.004 	 -15.9247428501 	 -61.9298744049 	 1 	 0 	 1 	 0 
243.191		308.948 	 -140.097381784 	 -0.3209648235 	 0 	 0 	 1 	 -1 
248.348		314.705 	 89.7410816718 	 -81.8704315069 	 0 	 0 	 1 	 0 
255.886		320.174 	 -125.70350347 	 26.0239182989 	 1 	 1 	 1 	 1 
265.6		325.285 	 -181.174922028 	 -149.627322776 	 0 	 0 	 1 	 0 
277.258		330 	 -131.722732851 	 122.469440945 	 1 	 1 	 1 	 -1 
290.619		334.307 	 -94.615182765 	 157.664552218 	 1 	 1 	 1 	 1 
280.659		338.948 	 -189.038359185 	 59.823118765 	 1 	 0 	 1 	 1 
272.656		343.898 	 -169.541519505 	 46.1401303268 	 1 	 0 	 1 	 0 
266.79		349.107 	 259.489898608 	 -44.4045800628 	 0 	 0 	 1 	 0 
263.206		354.504 	 -52.0638526885 	 49.0498926719 	 0 	 0 	 1 	 1 
262.001		0 	 305.837769488 	 78.9715988707 	 0 	 1 	 1 	 0 
263.206		5.49637 	 -63.1915672188 	 -176.992250898 	 0 	 1 	 1 	 0 
266.79		10.8934 	 -228.320347721 	 22.3400804184 	 1 	 0 	 1 	 1 
272.656		16.1021 	 154.442920819 	 126.655411711 	 0 	 1 	 1 	 0 
280.659		21.0517 	 -186.672122974 	 88.3473779428 	 1 	 1 	 1 	 -1 
290.619		25.6934 	 -201.34769783 	 54.4167773165 	 0 	 0 	 1 	 0 
302.34		30 	 -119.665352298 	 78.8316390867 	 0 	 0 	 1 	 0 
290.619		34.3066 	 344.085006223 	 -103.673913909 	 0 	 0 	 1 	 1 
280.659		38.9483 	 262.580715976 	 30.1983445165 	 0 	 0 	 1 	 -1 
272.656		43.8979 	 15.2601464456 	 127.039588473 	 0 	 1 	 1 	 0 
266.789		49.1066 	 -133.589388638 	 -175.559645052 	 1 	 1 	 1 	 -1 
263.206		54.5036 	 -208.324382083 	 11.2640621536 	 1 	 0 	 1 	 0 
262.001		60 	 -16.0841234023 	 133.114873116 	 1 	 0 	 1 	 0 
263.206		65.4964 	 173.895189969 	 109.551554532 	 0 	 1 	 1 	 1 
266.79		70.8934 	 96.9816469648 	 -147.970559685 	 0 	 0 	 1 	 1 
272.656		76.1021 	 20.4673595894 	 -17.0267852216 	 0 	 1 	 1 	 1 
280.659		81.0517 	 -35.1339840805 	 -66.9874908915 	 1 	 1 	 1 	 -1 
290.619		85.6934 	 157.475570182 	 -97.8288437807 	 0 	 1 	 1 	 -1 
302.34		90 	 19.1312705566 	 3.43210599183 	 1 	 0 	 1 	 -1 
290.619		94.3066 	 15.6675835677 	 66.8742151235 	 1 	 1 	 1 	 1 
280.659		98.9483 	 215.935947436 	 -177.912740628 	 1 	 0 	 1 	 -1 
272.655		103.898 	 132.170980396 	 13.1900089918 	 0 	 1 	 1 	 -1 
266.79		109.107 	 251.84004698 	 27.7024497806 	 1 	 0 	 1 	 -1 
263.206		114.504 	 30.0349823374 	 63.4927087065 	 1 	 1 	 1 	 -1 
262		120 	 -227.565582294 	 29.6117536519 	 1 	 1 	 1 	 1 
263.206		125.496 	 39.1461470415 	 161.594566159 	 1 	 0 	 1 	 0 
266.79		130.893 	 -62.1146070751 	 -8.1094159107 	 1 	 0 	 1 	 -1 
272.655		136.102 	 91.7779330531 	 -85.4003428637 	 0 	 0 	 1 	 -1 
280.659		141.052 	 -4.01022207323 	 101.304299824 	 1 	 1 	 1 	 0 
290.619		145.693 	 14.7122915518 	 -92.5151309759 	 0 	 1 	 1 	 0 
302.34		150 	 -9.78901169415 	 147.007914677 	 0 	 1 	 1 	 0 
290.619		154.307 	 64.3042588521 	 -75.9371609083 	 1 	 0 	 1 	 1 
280.659		158.948 	 176.567159095 	 32.7986920824 	 1 	 1 	 1 	 1 
272.656		163.898 	 36.5863137794 	 -39.1853828096 	 1 	 0 	 1 	 -1 
266.789		169.107 	 -83.7368082593 	 104.949635245 	 1 	 0 	 1 	 1 
263.206		174.504 	 -13.6119703927 	 -24.9392913885 	 1 	 0 	 1 	 -1 
262.001		180 	 56.9983714402 	 145.977681822 	 1 	 0 	 1 	 0 
263.206		185.496 	 -48.1801494789 	 -145.284663807 	 0 	 1 	 1 	 1 
266.789		190.893 	 -49.5518327916 	 -141.259287862 	 1 	 0 	 1 	 0 
272.656		196.102 	 -195.093072738 	 -162.134450322 	 0 	 1 	 1 	 0 
280.659		201.052 	 155.980614716 	 16.3527414573 	 1 	 0 	 1 	 1 
290.619		205.693 	 -393.466058232 	 11.821664456 	 1 	 0 	 1 	 -1 
302.34		210 	 94.0188171014 	 -4.77657304331 	 0 	 0 	 1 	 0 
290.619		214.307 	 412.289617714 	 -39.2416281932 	 1 	 1 	 1 	 -1 
280.658		218.948 	 63.4407778189 	 66.8947643071 	 1 	 1 	 1 	 1 
272.656		223.898 	 -207.770426515 	 -127.599486025 	 0 	 1 	 1 	 -1 
266.79		229.107 	 -103.701938324 	 41.8787614309 	 0 	 1 	 1 	 -1 
263.206		234.504 	 -268.613577297 	 127.645860233 	 0 	 1 	 1 	 0 
262		240 	 23.3017296845 	 18.9310960018 	 0 	 0 	 1 	 -1 
263.206		245.496 	 -217.287722082 	 -78.7966697323 	 1 	 1 	 1 	 1 
266.789		250.893 	 -281.060060133 	 74.4136065961 	 1 	 1 	 1 	 0 
272.656		256.102 	 142.981815561 	 55.2625764858 	 0 	 1 	 1 	 -1 
280.659		261.052 	 39.1114666431 	 67.1710343074 	 0 	 0 	 1 	 -1 
290.62		265.693 	 -42.7636103194 	 62.6967102056 	 1 	 0 	 1 	 0 
302.34		270 	 105.406082855 	 27.9779670585 	 1 	 0 	 1 	 1 
290.62		274.307 	 -21.38783506 	 171.28501948 	 1 	 0 	 1 	 0 
280.659		278.948 	 166.098046683 	 31.410174908 	 0 	 0 	 1 	 1 
272.656		283.898 	 44.0273737253 	 -10.8431703946 	 1 	 0 	 1 	 0 
266.789		289.107 	 103.930105679 	 -75.1072038188 	 0 	 0 	 1 	 1 
263.206		294.504 	 69.8092710763 	 -110.744245968 	 1 	 0 	 1 	 1 
262		300 	 -91.9812516648 	 -20.8441593257 	 1 	 1 	 1 	 0 
263.206		305.496 	 -273.838682523 	 -4.52848175795 	 0 	 1 	 1 	 -1 
266.79		310.893 	 -43.6919294163 	 11.5372450896 	 0 	 1 	 1 	 1 
272.656		316.102 	 205.295197802 	 171.130278893 	 0 	 0 	 1 	 -1 
280.659		321.052 	 270.3190243 	 176.277470787 	 1 	 0 	 1 	 1 
290.619		325.693 	 -278.597344146 	 -172.992225613 	 1 	 0 	 1 	 -1 
302.34		330 	 -10.2801684574 	 156.67325903 	 1 	 1 	 1 	 0 
315.62		333.963 	 -76.7017142667 	 175.970227846 	 1 	 1 	 1 	 1 
305.457		338.213 	 -24.0516683856 	 65.1488602395 	 1 	 1 	 1 	 -1 
297.071		342.731 	 -112.177565489 	 -54.3574880461 	 1 	 0 	 1 	 -1 
290.619		347.48 	 95.033554763 	 28.4307604988 	 1 	 0 	 1 	 -1 
286.236		352.411 	 59.2520514559 	 37.323654797 	 1 	 1 	 1 	 -1 
284.018		357.457 	 27.2508538138 	 -134.445890408 	 1 	 1 	 1 	 1 
284.018		2.54292 	 -182.910628808 	 -103.832828314 	 1 	 1 	 1 	 -1 
286.236		7.58909 	 -104.063207479 	 -0.819795639225 	 0 	 1 	 1 	 -1 
290.619		12.5198 	 249.290028585 	 25.0351240628 	 0 	 1 	 1 	 1 
297.071		17.2695 	 -41.1945300742 	 -25.7094954593 	 1 	 1 	 1 	 0 
305.457		21.7868 	 -311.139243054 	 -42.4054864048 	 1 	 1 	 1 	 1 
315.62		26.0368 	 -220.905179271 	 29.2778604712 	 0 	 0 	 1 	 0 
327.39		30 	 242.519066022 	 114.346240106 	 1 	 1 	 1 	 0 
305.457		38.2132 	 192.456619011 	 81.1932375446 	 0 	 1 	 1 	 1 
297.071		42.7305 	 -87.0801664399 	 55.0633003189 	 0 	 1 	 1 	 0 
290.619		47.4802 	 137.013235523 	 -177.789132472 	 0 	 1 	 1 	 1 
286.236		52.4109 	 143.308002908 	 82.9599072078 	 1 	 0 	 1 	 0 
284.018		57.4571 	 76.9121201805 	 -86.0182227591 	 0 	 1 	 1 	 0 
284.018		62.5429 	 -390.976598777 	 63.995767584 	 0 	 1 	 1 	 0 
286.236		67.5891 	 -125.360853969 	 -27.9797854656 	 1 	 0 	 1 	 0 
290.619		72.5198 	 -350.812266303 	 129.00662521 	 0 	 1 	 1 	 0 
297.071		77.2695 	 -283.481657657 	 -27.9893210121 	 1 	 1 	 1 	 1 
305.457		81.7868 	 7.17163722038 	 175.106743161 	 1 	 1 	 1 	 1 
315.62		86.0368 	 170.811679766 	 -166.230693027 	 0 	 1 	 1 	 1 
327.39		90 	 -58.0061217932 	 35.2953497337 	 1 	 0 	 1 	 0 
315.62		93.9632 	 92.6213959994 	 -173.384552359 	 0 	 0 	 1 	 -1 
305.457		98.2132 	 -126.353548572 	 -8.50403181614 	 1 	 1 	 1 	 0 
297.071		102.731 	 299.492341372 	 173.291868971 	 1 	 1 	 1 	 0 
290.619		107.48 	 -115.133855455 	 -147.479415669 	 0 	 0 	 1 	 -1 
286.236		112.411 	 -171.36147656 	 -165.071382101 	 0 	 0 	 1 	 -1 
284.018		117.457 	 49.8730297462 	 49.132048645 	 0 	 0 	 1 	 -1 
284.018		122.543 	 -23.9655886141 	 149.016464841 	 0 	 1 	 1 	 -1 
286.236		127.589 	 -43.6523125047 	 -96.3083270328 	 1 	 1 	 1 	 0 
290.62		132.52 	 144.742764667 	 -152.277889928 	 1 	 0 	 1 	 0 
297.071		137.269 	 -208.020662976 	 -80.7864394128 	 0 	 0 	 1 	 -1 
305.457		141.787 	 -165.651782042 	 82.1406066487 	 1 	 0 	 1 	 0 
315.62		146.037 	 -265.88450921 	 74.0154178949 	 1 	 0 	 1 	 -1 
327.39		150 	 -183.31269996 	 107.387673859 	 1 	 1 	 1 	 -1 
315.619		153.963 	 13.2563008353 	 -33.9059135625 	 1 	 0 	 1 	 1 
305.457		158.213 	 -40.5996953751 	 -103.822471917 	 1 	 0 	 1 	 0 
297.071		162.731 	 141.470371122 	 -96.8340208872 	 1 	 1 	 1 	 -1 
290.62		167.48 	 189.977139079 	 -12.8620256563 	 1 	 0 	 1 	 0 
286.236		172.411 	 243.146159891 	 164.716999792 	 0 	 0 	 1 	 -1 
284.019		177.457 	 74.7103569103 	 -125.166987521 	 1 	 0 	 1 	 -1 
284.019		182.543 	 -179.017542338 	 98.9957875567 	 1 	 0 	 1 	 0 
286.236		187.589 	 -237.262849705 	 65.5519092277 	 0 	 1 	 1 	 0 
290.62		192.52 	 63.0052563383 	 -110.934859881 	 1 	 1 	 1 	 0 
297.071		197.269 	 -194.67643584 	 37.2868986729 	 0 	 1 	 1 	 -1 
305.457		201.787 	 -24.0684515745 	 123.635524576 	 1 	 1 	 1 	 -1 
315.62		206.037 	 167.66235589 	 -115.874336487 	 0 	 1 	 1 	 -1 
327.39		210 	 -30.3784706338 	 -14.2164474232 	 1 	 1 	 1 	 0 
315.62		213.963 	 -89.7761885586 	 121.743717086 	 0 	 0 	 1 	 1 
305.457		218.213 	 304.573056042 	 -79.8415966706 	 1 	 1 	 1 	 1 
297.071		222.731 	 -185.749314899 	 -30.8179446939 	 0 	 1 	 1 	 -1 
290.619		227.48 	 221.29049025 	 -144.009176567 	 0 	 1 	 1 	 0 
286.236		232.411 	 -40.2383514617 	 26.3048630178 	 1 	 0 	 1 	 1 
284.018		237.457 	 101.151628637 	 144.920666248 	 1 	 1 	 1 	 0 
284.019		242.543 	 -109.065165676 	 8.10323679461 	 0 	 0 	 1 	 1 
286.236		247.589 	 -136.864497736 	 -75.3946919523 	 0 	 0 	 1 	 1 
290.62		252.52 	 -21.3063870828 	 -110.100610087 	 0 	 1 	 1 	 0 
297.071		257.269 	 277.21469761 	 165.036365722 	 0 	 0 	 1 	 0 
305.457		261.787 	 127.316214713 	 145.367332054 	 0 	 1 	 1 	 -1 
315.62		266.037 	 24.1103822544 	 70.4996733753 	 1 	 1 	 1 	 -1 
327.39		270 	 65.5126896752 	 -179.390384437 	 1 	 0 	 1 	 -1 
315.62		273.963 	 11.7174426253 	 127.682595514 	 0 	 0 	 1 	 1 
305.457		278.213 	 -80.7392144115 	 171.54008313 	 1 	 1 	 1 	 1 
297.071		282.731 	 109.510762147 	 119.970051779 	 1 	 1 	 1 	 0 
290.62		287.48 	 -164.058647425 	 15.1464944342 	 1 	 0 	 1 	 1 
286.236		292.411 	 -49.8253891509 	 -67.8359460827 	 1 	 0 	 1 	 0 
284.019		297.457 	 81.8492897374 	 146.540780977 	 1 	 1 	 1 	 1 
284.018		302.543 	 141.689664839 	 38.7407178075 	 1 	 1 	 1 	 0 
286.236		307.589 	 142.310730205 	 -105.686625983 	 1 	 0 	 1 	 1 
290.619		312.52 	 71.5280109785 	 150.335907693 	 1 	 1 	 1 	 1 
297.071		317.269 	 41.3647703954 	 -111.578904171 	 0 	 0 	 1 	 1 
305.457		321.787 	 -9.99861244461 	 120.388867748 	 1 	 0 	 1 	 0 
327.39		330 	 438.795322009 	 -45.3390153222 	 0 	 0 	 1 	 1 
340.597		333.67 	 117.688824791 	 62.8987649451 	 0 	 1 	 1 	 0 
330.266		337.589 	 78.6426048851 	 16.4231002868 	 1 	 1 	 1 	 0 
321.56		341.742 	 -112.718312458 	 -2.23820347592 	 1 	 0 	 1 	 1 
314.619		346.102 	 -54.9598945665 	 91.4592932955 	 0 	 0 	 1 	 -1 
309.563		350.633 	 -74.8402393341 	 -109.306059905 	 1 	 1 	 1 	 -1 
306.489		355.285 	 -27.143325274 	 75.0739035836 	 0 	 1 	 1 	 0 
305.457		0 	 86.9320180698 	 -132.254079106 	 0 	 1 	 1 	 0 
306.489		4.715 	 -274.270367089 	 26.7745803777 	 1 	 0 	 1 	 -1 
309.563		9.367 	 -104.038520619 	 149.885387089 	 0 	 1 	 1 	 1 
314.619		13.8979 	 151.160057938 	 70.720943838 	 1 	 1 	 1 	 -1 
321.56		18.2585 	 -203.304855396 	 -150.734061883 	 0 	 0 	 1 	 1 
330.266		22.4109 	 -17.3712826433 	 35.9096728438 	 1 	 1 	 1 	 0 
340.597		26.3295 	 -54.6410897627 	 72.57410425 	 0 	 0 	 1 	 -1 
352.406		30 	 53.75103337 	 -123.384552461 	 1 	 0 	 1 	 0 
340.597		33.6705 	 13.5439902328 	 -139.109729199 	 1 	 1 	 1 	 1 
330.266		37.5891 	 175.819750466 	 59.8129555294 	 1 	 1 	 1 	 -1 
321.56		41.7415 	 13.9691138327 	 -65.7317607284 	 1 	 0 	 1 	 -1 
314.619		46.1021 	 68.7143372546 	 58.7026879389 	 1 	 1 	 1 	 -1 
309.563		50.633 	 82.8367664837 	 -20.5534443951 	 0 	 1 	 1 	 0 
306.489		55.285 	 76.7917310285 	 -85.984619407 	 1 	 0 	 1 	 1 
305.457		60 	 -163.540864173 	 -130.1262999 	 1 	 0 	 1 	 0 
306.489		64.715 	 -508.093243688 	 116.155977676 	 0 	 1 	 1 	 1 
309.563		69.367 	 -54.5018585415 	 83.6121423808 	 1 	 1 	 1 	 1 
314.619		73.8979 	 43.06402575 	 178.276816774 	 1 	 0 	 1 	 -1 
321.56		78.2585 	 -206.75135809 	 -88.6886674393 	 0 	 1 	 1 	 -1 
330.266		82.4109 	 -143.980849394 	 -136.989644693 	 0 	 1 	 1 	 -1 
340.597		86.3295 	 392.149984203 	 -100.955541618 	 1 	 0 	 1 	 -1 
352.406		90 	 -194.811581535 	 -157.764023904 	 0 	 0 	 1 	 0 
340.597		93.6705 	 -99.6534450538 	 122.898917539 	 0 	 0 	 1 	 -1 
330.266		97.5891 	 -119.683362974 	 -67.458944147 	 1 	 1 	 1 	 1 
321.56		101.742 	 104.648445292 	 140.083949225 	 1 	 1 	 1 	 0 
314.619		106.102 	 -155.658563678 	 -140.435390391 	 1 	 1 	 1 	 0 
309.563		110.633 	 104.596437784 	 -21.0727763493 	 0 	 0 	 1 	 -1 
306.489		115.285 	 -104.214163205 	 -40.5338404264 	 1 	 0 	 1 	 0 
305.457		120 	 -211.256816318 	 -87.0422731435 	 1 	 1 	 1 	 0 
306.489		124.715 	 -72.3503133069 	 117.423065641 	 1 	 1 	 1 	 -1 
309.563		129.367 	 83.1336303032 	 63.9043926451 	 1 	 0 	 1 	 -1 
314.619		133.898 	 143.176038658 	 -17.1903519804 	 1 	 1 	 1 	 -1 
321.56		138.258 	 144.932203707 	 -133.464250475 	 0 	 1 	 1 	 1 
330.266		142.411 	 56.7167093004 	 -125.719639876 	 1 	 0 	 1 	 0 
340.597		146.329 	 -34.6550430199 	 77.9538111271 	 1 	 1 	 1 	 -1 
352.406		150 	 294.512143638 	 -120.285248956 	 0 	 1 	 1 	 -1 
340.597		153.671 	 -115.917575502 	 -26.8899330223 	 0 	 0 	 1 	 1 
330.266		157.589 	 -308.006812112 	 -26.6016389807 	 0 	 1 	 1 	 0 
321.561		161.742 	 138.199986591 	 -119.960087456 	 0 	 0 	 1 	 0 
314.618		166.102 	 242.075760752 	 -67.1181379805 	 0 	 1 	 1 	 0 
309.563		170.633 	 -116.021519379 	 86.9959614023 	 1 	 0 	 1 	 1 
306.488		175.285 	 -165.213705278 	 99.7946942207 	 0 	 1 	 1 	 0 
305.457		180 	 -68.3332339539 	 179.345623013 	 1 	 1 	 1 	 -1 
306.488		184.715 	 20.1627859294 	 61.4280166793 	 0 	 1 	 1 	 1 
309.563		189.367 	 -47.425736958 	 -53.8459974432 	 0 	 1 	 1 	 -1 
314.618		193.898 	 77.9009281037 	 -33.9736409726 	 0 	 1 	 1 	 0 
321.561		198.258 	 49.3941774295 	 -20.7565953958 	 0 	 0 	 1 	 0 
330.266		202.411 	 -26.7232320993 	 -31.9338572189 	 0 	 1 	 1 	 0 
340.597		206.329 	 144.990504816 	 -86.1790450278 	 0 	 1 	 1 	 0 
352.406		210 	 -72.0331338447 	 -153.062454452 	 0 	 1 	 1 	 1 
330.266		217.589 	 -32.3341399556 	 60.687750552 	 1 	 1 	 1 	 0 
321.56		221.742 	 141.442917551 	 44.8541737939 	 0 	 1 	 1 	 1 
314.619		226.102 	 220.576443307 	 157.861169571 	 0 	 0 	 1 	 1 
309.563		230.633 	 267.41297692 	 -139.890642908 	 1 	 0 	 1 	 0 
306.489		235.285 	 58.9715501039 	 -5.08636952229 	 1 	 1 	 1 	 1 
305.456		240 	 12.9456181779 	 94.9938947751 	 0 	 0 	 1 	 -1 
306.488		244.715 	 173.379039187 	 15.4783598821 	 1 	 0 	 1 	 -1 
309.563		249.367 	 -91.703360356 	 123.773379565 	 0 	 1 	 1 	 1 
314.619		253.898 	 -88.1327201717 	 -121.924593753 	 1 	 0 	 1 	 0 
321.56		258.258 	 -106.936165322 	 -99.9834905277 	 1 	 1 	 1 	 1 
330.266		262.411 	 -83.2316184647 	 -117.382097404 	 1 	 0 	 1 	 1 
340.597		266.33 	 292.701845848 	 107.617378555 	 0 	 1 	 1 	 1 
340.597		273.671 	 210.095412874 	 106.609806958 	 1 	 0 	 1 	 1 
330.266		277.589 	 146.788544407 	 -174.689764791 	 0 	 1 	 1 	 -1 
321.56		281.742 	 -189.347430405 	 -136.01732811 	 0 	 0 	 1 	 -1 
314.619		286.102 	 165.763480234 	 -72.8164856781 	 0 	 0 	 1 	 -1 
309.563		290.633 	 -64.8976011636 	 -89.5102927954 	 0 	 0 	 1 	 0 
306.488		295.285 	 -118.282592764 	 85.7828055072 	 0 	 0 	 1 	 0 
305.457		300 	 -387.071511513 	 30.4290166265 	 1 	 1 	 1 	 1 
306.489		304.715 	 -43.8211289961 	 45.0732735624 	 0 	 1 	 1 	 0 
309.563		309.367 	 -330.235506989 	 -37.4541005354 	 1 	 1 	 1 	 1 
314.619		313.898 	 -23.8145700123 	 -81.7210757004 	 1 	 1 	 1 	 0 
321.56		318.258 	 -68.6994764898 	 90.6801523626 	 1 	 0 	 1 	 0 
330.266		322.411 	 5.65690617044 	 -140.629230916 	 0 	 0 	 1 	 -1 
340.597		326.33 	 106.819008337 	 -118.855083782 	 1 	 0 	 1 	 -1 
352.406		330 	 459.340536444 	 -122.14220833 	 0 	 1 	 1 	 1 
365.546		333.418 	 252.270469269 	 -160.051150844 	 1 	 1 	 1 	 1 
355.074		337.053 	 66.7408430945 	 88.0835858041 	 1 	 0 	 1 	 0 
346.099		340.893 	 383.347723723 	 -73.4493751777 	 1 	 0 	 1 	 -1 
338.742		344.921 	 103.504368313 	 119.083357064 	 0 	 1 	 1 	 0 
333.116		349.107 	 194.174129888 	 25.6199941631 	 0 	 0 	 1 	 -1 
329.31		353.413 	 -24.5685249351 	 62.1661501049 	 0 	 0 	 1 	 -1 
327.39		357.796 	 188.858062654 	 36.0178477918 	 0 	 1 	 1 	 -1 
327.39		2.20423 	 -148.456921324 	 -99.7646676275 	 0 	 0 	 1 	 1 
329.31		6.58678 	 -163.730178895 	 -94.1568420139 	 1 	 1 	 1 	 1 
333.116		10.8934 	 -44.300673557 	 -160.284736861 	 0 	 1 	 1 	 1 
338.742		15.0791 	 -123.697263658 	 101.386805809 	 0 	 1 	 1 	 0 
346.099		19.1066 	 -140.237557588 	 77.2908379758 	 0 	 0 	 1 	 1 
355.074		22.9473 	 -37.8794311076 	 106.455398676 	 1 	 1 	 1 	 1 
365.546		26.582 	 171.788319202 	 -61.8718908844 	 1 	 0 	 1 	 -1 
377.385		30 	 54.5863797005 	 -137.671388805 	 0 	 1 	 1 	 -1 
365.546		33.418 	 53.6097346631 	 -20.3937400388 	 1 	 0 	 1 	 0 
355.074		37.0527 	 -302.573847301 	 97.987779791 	 0 	 0 	 1 	 1 
346.099		40.8934 	 45.2423243934 	 160.919962672 	 0 	 1 	 1 	 -1 
338.743		44.9209 	 -11.3991022409 	 -91.1998700799 	 0 	 1 	 1 	 0 
333.116		49.1066 	 -32.8211993447 	 61.0965795786 	 1 	 1 	 1 	 1 
329.31		53.4132 	 -16.6303894128 	 164.29314354 	 1 	 1 	 1 	 0 
327.39		57.7958 	 43.698041138 	 138.956004544 	 0 	 0 	 1 	 1 
327.39		62.2042 	 180.070519851 	 -25.1564705801 	 0 	 0 	 1 	 1 
329.31		66.5868 	 -120.097867544 	 -106.657048417 	 1 	 1 	 1 	 1 
333.116		70.8934 	 37.8130918365 	 -142.338367607 	 1 	 0 	 1 	 -1 
338.742		75.0791 	 139.691363177 	 88.2595902773 	 1 	 0 	 1 	 0 
346.099		79.1066 	 122.575240385 	 -175.715643429 	 0 	 0 	 1 	 1 
355.074		82.9473 	 -4.38407313422 	 -23.2061778513 	 1 	 0 	 1 	 0 
