25.2587		30 	 187.171370139 	 29.2181490737 	 0 	 1 	 1 	 1 
25.2587		90 	 192.309509643 	 36.0160577933 	 1 	 1 	 1 	 0 
25.2587		150 	 192.880136957 	 38.1851685648 	 0 	 0 	 1 	 0 
25.2587		210 	 166.073291298 	 37.1422113643 	 1 	 1 	 1 	 -1 
25.2587		270 	 221.913000128 	 35.8677371695 	 1 	 0 	 1 	 1 
43.7478		0 	 199.103968437 	 40.2648176241 	 1 	 1 	 1 	 -1 
50.5147		30 	 209.013484369 	 40.3334743975 	 1 	 0 	 1 	 0 
43.7478		60 	 176.574205902 	 45.4157282238 	 1 	 1 	 1 	 -1 
50.5147		90 	 198.573416866 	 41.0820227976 	 1 	 1 	 1 	 0 
43.7478		120 	 196.212091196 	 40.7105706763 	 1 	 0 	 1 	 1 
50.5147		150 	 183.259845392 	 41.5533350783 	 0 	 1 	 1 	 1 
43.7478		180 	 200.22744029 	 39.3776018837 	 0 	 1 	 1 	 1 
50.5147		210 	 158.77342272 	 37.4889795985 	 0 	 1 	 1 	 0 
43.7478		240 	 166.506936787 	 44.1118083246 	 0 	 0 	 1 	 -1 
43.7478		300 	 166.949939742 	 51.3098745909 	 0 	 0 	 1 	 1 
50.5148		330 	 175.267482959 	 45.052513181 	 0 	 1 	 1 	 1 
66.8212		349.107 	 185.439745195 	 52.7842518249 	 0 	 0 	 1 	 -1 
66.8212		10.8934 	 200.452349554 	 40.3332046366 	 1 	 0 	 1 	 1 
75.7654		30 	 210.693094229 	 41.5543801324 	 0 	 1 	 1 	 -1 
66.8212		49.1066 	 175.640188956 	 33.9879542466 	 0 	 0 	 1 	 -1 
66.8212		70.8934 	 205.203141258 	 41.3258746759 	 1 	 0 	 1 	 1 
75.7654		90 	 198.27033682 	 40.9745545662 	 1 	 1 	 1 	 0 
66.8212		109.107 	 234.149943623 	 44.3228810685 	 1 	 1 	 1 	 0 
66.8212		130.893 	 195.729102507 	 41.6287968401 	 0 	 0 	 1 	 1 
75.7654		150 	 178.759911755 	 39.2117725201 	 1 	 1 	 1 	 1 
66.8212		169.107 	 193.038678646 	 49.3067847238 	 1 	 0 	 1 	 0 
66.8212		190.893 	 164.955217642 	 42.1553758302 	 0 	 0 	 1 	 -1 
66.8212		229.107 	 209.326180854 	 52.1370748257 	 0 	 1 	 1 	 0 
66.8212		250.893 	 187.282487103 	 41.2069582674 	 1 	 1 	 1 	 -1 
75.7654		270 	 172.294146879 	 52.534161306 	 0 	 1 	 1 	 0 
66.8212		289.107 	 186.986824447 	 48.7726909296 	 0 	 0 	 1 	 0 
66.8212		310.893 	 223.786746429 	 32.4831312767 	 1 	 0 	 1 	 1 
75.7654		330 	 226.225263238 	 41.1170880731 	 0 	 1 	 1 	 -1 
91.0523		343.898 	 178.210586608 	 34.9221714848 	 0 	 1 	 1 	 -1 
87.4818		0 	 233.134493533 	 36.0175022128 	 1 	 1 	 1 	 0 
91.0523		16.1021 	 216.396045411 	 28.4559066989 	 1 	 0 	 1 	 1 
101.008		30 	 227.143988361 	 38.5886495602 	 1 	 1 	 1 	 -1 
91.0523		43.8979 	 188.038951212 	 26.5463571446 	 1 	 0 	 1 	 0 
87.4818		60 	 167.784618635 	 53.1854439036 	 0 	 0 	 1 	 -1 
91.0523		76.1021 	 220.252095219 	 28.8868555912 	 1 	 0 	 1 	 1 
91.0523		103.898 	 184.809827844 	 37.0095188755 	 1 	 1 	 1 	 -1 
87.4818		120 	 200.382316073 	 27.3218896561 	 1 	 1 	 1 	 1 
91.0523		136.102 	 198.628925443 	 41.2742531727 	 0 	 1 	 1 	 0 
91.0523		163.898 	 196.624982051 	 40.4196179587 	 1 	 0 	 1 	 1 
87.4818		180 	 188.306311577 	 43.3575253299 	 0 	 1 	 1 	 -1 
91.0523		196.102 	 179.514775654 	 46.838797304 	 1 	 1 	 1 	 -1 
101.008		210 	 190.878210824 	 37.0390150316 	 1 	 0 	 1 	 1 
91.0523		223.898 	 217.687839743 	 37.1480275688 	 1 	 0 	 1 	 -1 
87.4818		240 	 203.887763201 	 48.17701527 	 1 	 0 	 1 	 0 
91.0523		256.102 	 191.956596179 	 44.3674232513 	 1 	 0 	 1 	 0 
101.008		270 	 237.568223721 	 40.3706961547 	 0 	 0 	 1 	 -1 
91.0523		283.898 	 210.763950333 	 45.7080167132 	 0 	 1 	 1 	 -1 
87.4817		300 	 231.504651299 	 35.6183362931 	 1 	 0 	 1 	 1 
91.0523		316.102 	 216.634836355 	 40.0928361298 	 0 	 1 	 1 	 -1 
101.008		330 	 216.13427363 	 33.2042725071 	 0 	 1 	 1 	 -1 
115.709		340.893 	 184.790972912 	 39.1569849628 	 0 	 0 	 1 	 1 
110.065		353.413 	 194.360629538 	 45.0142934664 	 1 	 1 	 1 	 1 
110.065		6.58677 	 183.83856578 	 47.4754071592 	 1 	 1 	 1 	 0 
115.709		19.1066 	 237.892309502 	 40.3377884667 	 1 	 0 	 1 	 -1 
126.24		30 	 182.530425774 	 32.8410211962 	 0 	 1 	 1 	 1 
115.709		40.8934 	 170.163819815 	 38.888817373 	 1 	 1 	 1 	 0 
110.065		53.4132 	 195.372247915 	 41.086605294 	 0 	 0 	 1 	 -1 
110.065		66.5868 	 204.536898184 	 34.1923181759 	 0 	 0 	 1 	 -1 
115.709		79.1066 	 193.953901774 	 52.0626474235 	 1 	 0 	 1 	 -1 
126.24		90 	 231.17330971 	 34.5242337587 	 0 	 1 	 1 	 -1 
115.709		100.893 	 213.43838907 	 35.6919574705 	 1 	 1 	 1 	 0 
110.065		113.413 	 169.457691336 	 36.4583981861 	 1 	 1 	 1 	 -1 
110.065		126.587 	 157.789020565 	 39.3390822402 	 0 	 0 	 1 	 1 
115.709		139.107 	 203.421936528 	 41.651508859 	 0 	 0 	 1 	 1 
126.24		150 	 206.252087904 	 40.5400101457 	 1 	 0 	 1 	 0 
115.709		160.893 	 201.916729163 	 48.0925277112 	 1 	 1 	 1 	 1 
110.066		173.413 	 236.2373528 	 47.9109770873 	 0 	 0 	 1 	 0 
110.066		186.587 	 168.046400674 	 32.6027949638 	 1 	 1 	 1 	 -1 
115.709		199.107 	 194.225293046 	 42.3575583474 	 1 	 0 	 1 	 -1 
126.24		210 	 195.01977258 	 39.2732599742 	 1 	 1 	 1 	 0 
115.709		220.893 	 168.40281543 	 40.6104060913 	 1 	 0 	 1 	 -1 
110.065		233.413 	 157.192077099 	 48.5411120621 	 1 	 0 	 1 	 0 
110.065		246.587 	 198.894272312 	 44.92582654 	 1 	 0 	 1 	 0 
115.709		259.107 	 211.343543133 	 39.9916840133 	 1 	 0 	 1 	 0 
126.24		270 	 212.241389808 	 41.7346126979 	 0 	 0 	 1 	 0 
115.709		280.893 	 183.368631649 	 41.030555863 	 0 	 0 	 1 	 0 
110.065		293.413 	 209.382002741 	 40.4946443936 	 1 	 1 	 1 	 0 
110.065		306.587 	 181.840312316 	 45.7964556217 	 1 	 1 	 1 	 -1 
115.709		319.107 	 195.574865564 	 41.0852774834 	 0 	 0 	 1 	 0 
126.24		330 	 198.8700378 	 40.7225728467 	 1 	 1 	 1 	 0 
140.56		338.948 	 157.262796349 	 41.0132813495 	 0 	 1 	 1 	 1 
133.593		349.107 	 209.119055566 	 42.9066971315 	 0 	 0 	 1 	 -1 
131.188		0 	 198.256270359 	 44.6174451221 	 1 	 1 	 1 	 -1 
133.593		10.8934 	 214.078461331 	 35.4902119461 	 0 	 1 	 1 	 0 
140.56		21.0517 	 197.124491486 	 34.3365157868 	 0 	 1 	 1 	 -1 
151.459		30 	 195.911788997 	 37.2459502759 	 1 	 1 	 1 	 0 
140.56		38.9483 	 177.166613161 	 49.7502087341 	 0 	 1 	 1 	 1 
133.593		49.1066 	 158.708260491 	 42.7310317882 	 0 	 1 	 1 	 -1 
131.188		60 	 162.56765663 	 51.9755678433 	 1 	 0 	 1 	 0 
133.593		70.8934 	 219.876835231 	 39.9405096096 	 0 	 1 	 1 	 0 
140.56		81.0517 	 178.629759603 	 45.2869234662 	 1 	 1 	 1 	 -1 
151.459		90 	 220.319511199 	 47.0414532215 	 1 	 1 	 1 	 -1 
140.56		98.9483 	 213.217670358 	 37.7403034438 	 1 	 1 	 1 	 1 
133.593		109.107 	 166.841392555 	 45.9713312613 	 1 	 0 	 1 	 0 
131.188		120 	 200.089426782 	 40.8687921624 	 1 	 1 	 1 	 -1 
133.593		130.893 	 204.286662986 	 40.1100862771 	 1 	 0 	 1 	 -1 
140.56		141.052 	 213.606589463 	 35.513889453 	 1 	 1 	 1 	 0 
151.459		150 	 199.975880501 	 54.094082806 	 1 	 1 	 1 	 -1 
140.56		158.948 	 219.337507047 	 48.8206546916 	 0 	 1 	 1 	 -1 
133.593		169.107 	 213.750109772 	 36.1086968126 	 1 	 1 	 1 	 -1 
131.188		180 	 196.12279182 	 38.6921096289 	 0 	 0 	 1 	 -1 
133.593		190.893 	 174.038903963 	 40.5534177765 	 0 	 1 	 1 	 -1 
140.56		201.052 	 196.077197725 	 38.3323464455 	 0 	 0 	 1 	 1 
151.459		210 	 183.543193277 	 42.6199147351 	 1 	 0 	 1 	 0 
140.56		218.948 	 212.664541704 	 37.4481043194 	 0 	 1 	 1 	 1 
133.593		229.107 	 185.026815799 	 52.682570452 	 0 	 1 	 1 	 1 
131.188		240 	 197.46363558 	 41.9102534045 	 0 	 1 	 1 	 0 
133.592		250.893 	 206.816823025 	 39.9882468544 	 1 	 1 	 1 	 0 
140.56		261.052 	 226.817407835 	 41.5874086851 	 0 	 1 	 1 	 1 
151.459		270 	 195.446212244 	 43.0371064496 	 0 	 0 	 1 	 -1 
140.56		278.948 	 203.552465862 	 42.411400819 	 0 	 1 	 1 	 -1 
133.592		289.107 	 187.787284369 	 34.7164762682 	 1 	 1 	 1 	 0 
131.188		300 	 172.126477924 	 38.4171073436 	 1 	 1 	 1 	 1 
133.593		310.893 	 186.312144438 	 41.4475178132 	 0 	 0 	 1 	 -1 
140.56		321.052 	 196.189812776 	 44.9618812596 	 1 	 0 	 1 	 -1 
151.459		330 	 199.240074026 	 39.2241681027 	 1 	 0 	 1 	 -1 
165.51		337.589 	 195.77507787 	 41.6639074532 	 1 	 1 	 1 	 0 
157.635		346.102 	 208.859346692 	 52.4597956897 	 0 	 1 	 1 	 -1 
153.545		355.285 	 230.137907065 	 48.4411700083 	 1 	 0 	 1 	 0 
153.545		4.715 	 176.453556825 	 32.0179988194 	 0 	 1 	 1 	 -1 
157.635		13.8979 	 151.000538282 	 39.8064502423 	 0 	 1 	 1 	 -1 
165.51		22.4109 	 197.410495899 	 36.7932860666 	 0 	 1 	 1 	 1 
176.661		30 	 188.073767077 	 26.9754071141 	 1 	 1 	 1 	 1 
165.51		37.5891 	 207.109947721 	 52.228907443 	 1 	 0 	 1 	 0 
157.635		46.1021 	 200.439024311 	 44.5862455555 	 0 	 0 	 1 	 1 
153.545		55.285 	 198.318488058 	 34.5308891376 	 1 	 1 	 1 	 -1 
153.545		64.715 	 196.150164497 	 42.1896247499 	 1 	 1 	 1 	 -1 
157.635		73.8979 	 198.114473644 	 37.1559768577 	 0 	 1 	 1 	 0 
165.51		82.4109 	 235.377043726 	 46.067101149 	 1 	 1 	 1 	 1 
176.661		90 	 224.627522092 	 36.6503839185 	 0 	 0 	 1 	 0 
165.51		97.5891 	 200.453531109 	 41.2433909461 	 1 	 1 	 1 	 -1 
157.635		106.102 	 200.977364326 	 26.7311040196 	 0 	 0 	 1 	 0 
153.545		115.285 	 152.501531664 	 35.2400303255 	 1 	 1 	 1 	 0 
153.545		124.715 	 236.91655285 	 40.7472943178 	 0 	 0 	 1 	 -1 
157.635		133.898 	 193.29921227 	 50.6007364494 	 0 	 0 	 1 	 0 
165.51		142.411 	 240.267291631 	 45.1279248115 	 0 	 1 	 1 	 1 
176.661		150 	 216.115174439 	 42.2124925525 	 1 	 0 	 1 	 -1 
165.509		157.589 	 199.782400487 	 41.0126962332 	 0 	 1 	 1 	 0 
157.635		166.102 	 166.229955597 	 44.8920346124 	 0 	 0 	 1 	 -1 
153.546		175.285 	 165.261934106 	 43.623711592 	 1 	 1 	 1 	 1 
153.546		184.715 	 174.730548232 	 36.6783494666 	 1 	 1 	 1 	 -1 
157.635		193.898 	 167.871105305 	 45.549990216 	 1 	 0 	 1 	 0 
165.509		202.411 	 202.928769152 	 50.566966013 	 1 	 1 	 1 	 -1 
165.51		217.589 	 243.746491143 	 42.5099698831 	 0 	 0 	 1 	 0 
157.635		226.102 	 224.432293318 	 48.1459358297 	 0 	 1 	 1 	 0 
153.545		235.285 	 232.675057357 	 32.2212190083 	 1 	 0 	 1 	 -1 
153.545		244.715 	 206.81359328 	 33.4231261299 	 0 	 0 	 1 	 -1 
157.635		253.898 	 220.079980902 	 31.2060616779 	 1 	 0 	 1 	 0 
165.51		262.411 	 192.244369923 	 42.2349328325 	 0 	 1 	 1 	 1 
176.661		270 	 205.343126735 	 38.6778717525 	 1 	 0 	 1 	 -1 
165.51		277.589 	 202.285083883 	 41.3800413658 	 1 	 1 	 1 	 0 
157.635		286.102 	 174.362509936 	 40.6356225456 	 1 	 1 	 1 	 1 
153.545		295.285 	 199.259043005 	 37.1627213596 	 1 	 1 	 1 	 -1 
153.545		304.715 	 197.577662198 	 50.4758787787 	 1 	 0 	 1 	 1 
157.635		313.898 	 185.759041208 	 27.7330496344 	 0 	 1 	 1 	 0 
165.51		322.411 	 206.081132494 	 51.9557725121 	 0 	 0 	 1 	 1 
176.661		330 	 199.731235613 	 42.6915760537 	 0 	 1 	 1 	 0 
190.511		336.587 	 212.353184199 	 31.4488391463 	 0 	 0 	 1 	 -1 
181.979		343.898 	 175.241425312 	 48.3634918641 	 1 	 0 	 1 	 -1 
176.661		351.787 	 235.286489758 	 48.7877748211 	 1 	 0 	 1 	 0 
174.852		0 	 215.202611211 	 30.6576845815 	 1 	 0 	 1 	 0 
176.661		8.21321 	 182.245341799 	 35.9088529389 	 0 	 1 	 1 	 -1 
181.979		16.1021 	 202.326176561 	 41.7233625917 	 0 	 0 	 1 	 -1 
190.511		23.4132 	 199.506582469 	 51.0264813402 	 1 	 1 	 1 	 -1 
201.845		30 	 231.655159391 	 37.4271557216 	 0 	 1 	 1 	 1 
181.979		43.8979 	 210.365438871 	 47.8680469254 	 0 	 0 	 1 	 -1 
176.661		51.7868 	 198.823066316 	 41.3691340956 	 1 	 0 	 1 	 1 
174.852		60 	 240.012149011 	 37.0867189944 	 0 	 0 	 1 	 -1 
176.661		68.2132 	 196.378363206 	 40.8133442558 	 0 	 1 	 1 	 -1 
181.979		76.1021 	 197.589035083 	 40.7843273057 	 0 	 1 	 1 	 -1 
190.511		83.4132 	 198.417074251 	 29.0091580586 	 1 	 1 	 1 	 -1 
201.845		90 	 199.172795937 	 44.207204216 	 1 	 1 	 1 	 0 
190.511		96.5868 	 230.523768008 	 35.057843291 	 0 	 0 	 1 	 0 
181.979		103.898 	 207.701191577 	 30.5678659436 	 0 	 0 	 1 	 -1 
176.661		111.787 	 185.069046849 	 28.1798160027 	 0 	 1 	 1 	 -1 
174.852		120 	 200.841529147 	 42.7102728164 	 1 	 1 	 1 	 1 
176.661		128.213 	 162.816997078 	 45.1419056413 	 1 	 0 	 1 	 0 
181.979		136.102 	 221.056058417 	 36.4172879149 	 0 	 0 	 1 	 -1 
190.51		143.413 	 186.004225452 	 30.2907756528 	 0 	 0 	 1 	 -1 
201.845		150 	 243.239261742 	 39.7200659612 	 0 	 0 	 1 	 1 
190.511		156.587 	 218.565755406 	 38.6660480172 	 1 	 1 	 1 	 1 
181.979		163.898 	 175.890162647 	 38.6194120749 	 0 	 1 	 1 	 1 
176.661		171.787 	 211.565986851 	 40.8525504315 	 0 	 0 	 1 	 -1 
174.852		180 	 196.076435984 	 54.3909175675 	 0 	 1 	 1 	 0 
176.661		188.213 	 180.762684066 	 43.471103084 	 0 	 0 	 1 	 0 
181.979		196.102 	 197.56310187 	 39.5060545523 	 1 	 1 	 1 	 0 
190.511		203.413 	 203.390604946 	 38.3927189669 	 1 	 1 	 1 	 0 
201.845		210 	 165.609253167 	 46.9647414873 	 1 	 0 	 1 	 0 
190.51		216.587 	 211.153532011 	 50.9958888664 	 1 	 0 	 1 	 1 
181.979		223.898 	 195.428757388 	 43.4374598688 	 1 	 1 	 1 	 1 
176.661		231.787 	 190.723725731 	 39.3584803708 	 1 	 0 	 1 	 0 
174.853		240 	 193.653983345 	 55.5597846016 	 1 	 1 	 1 	 -1 
176.662		248.213 	 203.396096901 	 41.5672021751 	 0 	 1 	 1 	 1 
181.979		256.102 	 230.420475198 	 37.6525294007 	 0 	 1 	 1 	 1 
190.511		263.413 	 243.659636631 	 37.9355852341 	 1 	 1 	 1 	 -1 
190.511		276.587 	 172.517029348 	 41.7305672162 	 1 	 1 	 1 	 -1 
181.979		283.898 	 194.235488494 	 39.3693996283 	 0 	 1 	 1 	 1 
176.662		291.787 	 231.377932308 	 49.6873274674 	 0 	 1 	 1 	 -1 
174.853		300 	 244.04370931 	 45.0337971034 	 0 	 1 	 1 	 0 
176.661		308.213 	 231.459249518 	 43.690605483 	 1 	 0 	 1 	 -1 
181.979		316.102 	 154.403161873 	 38.3923887179 	 0 	 0 	 1 	 -1 
190.511		323.413 	 210.323301155 	 32.8114627473 	 1 	 0 	 1 	 -1 
201.845		330 	 202.273546884 	 44.955627093 	 0 	 1 	 1 	 1 
215.536		335.818 	 220.388812424 	 46.1849903852 	 1 	 0 	 1 	 -1 
206.511		342.216 	 194.617806215 	 46.916568479 	 0 	 0 	 1 	 -1 
200.265		349.107 	 173.463391379 	 54.3424764943 	 1 	 0 	 1 	 1 
197.068		356.329 	 177.702795608 	 38.9304852504 	 0 	 1 	 1 	 1 
197.068		3.6705 	 195.811551461 	 39.5539248389 	 0 	 0 	 1 	 -1 
200.265		10.8934 	 207.445781654 	 53.0765589167 	 0 	 1 	 1 	 0 
206.511		17.7836 	 225.664345718 	 40.6466243058 	 1 	 0 	 1 	 1 
215.536		24.1825 	 204.206581463 	 36.4563571096 	 0 	 0 	 1 	 -1 
227.007		30 	 196.069012012 	 40.233780421 	 0 	 1 	 1 	 1 
215.536		35.8175 	 183.748505934 	 41.2037064306 	 0 	 1 	 1 	 -1 
206.511		42.2164 	 189.027843021 	 43.8697829957 	 1 	 1 	 1 	 -1 
200.265		49.1066 	 195.780604718 	 38.4252386838 	 0 	 0 	 1 	 0 
197.068		56.3295 	 196.228523706 	 41.7895509212 	 0 	 1 	 1 	 1 
197.068		63.6705 	 219.492619812 	 39.2999489466 	 1 	 1 	 1 	 1 
200.265		70.8934 	 178.275822414 	 54.4593040344 	 1 	 0 	 1 	 1 
206.511		77.7836 	 205.154644412 	 30.8354801475 	 1 	 1 	 1 	 -1 
215.536		84.1825 	 207.937602935 	 33.90612334 	 1 	 0 	 1 	 0 
227.007		90 	 182.310084493 	 44.6146546617 	 0 	 1 	 1 	 0 
215.536		95.8175 	 201.845444399 	 44.440310287 	 1 	 1 	 1 	 0 
206.511		102.216 	 157.318024991 	 48.5511624931 	 0 	 0 	 1 	 1 
200.265		109.107 	 197.576775619 	 40.9706681757 	 1 	 0 	 1 	 0 
197.068		116.33 	 198.900086556 	 40.6469496392 	 0 	 0 	 1 	 -1 
197.068		123.671 	 189.017140638 	 44.5341923123 	 0 	 0 	 1 	 -1 
200.265		130.893 	 181.392216407 	 35.432203504 	 0 	 1 	 1 	 1 
206.51		137.784 	 200.993537442 	 42.3542957929 	 0 	 1 	 1 	 0 
215.536		144.182 	 190.219391906 	 42.7416083136 	 0 	 1 	 1 	 1 
227.007		150 	 208.473406053 	 32.2384000355 	 0 	 0 	 1 	 1 
215.536		155.818 	 194.376619683 	 38.4460882537 	 1 	 1 	 1 	 -1 
206.511		162.216 	 237.6019549 	 43.5265932286 	 0 	 1 	 1 	 1 
200.266		169.107 	 208.59289928 	 37.3562777158 	 1 	 0 	 1 	 1 
197.068		176.33 	 220.87101621 	 39.8152084459 	 1 	 0 	 1 	 1 
197.068		183.671 	 175.049532434 	 50.4856481861 	 1 	 0 	 1 	 1 
200.266		190.893 	 188.631141862 	 41.0896963596 	 0 	 1 	 1 	 0 
206.511		197.784 	 194.988595281 	 46.5592019362 	 1 	 0 	 1 	 0 
215.536		204.182 	 218.087273561 	 40.5592372557 	 1 	 1 	 1 	 -1 
227.007		210 	 216.106574693 	 38.7290838219 	 0 	 1 	 1 	 0 
215.536		215.818 	 164.61495975 	 30.7932199453 	 0 	 1 	 1 	 1 
206.51		222.216 	 195.186309892 	 39.4690384592 	 1 	 1 	 1 	 0 
200.265		229.107 	 196.780444998 	 47.2171555489 	 0 	 1 	 1 	 1 
197.068		236.329 	 223.723968405 	 42.7393663633 	 0 	 0 	 1 	 1 
197.068		243.671 	 187.818434723 	 46.4888183948 	 1 	 1 	 1 	 1 
200.265		250.893 	 159.722853456 	 36.0434733618 	 1 	 0 	 1 	 0 
206.51		257.784 	 200.797109013 	 40.1348394885 	 1 	 0 	 1 	 1 
215.536		264.182 	 156.185518306 	 34.9992881975 	 0 	 1 	 1 	 1 
227.007		270 	 210.183520421 	 47.6828280847 	 1 	 1 	 1 	 1 
215.536		275.818 	 196.896373932 	 41.3295935387 	 0 	 1 	 1 	 1 
206.51		282.216 	 182.712133856 	 49.1182034408 	 1 	 0 	 1 	 -1 
200.265		289.107 	 197.436300115 	 42.0526570312 	 0 	 0 	 1 	 0 
197.068		296.329 	 198.063096815 	 28.4122432292 	 1 	 0 	 1 	 0 
197.068		303.67 	 187.480661511 	 53.0081659222 	 1 	 0 	 1 	 1 
200.265		310.893 	 212.437704386 	 45.4037722718 	 0 	 1 	 1 	 0 
206.511		317.784 	 202.698947112 	 30.4332968893 	 1 	 1 	 1 	 -1 
227.008		330 	 155.772062739 	 34.2930563476 	 1 	 0 	 1 	 0 
240.57		335.209 	 225.905589874 	 47.4942096532 	 0 	 1 	 1 	 1 
231.161		340.893 	 230.420456759 	 41.1685286959 	 1 	 1 	 1 	 -1 
224.195		346.996 	 190.285889377 	 38.4363164394 	 1 	 0 	 1 	 -1 
219.909		353.413 	 195.737890249 	 50.269446897 	 0 	 1 	 1 	 1 
218.461		0 	 207.962500543 	 44.5058554259 	 0 	 0 	 1 	 -1 
219.909		6.58678 	 195.918061919 	 41.499625254 	 0 	 0 	 1 	 1 
224.195		13.0039 	 198.54601148 	 36.7227812693 	 1 	 0 	 1 	 1 
231.161		19.1066 	 197.895248403 	 36.7381321635 	 1 	 0 	 1 	 0 
240.57		24.7913 	 198.044500948 	 41.3380885899 	 0 	 0 	 1 	 -1 
252.146		30 	 190.002226615 	 42.6018860129 	 1 	 0 	 1 	 1 
240.57		35.2087 	 184.76666474 	 44.888451587 	 0 	 1 	 1 	 -1 
231.161		40.8934 	 168.424235987 	 35.7156229447 	 1 	 0 	 1 	 -1 
224.195		46.9961 	 200.815957451 	 34.8467027528 	 0 	 0 	 1 	 -1 
219.909		53.4132 	 231.352009691 	 31.1072551124 	 0 	 0 	 1 	 1 
218.461		60 	 153.533945157 	 38.1463057213 	 0 	 0 	 1 	 0 
219.909		66.5868 	 245.754940359 	 41.4675169765 	 1 	 1 	 1 	 1 
224.195		73.0039 	 204.889047082 	 34.3759897549 	 1 	 1 	 1 	 1 
231.161		79.1066 	 194.198435616 	 41.7623661654 	 0 	 0 	 1 	 -1 
240.57		84.7913 	 203.326190815 	 54.9973185195 	 0 	 0 	 1 	 -1 
240.57		95.2087 	 162.672902879 	 43.1483635929 	 0 	 0 	 1 	 1 
231.161		100.893 	 200.140230853 	 46.4735073848 	 1 	 0 	 1 	 1 
224.195		106.996 	 221.834894368 	 45.8311365573 	 1 	 0 	 1 	 -1 
219.909		113.413 	 240.734406678 	 42.0161520128 	 1 	 0 	 1 	 0 
218.461		120 	 185.575640359 	 36.6337848882 	 0 	 0 	 1 	 0 
219.909		126.587 	 220.375962793 	 49.9460302285 	 0 	 1 	 1 	 0 
224.195		133.004 	 191.551111791 	 42.5616211709 	 0 	 1 	 1 	 0 
231.161		139.107 	 212.403589955 	 40.2040124872 	 0 	 1 	 1 	 0 
252.146		150 	 158.550385203 	 48.059657337 	 1 	 0 	 1 	 0 
240.57		155.209 	 177.708156166 	 32.171119024 	 1 	 1 	 1 	 1 
231.16		160.893 	 169.090040565 	 51.5348634665 	 0 	 1 	 1 	 -1 
224.196		166.996 	 210.186648622 	 36.3618880311 	 1 	 1 	 1 	 0 
219.909		173.413 	 196.661050203 	 39.8446189301 	 1 	 1 	 1 	 0 
218.461		180 	 202.793222926 	 46.7121860187 	 0 	 1 	 1 	 -1 
219.909		186.587 	 192.497398216 	 37.2783969294 	 0 	 0 	 1 	 0 
224.196		193.004 	 167.914689078 	 42.4729167119 	 0 	 0 	 1 	 0 
231.16		199.107 	 192.76365392 	 40.1264821379 	 1 	 1 	 1 	 -1 
240.57		204.791 	 186.42558337 	 37.7853125233 	 1 	 0 	 1 	 -1 
252.146		210 	 196.920603017 	 40.8855737355 	 0 	 1 	 1 	 1 
240.57		215.209 	 198.041497095 	 42.2849524325 	 1 	 0 	 1 	 0 
231.161		220.893 	 185.17460481 	 29.5991273355 	 0 	 1 	 1 	 0 
224.196		226.996 	 199.853378553 	 39.9753452986 	 1 	 1 	 1 	 -1 
219.909		233.413 	 167.209947897 	 46.7394162839 	 1 	 1 	 1 	 1 
218.461		240 	 218.830985991 	 41.7768926533 	 0 	 1 	 1 	 -1 
219.909		246.587 	 174.171996677 	 50.7482712278 	 0 	 1 	 1 	 -1 
224.195		253.004 	 216.153941621 	 38.6866948405 	 0 	 1 	 1 	 1 
231.16		259.107 	 215.818465691 	 48.2807980102 	 0 	 0 	 1 	 0 
240.57		264.791 	 176.465619171 	 45.0146737312 	 0 	 0 	 1 	 0 
252.146		270 	 177.798608584 	 27.7163677665 	 1 	 0 	 1 	 0 
240.57		275.209 	 168.116054839 	 42.0953016447 	 0 	 1 	 1 	 0 
231.16		280.893 	 197.416426815 	 42.8098673861 	 0 	 1 	 1 	 -1 
224.195		286.996 	 197.197568999 	 43.0468401229 	 1 	 1 	 1 	 0 
219.909		293.413 	 166.343714141 	 46.4242699392 	 1 	 1 	 1 	 -1 
218.461		300 	 188.107623489 	 41.6795524096 	 0 	 1 	 1 	 0 
219.909		306.587 	 238.949129408 	 33.8373921832 	 1 	 0 	 1 	 0 
224.196		313.004 	 171.458091464 	 37.8960350291 	 1 	 0 	 1 	 -1 
231.161		319.107 	 231.796754104 	 43.0553560209 	 0 	 0 	 1 	 1 
240.57		324.791 	 219.879313386 	 42.8107889614 	 1 	 1 	 1 	 0 
252.146		330 	 234.733294275 	 46.8990325385 	 0 	 0 	 1 	 1 
265.601		334.715 	 208.843716931 	 51.0453980117 	 0 	 1 	 1 	 -1 
255.886		339.826 	 198.187923424 	 34.6227614001 	 1 	 0 	 1 	 -1 
248.348		345.295 	 206.309515991 	 38.4911585977 	 0 	 1 	 1 	 0 
243.191		351.052 	 210.27722239 	 47.8249474948 	 0 	 0 	 1 	 -1 
240.57		356.996 	 207.695016225 	 41.8760459478 	 1 	 0 	 1 	 -1 
240.57		3.00449 	 198.526193345 	 40.9150098351 	 0 	 1 	 1 	 -1 
243.191		8.94827 	 179.529762626 	 42.332784508 	 0 	 0 	 1 	 1 
248.348		14.7047 	 205.502568224 	 40.4311769219 	 0 	 1 	 1 	 1 
255.886		20.1736 	 228.964220508 	 38.9195615139 	 1 	 0 	 1 	 -1 
265.601		25.285 	 188.603827175 	 42.605125012 	 1 	 0 	 1 	 -1 
277.258		30 	 194.006603021 	 52.6404987499 	 1 	 1 	 1 	 1 
265.601		34.715 	 176.998096487 	 43.1999118575 	 0 	 0 	 1 	 0 
255.887		39.8264 	 193.287919418 	 47.1787663427 	 0 	 0 	 1 	 0 
248.348		45.2953 	 194.399397864 	 42.7154420105 	 0 	 1 	 1 	 -1 
243.191		51.0517 	 236.969019901 	 43.4656245124 	 1 	 1 	 1 	 -1 
240.57		56.9955 	 217.771039842 	 29.1905909064 	 0 	 1 	 1 	 -1 
240.57		63.0045 	 210.80635287 	 31.5040705997 	 0 	 0 	 1 	 0 
243.191		68.9483 	 213.048684089 	 42.1323257432 	 0 	 1 	 1 	 1 
248.348		74.7047 	 228.569525987 	 39.1652311014 	 1 	 0 	 1 	 -1 
255.887		80.1736 	 203.577862754 	 40.8031877808 	 0 	 1 	 1 	 0 
265.601		85.285 	 196.638709992 	 42.16941133 	 0 	 0 	 1 	 0 
277.257		90 	 200.782708382 	 44.0754333751 	 0 	 1 	 1 	 -1 
265.601		94.715 	 197.465758567 	 41.3888088745 	 1 	 1 	 1 	 1 
255.887		99.8264 	 179.713953861 	 46.2963803483 	 1 	 1 	 1 	 1 
248.348		105.295 	 217.105958674 	 42.0464781976 	 0 	 0 	 1 	 0 
243.191		111.052 	 194.843743608 	 37.6186866933 	 0 	 0 	 1 	 -1 
240.57		116.996 	 219.183995293 	 41.0839384141 	 1 	 1 	 1 	 1 
240.57		123.005 	 226.860430225 	 35.9850421836 	 1 	 1 	 1 	 1 
243.191		128.948 	 149.001608923 	 42.7294754746 	 0 	 0 	 1 	 1 
248.348		134.705 	 190.094789662 	 54.3098000498 	 0 	 1 	 1 	 1 
255.887		140.174 	 225.011034446 	 35.5047169862 	 1 	 1 	 1 	 1 
265.6		145.285 	 166.306189193 	 46.9475271675 	 1 	 1 	 1 	 1 
277.257		150 	 213.155102335 	 38.0988643015 	 0 	 1 	 1 	 1 
265.601		154.715 	 198.350020361 	 42.2516859946 	 0 	 0 	 1 	 1 
255.886		159.826 	 187.701953878 	 41.8283539912 	 1 	 0 	 1 	 0 
248.348		165.295 	 218.532008139 	 42.2097005818 	 0 	 1 	 1 	 0 
243.191		171.052 	 197.038555503 	 41.156236965 	 1 	 1 	 1 	 -1 
240.57		176.996 	 229.193708587 	 41.7615679516 	 1 	 0 	 1 	 1 
240.57		183.005 	 168.926784186 	 35.1504017926 	 0 	 1 	 1 	 1 
243.191		188.948 	 191.487471421 	 35.4241504642 	 1 	 0 	 1 	 -1 
248.348		194.705 	 196.293002941 	 37.3569440738 	 1 	 1 	 1 	 -1 
255.886		200.174 	 173.644658057 	 29.389909607 	 0 	 0 	 1 	 0 
265.601		205.285 	 201.121407797 	 40.4520388216 	 1 	 1 	 1 	 -1 
277.258		210 	 189.245968782 	 42.7568083195 	 0 	 0 	 1 	 -1 
265.6		214.715 	 160.196345852 	 44.4893904857 	 0 	 1 	 1 	 1 
255.887		219.826 	 181.129147694 	 35.5616391736 	 0 	 1 	 1 	 -1 
248.348		225.295 	 198.554404462 	 43.2418271329 	 0 	 0 	 1 	 0 
243.191		231.052 	 213.81658177 	 49.6191114763 	 1 	 1 	 1 	 -1 
240.57		236.995 	 236.748109875 	 38.7643741325 	 1 	 1 	 1 	 0 
240.57		243.004 	 205.007904173 	 41.1343062003 	 1 	 0 	 1 	 1 
243.19		248.948 	 202.056080657 	 44.3209660923 	 1 	 0 	 1 	 0 
248.348		254.705 	 224.184960495 	 39.4885662192 	 0 	 0 	 1 	 -1 
255.886		260.174 	 190.327089066 	 38.3234163057 	 0 	 0 	 1 	 1 
265.601		265.285 	 183.544936907 	 35.1457683445 	 1 	 0 	 1 	 0 
277.258		270 	 191.096859793 	 44.0226412143 	 1 	 1 	 1 	 0 
265.601		274.715 	 205.604434032 	 41.5881102661 	 1 	 0 	 1 	 0 
255.886		279.826 	 163.099604015 	 48.13129222 	 1 	 0 	 1 	 1 
248.348		285.295 	 179.763538591 	 47.9113772674 	 0 	 1 	 1 	 -1 
243.19		291.052 	 197.338770862 	 41.1491527416 	 1 	 0 	 1 	 0 
240.57		296.996 	 189.858471499 	 45.1084218044 	 1 	 1 	 1 	 -1 
240.57		303.004 	 188.605546488 	 40.576359955 	 1 	 0 	 1 	 0 
243.191		308.948 	 181.469038581 	 54.4696343816 	 0 	 0 	 1 	 0 
248.348		314.705 	 214.050355563 	 40.4449858235 	 0 	 1 	 1 	 1 
255.886		320.174 	 168.94193612 	 38.6654694735 	 1 	 1 	 1 	 0 
265.6		325.285 	 209.591692733 	 31.9763653484 	 0 	 1 	 1 	 1 
277.258		330 	 216.351622739 	 47.0232233397 	 1 	 1 	 1 	 0 
290.619		334.307 	 194.344186008 	 40.5607137989 	 0 	 1 	 1 	 -1 
280.659		338.948 	 153.382876678 	 38.9262255896 	 1 	 1 	 1 	 1 
272.656		343.898 	 205.815160273 	 39.7871314862 	 1 	 0 	 1 	 0 
266.79		349.107 	 203.707990398 	 40.2937039568 	 1 	 0 	 1 	 0 
263.206		354.504 	 202.710407149 	 36.5113475498 	 0 	 1 	 1 	 -1 
262.001		0 	 186.269718296 	 55.0511490802 	 1 	 1 	 1 	 -1 
263.206		5.49637 	 216.630312028 	 48.6730147975 	 1 	 0 	 1 	 -1 
266.79		10.8934 	 237.050450791 	 39.1499405031 	 1 	 0 	 1 	 0 
272.656		16.1021 	 188.702567197 	 37.7927322367 	 1 	 1 	 1 	 0 
280.659		21.0517 	 195.492097659 	 36.3597689653 	 1 	 1 	 1 	 0 
290.619		25.6934 	 197.773515912 	 40.9681673298 	 1 	 1 	 1 	 -1 
302.34		30 	 213.85284846 	 54.0113087306 	 0 	 1 	 1 	 0 
290.619		34.3066 	 210.747554751 	 43.9484268141 	 1 	 1 	 1 	 1 
280.659		38.9483 	 225.414385985 	 36.2629149236 	 1 	 0 	 1 	 -1 
272.656		43.8979 	 180.265237756 	 41.4533091428 	 0 	 1 	 1 	 0 
266.789		49.1066 	 207.361254247 	 43.7911333096 	 0 	 1 	 1 	 0 
263.206		54.5036 	 218.241941458 	 47.9832744141 	 1 	 0 	 1 	 1 
262.001		60 	 210.990346001 	 45.3309642963 	 0 	 1 	 1 	 -1 
263.206		65.4964 	 198.341798686 	 41.0423126559 	 1 	 1 	 1 	 -1 
266.79		70.8934 	 210.109687877 	 47.0896728461 	 0 	 1 	 1 	 -1 
272.656		76.1021 	 245.907275953 	 39.8445987794 	 0 	 1 	 1 	 0 
280.659		81.0517 	 182.731935827 	 35.4718862186 	 0 	 1 	 1 	 -1 
290.619		85.6934 	 236.574002385 	 42.4272442897 	 1 	 1 	 1 	 -1 
302.34		90 	 210.071682766 	 43.8148261102 	 0 	 0 	 1 	 -1 
290.619		94.3066 	 205.651821612 	 41.5750864929 	 1 	 1 	 1 	 1 
280.659		98.9483 	 178.523454144 	 50.9254060958 	 0 	 1 	 1 	 0 
272.655		103.898 	 177.829652795 	 39.7542730016 	 0 	 0 	 1 	 0 
266.79		109.107 	 180.230998635 	 45.5120704063 	 0 	 0 	 1 	 1 
263.206		114.504 	 197.704172794 	 33.4142062164 	 0 	 1 	 1 	 -1 
262		120 	 170.023709156 	 42.6705907286 	 0 	 0 	 1 	 -1 
263.206		125.496 	 215.35225289 	 41.0191372249 	 0 	 1 	 1 	 1 
266.79		130.893 	 192.487515251 	 47.1657859571 	 1 	 1 	 1 	 1 
272.655		136.102 	 198.203839071 	 40.4200868048 	 0 	 1 	 1 	 0 
280.659		141.052 	 165.688771769 	 33.512409072 	 0 	 1 	 1 	 1 
290.619		145.693 	 210.313739529 	 31.6945128207 	 0 	 0 	 1 	 1 
302.34		150 	 198.888673206 	 41.7510399068 	 1 	 1 	 1 	 0 
290.619		154.307 	 184.914586097 	 41.4441546014 	 1 	 0 	 1 	 -1 
280.659		158.948 	 186.354158782 	 41.8716646769 	 0 	 1 	 1 	 1 
272.656		163.898 	 159.951129972 	 49.8236121678 	 0 	 1 	 1 	 -1 
266.789		169.107 	 185.842633038 	 27.1773958768 	 0 	 0 	 1 	 0 
263.206		174.504 	 190.52246728 	 42.0648370595 	 1 	 1 	 1 	 0 
262.001		180 	 235.022566242 	 35.2270125362 	 0 	 0 	 1 	 -1 
263.206		185.496 	 238.738196552 	 41.855046827 	 0 	 0 	 1 	 0 
266.789		190.893 	 193.027133089 	 48.3964127121 	 1 	 0 	 1 	 0 
272.656		196.102 	 214.031552678 	 38.5909324318 	 0 	 1 	 1 	 -1 
280.659		201.052 	 173.676022495 	 39.2904989609 	 0 	 1 	 1 	 -1 
290.619		205.693 	 184.108895672 	 33.3904636427 	 1 	 1 	 1 	 -1 
302.34		210 	 198.695847542 	 37.5950611414 	 1 	 0 	 1 	 0 
290.619		214.307 	 200.160588172 	 43.1064998521 	 0 	 0 	 1 	 -1 
280.658		218.948 	 209.205291611 	 35.3323564433 	 1 	 1 	 1 	 0 
272.656		223.898 	 240.553911284 	 44.9971812928 	 0 	 1 	 1 	 0 
266.79		229.107 	 195.014498139 	 40.2135002556 	 0 	 0 	 1 	 -1 
263.206		234.504 	 244.920789881 	 41.3399647854 	 1 	 0 	 1 	 -1 
262		240 	 187.533777607 	 37.3139256983 	 1 	 0 	 1 	 1 
263.206		245.496 	 161.303409081 	 32.7950190649 	 1 	 0 	 1 	 -1 
266.789		250.893 	 201.359807025 	 42.7506140272 	 0 	 0 	 1 	 -1 
272.656		256.102 	 214.694964014 	 41.3383257167 	 1 	 0 	 1 	 0 
280.659		261.052 	 235.744022669 	 36.0042622441 	 0 	 0 	 1 	 0 
290.62		265.693 	 175.365512528 	 33.951809421 	 0 	 0 	 1 	 1 
302.34		270 	 190.176722685 	 34.1450429695 	 0 	 0 	 1 	 0 
290.62		274.307 	 225.123993825 	 34.7321245889 	 1 	 0 	 1 	 -1 
280.659		278.948 	 207.290399684 	 32.8362817244 	 1 	 0 	 1 	 0 
272.656		283.898 	 185.956914937 	 52.5890778654 	 1 	 1 	 1 	 0 
266.789		289.107 	 223.782335167 	 30.1834770216 	 0 	 0 	 1 	 1 
263.206		294.504 	 189.954633431 	 33.4729870663 	 1 	 1 	 1 	 -1 
262		300 	 202.951208293 	 28.5255898626 	 1 	 1 	 1 	 0 
263.206		305.496 	 184.783020852 	 33.6125129356 	 1 	 1 	 1 	 1 
266.79		310.893 	 211.109292205 	 31.8159321314 	 0 	 0 	 1 	 -1 
272.656		316.102 	 195.578236883 	 43.0765974187 	 1 	 1 	 1 	 0 
280.659		321.052 	 229.994450498 	 32.8028751092 	 1 	 1 	 1 	 -1 
290.619		325.693 	 203.742928496 	 41.231150596 	 0 	 0 	 1 	 1 
302.34		330 	 185.269151763 	 31.6102526126 	 0 	 0 	 1 	 0 
315.62		333.963 	 240.257350279 	 39.2266961211 	 1 	 1 	 1 	 -1 
305.457		338.213 	 171.766356254 	 31.1646617685 	 0 	 0 	 1 	 0 
297.071		342.731 	 203.405153423 	 40.7846708089 	 1 	 1 	 1 	 1 
290.619		347.48 	 220.845921595 	 29.8894442553 	 0 	 1 	 1 	 -1 
286.236		352.411 	 197.737478218 	 41.0908493503 	 0 	 1 	 1 	 1 
284.018		357.457 	 211.584765239 	 48.495041775 	 0 	 0 	 1 	 1 
284.018		2.54292 	 164.222357048 	 46.0531601725 	 0 	 0 	 1 	 1 
286.236		7.58909 	 188.789041906 	 43.0728688836 	 1 	 1 	 1 	 -1 
290.619		12.5198 	 219.098581672 	 38.15971931 	 1 	 0 	 1 	 -1 
297.071		17.2695 	 205.438062342 	 34.5596955944 	 1 	 0 	 1 	 1 
305.457		21.7868 	 222.641573294 	 36.5343384918 	 1 	 0 	 1 	 0 
315.62		26.0368 	 206.821410342 	 42.1650612609 	 1 	 1 	 1 	 1 
327.39		30 	 205.160248738 	 38.4733554124 	 0 	 0 	 1 	 0 
305.457		38.2132 	 204.933398149 	 33.5235194349 	 0 	 0 	 1 	 1 
297.071		42.7305 	 236.284197765 	 34.9272346183 	 1 	 1 	 1 	 0 
290.619		47.4802 	 198.208118714 	 39.4336415441 	 1 	 1 	 1 	 0 
286.236		52.4109 	 235.721977624 	 37.2867306955 	 1 	 0 	 1 	 0 
284.018		57.4571 	 152.811274464 	 39.7416094708 	 0 	 0 	 1 	 -1 
284.018		62.5429 	 183.92097468 	 27.7323186039 	 1 	 0 	 1 	 -1 
286.236		67.5891 	 233.094609155 	 47.6315428772 	 1 	 0 	 1 	 0 
290.619		72.5198 	 191.359700993 	 39.2259922172 	 1 	 0 	 1 	 -1 
297.071		77.2695 	 201.998844157 	 40.3146103896 	 1 	 0 	 1 	 0 
305.457		81.7868 	 235.000110923 	 37.083440942 	 0 	 0 	 1 	 0 
315.62		86.0368 	 161.438169505 	 32.6486896027 	 1 	 1 	 1 	 0 
327.39		90 	 228.089440565 	 38.7045751896 	 0 	 1 	 1 	 0 
315.62		93.9632 	 189.844104077 	 44.3662590244 	 1 	 0 	 1 	 1 
305.457		98.2132 	 205.323945786 	 53.12427869 	 1 	 1 	 1 	 0 
297.071		102.731 	 188.504228075 	 43.5596330119 	 1 	 1 	 1 	 -1 
290.619		107.48 	 199.388137151 	 38.6016802993 	 0 	 1 	 1 	 1 
286.236		112.411 	 222.331326283 	 41.1583813973 	 1 	 1 	 1 	 -1 
284.018		117.457 	 244.365496588 	 40.9263176126 	 0 	 0 	 1 	 -1 
284.018		122.543 	 205.460220869 	 43.2240909637 	 0 	 1 	 1 	 1 
286.236		127.589 	 207.750526051 	 43.1832398851 	 0 	 0 	 1 	 -1 
290.62		132.52 	 213.082965473 	 41.4984329074 	 0 	 0 	 1 	 -1 
297.071		137.269 	 203.410423508 	 43.1050642399 	 1 	 1 	 1 	 1 
305.457		141.787 	 174.699495725 	 36.6506270808 	 1 	 1 	 1 	 0 
315.62		146.037 	 219.670168609 	 38.5862266897 	 1 	 1 	 1 	 1 
327.39		150 	 221.257359595 	 39.3271125798 	 0 	 0 	 1 	 1 
315.619		153.963 	 218.040146413 	 31.1904747145 	 1 	 0 	 1 	 -1 
305.457		158.213 	 177.623036938 	 36.7245003578 	 1 	 0 	 1 	 1 
297.071		162.731 	 197.636787934 	 34.2448595959 	 0 	 0 	 1 	 -1 
290.62		167.48 	 217.520698715 	 33.9515406196 	 1 	 0 	 1 	 -1 
286.236		172.411 	 197.935142752 	 41.0120422672 	 1 	 0 	 1 	 1 
284.019		177.457 	 182.315460616 	 46.8323346876 	 1 	 1 	 1 	 0 
284.019		182.543 	 225.137628774 	 38.2554462759 	 0 	 1 	 1 	 -1 
286.236		187.589 	 201.846335269 	 47.7796123995 	 0 	 1 	 1 	 1 
290.62		192.52 	 220.701187196 	 30.3075532037 	 0 	 0 	 1 	 -1 
297.071		197.269 	 210.811911925 	 51.6770746191 	 0 	 1 	 1 	 -1 
305.457		201.787 	 195.301506189 	 39.6593335145 	 0 	 0 	 1 	 1 
315.62		206.037 	 203.528908096 	 28.3955689111 	 0 	 1 	 1 	 -1 
327.39		210 	 206.581325325 	 54.1045301889 	 1 	 0 	 1 	 -1 
315.62		213.963 	 236.229232744 	 37.5421374536 	 1 	 1 	 1 	 -1 
305.457		218.213 	 201.582316792 	 40.3477555626 	 0 	 1 	 1 	 0 
297.071		222.731 	 226.252018727 	 51.3300399616 	 1 	 0 	 1 	 1 
290.619		227.48 	 191.886218873 	 42.0246001873 	 1 	 0 	 1 	 1 
286.236		232.411 	 199.892225547 	 44.2993522459 	 1 	 0 	 1 	 -1 
284.018		237.457 	 174.891448971 	 34.3192148691 	 1 	 1 	 1 	 -1 
284.019		242.543 	 201.753228089 	 37.2626118989 	 1 	 1 	 1 	 1 
286.236		247.589 	 229.749056878 	 36.6265899954 	 1 	 0 	 1 	 1 
290.62		252.52 	 225.346348095 	 35.1089030396 	 1 	 1 	 1 	 1 
297.071		257.269 	 196.590299448 	 41.6634447502 	 0 	 0 	 1 	 1 
305.457		261.787 	 206.968313894 	 37.2451008314 	 0 	 0 	 1 	 -1 
315.62		266.037 	 211.323051982 	 44.4472950852 	 1 	 1 	 1 	 1 
327.39		270 	 215.963515697 	 35.3060888169 	 1 	 0 	 1 	 1 
315.62		273.963 	 220.047896971 	 36.0282403398 	 0 	 1 	 1 	 1 
305.457		278.213 	 203.931248833 	 42.6432609048 	 0 	 1 	 1 	 1 
297.071		282.731 	 202.774377435 	 38.0808978553 	 1 	 1 	 1 	 0 
290.62		287.48 	 206.474068038 	 39.9429498939 	 0 	 1 	 1 	 1 
286.236		292.411 	 184.233444304 	 54.3199078108 	 0 	 0 	 1 	 -1 
284.019		297.457 	 247.161523373 	 42.3476688431 	 1 	 0 	 1 	 0 
284.018		302.543 	 209.573820281 	 39.2642560676 	 1 	 1 	 1 	 -1 
286.236		307.589 	 229.468570854 	 43.7998812669 	 0 	 0 	 1 	 -1 
290.619		312.52 	 197.671689775 	 41.8292529059 	 1 	 1 	 1 	 -1 
297.071		317.269 	 242.274312307 	 44.5807405748 	 1 	 0 	 1 	 0 
305.457		321.787 	 177.319281524 	 43.5702904667 	 0 	 0 	 1 	 0 
327.39		330 	 198.978436983 	 50.550642107 	 1 	 1 	 1 	 -1 
340.597		333.67 	 201.436156573 	 37.8923170045 	 1 	 0 	 1 	 1 
330.266		337.589 	 196.421031565 	 38.3383814415 	 0 	 0 	 1 	 0 
321.56		341.742 	 200.189000269 	 35.417892997 	 1 	 1 	 1 	 1 
314.619		346.102 	 209.36699104 	 41.5989122308 	 0 	 0 	 1 	 1 
309.563		350.633 	 192.479324738 	 38.8727228497 	 0 	 0 	 1 	 1 
306.489		355.285 	 190.867243164 	 43.9376067784 	 1 	 1 	 1 	 -1 
305.457		0 	 206.070946517 	 46.712243509 	 0 	 1 	 1 	 -1 
306.489		4.715 	 195.661625738 	 38.318829757 	 0 	 1 	 1 	 0 
309.563		9.367 	 199.090517185 	 34.6613257737 	 0 	 0 	 1 	 0 
314.619		13.8979 	 196.86890652 	 38.1296505079 	 0 	 0 	 1 	 0 
321.56		18.2585 	 188.929328148 	 39.789883946 	 1 	 0 	 1 	 -1 
330.266		22.4109 	 199.470808931 	 38.8486199077 	 1 	 1 	 1 	 -1 
340.597		26.3295 	 180.530862432 	 49.3468080021 	 1 	 0 	 1 	 1 
352.406		30 	 215.154122505 	 38.045676456 	 0 	 0 	 1 	 0 
340.597		33.6705 	 194.509841765 	 53.8889004705 	 1 	 0 	 1 	 0 
330.266		37.5891 	 216.186284311 	 44.5948366536 	 1 	 0 	 1 	 1 
321.56		41.7415 	 187.236491796 	 37.2970651873 	 0 	 0 	 1 	 1 
314.619		46.1021 	 190.405450604 	 45.1379759975 	 1 	 1 	 1 	 1 
309.563		50.633 	 218.93828151 	 45.4624923773 	 1 	 0 	 1 	 0 
306.489		55.285 	 197.985743537 	 40.9980103101 	 0 	 1 	 1 	 1 
305.457		60 	 165.435578333 	 38.561543641 	 0 	 1 	 1 	 -1 
306.489		64.715 	 211.740650276 	 37.7503200094 	 1 	 1 	 1 	 0 
309.563		69.367 	 201.115344171 	 41.927509707 	 0 	 0 	 1 	 1 
314.619		73.8979 	 207.622925351 	 42.3268261738 	 1 	 0 	 1 	 0 
321.56		78.2585 	 213.293743482 	 41.0542327512 	 1 	 1 	 1 	 -1 
330.266		82.4109 	 180.548257577 	 42.9303512488 	 1 	 0 	 1 	 -1 
340.597		86.3295 	 218.267074079 	 47.5447663385 	 1 	 0 	 1 	 1 
352.406		90 	 154.340057697 	 38.383885588 	 1 	 1 	 1 	 0 
340.597		93.6705 	 186.139781708 	 35.6507964643 	 1 	 1 	 1 	 -1 
330.266		97.5891 	 195.332341493 	 43.0420749951 	 1 	 0 	 1 	 0 
321.56		101.742 	 178.171824498 	 46.7726464087 	 0 	 1 	 1 	 0 
314.619		106.102 	 191.080749349 	 46.8507776262 	 1 	 0 	 1 	 1 
309.563		110.633 	 199.170668716 	 42.2194396994 	 1 	 1 	 1 	 -1 
306.489		115.285 	 223.498621588 	 36.6290791987 	 1 	 1 	 1 	 0 
305.457		120 	 214.522782558 	 43.1203426761 	 0 	 0 	 1 	 0 
306.489		124.715 	 170.325981084 	 30.6620829786 	 0 	 0 	 1 	 0 
309.563		129.367 	 231.01710525 	 45.7478462645 	 0 	 1 	 1 	 0 
314.619		133.898 	 161.153448484 	 40.6941492322 	 1 	 1 	 1 	 -1 
321.56		138.258 	 214.736815981 	 43.7217877825 	 0 	 0 	 1 	 -1 
330.266		142.411 	 196.226142407 	 42.2437455098 	 1 	 0 	 1 	 -1 
340.597		146.329 	 239.945990995 	 39.9598142256 	 0 	 1 	 1 	 -1 
352.406		150 	 226.806563248 	 49.7724116504 	 0 	 0 	 1 	 1 
340.597		153.671 	 179.881884733 	 45.2538153243 	 0 	 1 	 1 	 0 
330.266		157.589 	 212.2842221 	 44.9546775367 	 1 	 1 	 1 	 1 
321.561		161.742 	 200.402745432 	 40.2032418407 	 0 	 1 	 1 	 0 
314.618		166.102 	 195.936984111 	 45.14930056 	 0 	 0 	 1 	 -1 
309.563		170.633 	 179.568082425 	 44.6004477963 	 0 	 1 	 1 	 -1 
306.488		175.285 	 214.519678185 	 33.9545125141 	 1 	 0 	 1 	 1 
305.457		180 	 202.651018785 	 41.1959114816 	 1 	 1 	 1 	 1 
306.488		184.715 	 202.307840155 	 39.793419431 	 0 	 1 	 1 	 -1 
309.563		189.367 	 195.775818355 	 41.6006799182 	 1 	 1 	 1 	 1 
314.618		193.898 	 189.323902908 	 43.0021589059 	 0 	 0 	 1 	 1 
321.561		198.258 	 239.524698894 	 44.7783603899 	 1 	 0 	 1 	 -1 
330.266		202.411 	 200.613673483 	 44.3325121161 	 1 	 1 	 1 	 1 
340.597		206.329 	 221.384750903 	 29.6641386107 	 0 	 1 	 1 	 -1 
352.406		210 	 192.228893712 	 32.4760142018 	 1 	 0 	 1 	 0 
330.266		217.589 	 163.148942619 	 35.9820437529 	 1 	 0 	 1 	 -1 
321.56		221.742 	 195.784891581 	 40.348162829 	 0 	 1 	 1 	 0 
314.619		226.102 	 201.037936451 	 40.9225353384 	 0 	 0 	 1 	 1 
309.563		230.633 	 185.148641903 	 41.215795471 	 1 	 0 	 1 	 1 
306.489		235.285 	 197.421898049 	 41.5500914487 	 0 	 1 	 1 	 -1 
305.456		240 	 198.273409989 	 50.5962148759 	 1 	 1 	 1 	 0 
306.488		244.715 	 158.420828961 	 43.3082850165 	 1 	 0 	 1 	 -1 
309.563		249.367 	 166.235873574 	 38.9042552376 	 0 	 0 	 1 	 -1 
314.619		253.898 	 205.778449847 	 33.9488494813 	 1 	 1 	 1 	 -1 
321.56		258.258 	 212.281580395 	 45.8786496558 	 0 	 0 	 1 	 1 
330.266		262.411 	 180.467617519 	 32.3867711804 	 1 	 1 	 1 	 -1 
340.597		266.33 	 180.833078717 	 51.8126240208 	 0 	 1 	 1 	 0 
340.597		273.671 	 240.981750476 	 43.4673289048 	 0 	 0 	 1 	 0 
330.266		277.589 	 210.954319327 	 36.6476137335 	 0 	 1 	 1 	 1 
321.56		281.742 	 206.412115513 	 49.225707161 	 0 	 0 	 1 	 -1 
314.619		286.102 	 198.989571524 	 41.6525729632 	 0 	 0 	 1 	 1 
309.563		290.633 	 175.900591174 	 36.0315940838 	 0 	 1 	 1 	 0 
306.488		295.285 	 202.415802952 	 37.0802368644 	 1 	 0 	 1 	 1 
305.457		300 	 150.792869926 	 37.3131479308 	 1 	 1 	 1 	 0 
306.489		304.715 	 207.168717256 	 43.6922617833 	 0 	 0 	 1 	 1 
309.563		309.367 	 220.888715995 	 30.6539557473 	 1 	 1 	 1 	 -1 
314.619		313.898 	 216.806881708 	 44.1481007649 	 1 	 1 	 1 	 1 
321.56		318.258 	 198.825035931 	 36.4360682601 	 0 	 1 	 1 	 0 
330.266		322.411 	 207.998628833 	 34.6234246005 	 0 	 0 	 1 	 -1 
340.597		326.33 	 216.386425096 	 47.2538699264 	 1 	 1 	 1 	 1 
352.406		330 	 179.461652774 	 47.3098682693 	 0 	 0 	 1 	 -1 
365.546		333.418 	 197.517125408 	 37.1143739944 	 0 	 0 	 1 	 1 
355.074		337.053 	 189.948282028 	 40.7775714296 	 0 	 1 	 1 	 -1 
346.099		340.893 	 198.345394574 	 41.0554045676 	 1 	 0 	 1 	 0 
338.742		344.921 	 199.307673831 	 34.9832540928 	 0 	 1 	 1 	 0 
333.116		349.107 	 223.76074342 	 34.3206574782 	 0 	 1 	 1 	 0 
329.31		353.413 	 201.542648281 	 50.1312769831 	 0 	 1 	 1 	 0 
327.39		357.796 	 175.268867069 	 47.5494956364 	 0 	 1 	 1 	 1 
327.39		2.20423 	 183.922336714 	 28.6540734503 	 0 	 0 	 1 	 1 
329.31		6.58678 	 204.969142274 	 42.8181890551 	 0 	 0 	 1 	 -1 
333.116		10.8934 	 192.723934672 	 40.1158929049 	 0 	 0 	 1 	 1 
338.742		15.0791 	 213.732182236 	 28.3652719832 	 0 	 1 	 1 	 0 
346.099		19.1066 	 191.495288527 	 49.9089749308 	 1 	 0 	 1 	 -1 
355.074		22.9473 	 182.285063296 	 47.2401122815 	 1 	 1 	 1 	 0 
365.546		26.582 	 211.602303153 	 52.0618579671 	 1 	 0 	 1 	 1 
377.385		30 	 180.861903737 	 44.8722659406 	 0 	 1 	 1 	 0 
365.546		33.418 	 198.361962186 	 42.6766462055 	 1 	 1 	 1 	 0 
355.074		37.0527 	 224.988728451 	 50.471084832 	 0 	 1 	 1 	 -1 
346.099		40.8934 	 213.772354732 	 41.4868805562 	 0 	 0 	 1 	 0 
338.743		44.9209 	 178.532707774 	 36.31588385 	 1 	 1 	 1 	 1 
333.116		49.1066 	 185.924637293 	 40.7754999891 	 0 	 0 	 1 	 0 
329.31		53.4132 	 224.450785282 	 43.8237021964 	 0 	 1 	 1 	 1 
327.39		57.7958 	 169.810659837 	 42.3452486188 	 0 	 0 	 1 	 0 
327.39		62.2042 	 199.997478531 	 44.2372238451 	 1 	 0 	 1 	 1 
329.31		66.5868 	 225.574481695 	 38.8137598402 	 0 	 0 	 1 	 1 
333.116		70.8934 	 233.50979701 	 36.4557128612 	 0 	 1 	 1 	 -1 
338.742		75.0791 	 201.929732455 	 41.260353289 	 0 	 1 	 1 	 -1 
346.099		79.1066 	 196.70942469 	 41.0684262212 	 1 	 0 	 1 	 1 
355.074		82.9473 	 198.304509236 	 46.7446026023 	 0 	 0 	 1 	 1 
