25.2587		30 	 317.022820474 	 162.282899375 	 0 	 0 	 1 	 -1 
25.2587		90 	 343.055200202 	 165.49525566 	 0 	 1 	 1 	 -1 
25.2587		150 	 339.701423088 	 170.346252713 	 0 	 0 	 1 	 0 
25.2587		210 	 294.615183224 	 164.578615674 	 1 	 0 	 1 	 -1 
25.2587		270 	 309.826459547 	 164.861196387 	 1 	 0 	 1 	 -1 
43.7478		0 	 280.90579139 	 158.88237994 	 0 	 0 	 1 	 -1 
50.5147		30 	 272.315711578 	 164.960129837 	 1 	 1 	 1 	 0 
43.7478		60 	 281.01227746 	 167.024636339 	 0 	 1 	 1 	 0 
50.5147		90 	 310.41107868 	 165.579577586 	 0 	 1 	 1 	 1 
43.7478		120 	 352.350877362 	 167.995314681 	 1 	 1 	 1 	 -1 
50.5147		150 	 327.363731725 	 167.257651263 	 1 	 0 	 1 	 -1 
43.7478		180 	 313.556231568 	 159.491982692 	 1 	 1 	 1 	 -1 
50.5147		210 	 321.016207237 	 172.93949505 	 0 	 0 	 1 	 -1 
43.7478		240 	 297.078989345 	 164.492486203 	 0 	 1 	 1 	 0 
43.7478		300 	 314.934119381 	 161.614760583 	 0 	 1 	 1 	 1 
50.5148		330 	 271.995220324 	 161.34586321 	 1 	 0 	 1 	 -1 
66.8212		349.107 	 309.326282106 	 161.220446987 	 1 	 0 	 1 	 -1 
66.8212		10.8934 	 354.355093893 	 161.613519302 	 1 	 1 	 1 	 0 
75.7654		30 	 331.508095408 	 165.252602146 	 0 	 0 	 1 	 -1 
66.8212		49.1066 	 320.131064762 	 168.164229459 	 1 	 0 	 1 	 1 
66.8212		70.8934 	 310.229837608 	 164.735553559 	 0 	 0 	 1 	 -1 
75.7654		90 	 322.91822084 	 168.244879685 	 1 	 1 	 1 	 -1 
66.8212		109.107 	 280.724537182 	 161.869739904 	 1 	 0 	 1 	 -1 
66.8212		130.893 	 333.922904463 	 166.186400594 	 1 	 0 	 1 	 1 
75.7654		150 	 320.303782082 	 168.445553697 	 0 	 0 	 1 	 0 
66.8212		169.107 	 301.031107538 	 159.165512159 	 1 	 0 	 1 	 0 
66.8212		190.893 	 288.886797488 	 167.75743814 	 0 	 0 	 1 	 0 
66.8212		229.107 	 308.263819048 	 167.892490905 	 1 	 0 	 1 	 1 
66.8212		250.893 	 319.538471146 	 156.919774981 	 1 	 1 	 1 	 0 
75.7654		270 	 310.232657395 	 165.045256841 	 1 	 0 	 1 	 -1 
66.8212		289.107 	 317.084773024 	 169.615574898 	 0 	 1 	 1 	 1 
66.8212		310.893 	 285.133874933 	 168.935686743 	 0 	 0 	 1 	 -1 
75.7654		330 	 347.191100518 	 169.340352688 	 1 	 0 	 1 	 1 
91.0523		343.898 	 310.81918643 	 164.838625909 	 1 	 1 	 1 	 0 
87.4818		0 	 344.185227545 	 169.607190649 	 0 	 0 	 1 	 -1 
91.0523		16.1021 	 336.651537021 	 170.637073676 	 0 	 1 	 1 	 -1 
101.008		30 	 319.234437691 	 161.108190472 	 0 	 1 	 1 	 1 
91.0523		43.8979 	 306.062314897 	 164.226672412 	 0 	 0 	 1 	 1 
87.4818		60 	 339.118542993 	 161.311441381 	 1 	 1 	 1 	 1 
91.0523		76.1021 	 348.69781212 	 168.573446442 	 1 	 0 	 1 	 0 
91.0523		103.898 	 280.347787595 	 163.945997586 	 1 	 0 	 1 	 1 
87.4818		120 	 315.747619248 	 165.189700909 	 0 	 1 	 1 	 0 
91.0523		136.102 	 312.042314249 	 171.635631791 	 1 	 1 	 1 	 0 
91.0523		163.898 	 315.627838293 	 165.083256595 	 1 	 1 	 1 	 -1 
87.4818		180 	 340.69374593 	 167.464662325 	 0 	 1 	 1 	 0 
91.0523		196.102 	 351.767919737 	 160.73647376 	 0 	 0 	 1 	 -1 
101.008		210 	 285.71651117 	 161.390791614 	 0 	 1 	 1 	 -1 
91.0523		223.898 	 344.712304108 	 166.906531104 	 0 	 1 	 1 	 1 
87.4818		240 	 304.881010032 	 163.168688364 	 0 	 1 	 1 	 0 
91.0523		256.102 	 287.919431346 	 161.845576458 	 1 	 0 	 1 	 0 
101.008		270 	 306.767025061 	 171.402833679 	 1 	 0 	 1 	 0 
91.0523		283.898 	 305.005553525 	 165.135296466 	 1 	 1 	 1 	 1 
87.4817		300 	 314.229987875 	 161.28851983 	 1 	 1 	 1 	 0 
91.0523		316.102 	 308.568314791 	 169.141386647 	 1 	 0 	 1 	 0 
101.008		330 	 303.776780745 	 167.654757389 	 1 	 1 	 1 	 1 
115.709		340.893 	 280.878296494 	 169.833158366 	 1 	 1 	 1 	 -1 
110.065		353.413 	 293.782680232 	 158.781832379 	 0 	 1 	 1 	 0 
110.065		6.58677 	 278.948343245 	 158.488956873 	 0 	 0 	 1 	 -1 
115.709		19.1066 	 285.657089014 	 172.328102947 	 1 	 1 	 1 	 0 
126.24		30 	 347.416219122 	 166.867948754 	 0 	 0 	 1 	 0 
115.709		40.8934 	 290.120153801 	 171.100509447 	 1 	 1 	 1 	 -1 
110.065		53.4132 	 335.209331324 	 160.884326101 	 0 	 0 	 1 	 1 
110.065		66.5868 	 316.702275423 	 165.235018735 	 1 	 0 	 1 	 0 
115.709		79.1066 	 328.526999735 	 170.809086149 	 1 	 1 	 1 	 1 
126.24		90 	 311.392570974 	 165.003804639 	 0 	 1 	 1 	 1 
115.709		100.893 	 295.157884349 	 165.011860685 	 1 	 0 	 1 	 -1 
110.065		113.413 	 298.079836133 	 172.689132273 	 0 	 1 	 1 	 1 
110.065		126.587 	 274.125136862 	 165.093756918 	 0 	 0 	 1 	 -1 
115.709		139.107 	 294.191075213 	 173.634403075 	 0 	 0 	 1 	 -1 
126.24		150 	 299.860347048 	 164.369176169 	 0 	 1 	 1 	 0 
115.709		160.893 	 348.782680876 	 164.391273113 	 1 	 1 	 1 	 0 
110.066		173.413 	 292.152064064 	 162.140506993 	 0 	 1 	 1 	 1 
110.066		186.587 	 314.24443283 	 158.054126758 	 0 	 1 	 1 	 -1 
115.709		199.107 	 266.689314527 	 162.214746004 	 0 	 1 	 1 	 -1 
126.24		210 	 307.910607408 	 163.442318251 	 0 	 0 	 1 	 0 
115.709		220.893 	 311.804030739 	 162.358553786 	 0 	 1 	 1 	 -1 
110.065		233.413 	 310.173184001 	 163.854168895 	 1 	 0 	 1 	 0 
110.065		246.587 	 263.730789777 	 162.265539496 	 1 	 0 	 1 	 1 
115.709		259.107 	 329.558302579 	 158.043479224 	 0 	 1 	 1 	 1 
126.24		270 	 297.098286136 	 164.789808912 	 1 	 1 	 1 	 0 
115.709		280.893 	 346.328501049 	 165.348931267 	 1 	 0 	 1 	 -1 
110.065		293.413 	 309.354219623 	 158.661741785 	 1 	 1 	 1 	 0 
110.065		306.587 	 274.733287614 	 162.337592936 	 0 	 1 	 1 	 -1 
115.709		319.107 	 277.958539286 	 168.425014316 	 1 	 0 	 1 	 1 
126.24		330 	 316.721868814 	 168.518092205 	 0 	 0 	 1 	 -1 
140.56		338.948 	 322.506928144 	 161.616010336 	 0 	 1 	 1 	 -1 
133.593		349.107 	 310.678316426 	 164.28768277 	 0 	 0 	 1 	 1 
131.188		0 	 314.563939514 	 163.846490853 	 0 	 0 	 1 	 -1 
133.593		10.8934 	 314.731989149 	 157.804395492 	 1 	 1 	 1 	 1 
140.56		21.0517 	 318.627853753 	 159.985627605 	 0 	 1 	 1 	 0 
151.459		30 	 324.280998476 	 171.063388782 	 1 	 1 	 1 	 0 
140.56		38.9483 	 281.465110306 	 165.593172468 	 1 	 1 	 1 	 -1 
133.593		49.1066 	 319.531637904 	 165.159648186 	 1 	 0 	 1 	 -1 
131.188		60 	 313.334991463 	 159.677338002 	 1 	 1 	 1 	 1 
133.593		70.8934 	 296.777577813 	 164.22898055 	 1 	 0 	 1 	 -1 
140.56		81.0517 	 312.862173981 	 163.754401946 	 1 	 1 	 1 	 0 
151.459		90 	 316.489588626 	 163.023920569 	 0 	 1 	 1 	 -1 
140.56		98.9483 	 296.685815692 	 163.803846532 	 1 	 1 	 1 	 -1 
133.593		109.107 	 302.97222999 	 163.683209705 	 1 	 0 	 1 	 -1 
131.188		120 	 318.662108253 	 165.366597901 	 1 	 0 	 1 	 0 
133.593		130.893 	 340.273131351 	 161.185359282 	 1 	 1 	 1 	 1 
140.56		141.052 	 317.069868418 	 164.859332445 	 1 	 1 	 1 	 -1 
151.459		150 	 295.148265479 	 163.175920027 	 0 	 1 	 1 	 -1 
140.56		158.948 	 305.655904169 	 156.436805005 	 1 	 0 	 1 	 -1 
133.593		169.107 	 310.435685102 	 168.200444061 	 0 	 1 	 1 	 0 
131.188		180 	 311.825124697 	 162.771393942 	 0 	 0 	 1 	 -1 
133.593		190.893 	 348.985801197 	 163.225942752 	 0 	 0 	 1 	 -1 
140.56		201.052 	 298.630505936 	 164.753150121 	 1 	 0 	 1 	 0 
151.459		210 	 332.387632244 	 159.854515759 	 1 	 1 	 1 	 0 
140.56		218.948 	 301.661368101 	 165.130998226 	 1 	 1 	 1 	 -1 
133.593		229.107 	 306.279414681 	 162.59134952 	 0 	 0 	 1 	 0 
131.188		240 	 312.617809828 	 163.960331234 	 0 	 0 	 1 	 -1 
133.592		250.893 	 311.60807261 	 165.977162148 	 0 	 1 	 1 	 -1 
140.56		261.052 	 309.359118631 	 164.931352628 	 0 	 0 	 1 	 -1 
151.459		270 	 348.03512545 	 160.321515403 	 0 	 1 	 1 	 0 
140.56		278.948 	 267.949984432 	 163.343270252 	 1 	 0 	 1 	 1 
133.592		289.107 	 358.478404603 	 165.008928169 	 0 	 1 	 1 	 -1 
131.188		300 	 274.700066202 	 158.131018984 	 0 	 1 	 1 	 1 
133.593		310.893 	 308.136997526 	 163.342925478 	 0 	 0 	 1 	 -1 
140.56		321.052 	 299.350871151 	 166.093950733 	 1 	 1 	 1 	 0 
151.459		330 	 334.726627799 	 170.749112583 	 1 	 0 	 1 	 -1 
165.51		337.589 	 319.571025725 	 165.867088815 	 0 	 0 	 1 	 1 
157.635		346.102 	 315.529772057 	 165.134393083 	 1 	 0 	 1 	 1 
153.545		355.285 	 341.213529626 	 163.791583268 	 0 	 0 	 1 	 1 
153.545		4.715 	 311.876744653 	 158.940242606 	 1 	 1 	 1 	 -1 
157.635		13.8979 	 316.836358627 	 160.847625802 	 1 	 0 	 1 	 0 
165.51		22.4109 	 310.295874116 	 164.694835621 	 0 	 1 	 1 	 1 
176.661		30 	 342.755997165 	 166.177195727 	 0 	 1 	 1 	 1 
165.51		37.5891 	 304.047288858 	 169.390620277 	 0 	 1 	 1 	 0 
157.635		46.1021 	 318.606848424 	 168.637166029 	 1 	 0 	 1 	 0 
153.545		55.285 	 340.206603927 	 166.122931983 	 0 	 1 	 1 	 -1 
153.545		64.715 	 314.823262529 	 164.289600673 	 0 	 1 	 1 	 0 
157.635		73.8979 	 335.603531634 	 169.186028051 	 0 	 1 	 1 	 0 
165.51		82.4109 	 311.72295532 	 166.20660171 	 1 	 1 	 1 	 0 
176.661		90 	 318.602059325 	 165.979173395 	 1 	 1 	 1 	 1 
165.51		97.5891 	 298.224075505 	 168.436794032 	 1 	 0 	 1 	 0 
157.635		106.102 	 291.897128737 	 161.391065477 	 0 	 1 	 1 	 0 
153.545		115.285 	 317.784375716 	 170.57290433 	 1 	 0 	 1 	 0 
153.545		124.715 	 289.761140892 	 166.096883222 	 0 	 0 	 1 	 -1 
157.635		133.898 	 332.067667401 	 167.553839343 	 0 	 1 	 1 	 -1 
165.51		142.411 	 310.034689256 	 164.896297897 	 1 	 1 	 1 	 0 
176.661		150 	 306.860632913 	 165.532138062 	 0 	 0 	 1 	 0 
165.509		157.589 	 324.943307759 	 159.491159049 	 1 	 0 	 1 	 1 
157.635		166.102 	 286.937280088 	 167.987319325 	 0 	 1 	 1 	 1 
153.546		175.285 	 336.194051343 	 168.528539559 	 1 	 0 	 1 	 1 
153.546		184.715 	 314.948749621 	 163.368280143 	 0 	 0 	 1 	 1 
157.635		193.898 	 328.627539922 	 164.575567859 	 1 	 0 	 1 	 -1 
165.509		202.411 	 282.165886923 	 164.388114806 	 0 	 0 	 1 	 -1 
165.51		217.589 	 303.908206614 	 165.304855558 	 1 	 0 	 1 	 1 
157.635		226.102 	 275.63133219 	 162.97392272 	 1 	 0 	 1 	 -1 
153.545		235.285 	 310.112762984 	 165.094872332 	 0 	 1 	 1 	 0 
153.545		244.715 	 320.323287631 	 161.967161175 	 1 	 1 	 1 	 1 
157.635		253.898 	 283.352746355 	 164.362668865 	 0 	 1 	 1 	 -1 
165.51		262.411 	 293.082225395 	 172.142873281 	 1 	 0 	 1 	 -1 
176.661		270 	 319.22006852 	 171.79600876 	 1 	 1 	 1 	 0 
165.51		277.589 	 328.821820251 	 164.695158262 	 0 	 0 	 1 	 -1 
157.635		286.102 	 269.770769602 	 165.53373532 	 0 	 1 	 1 	 -1 
153.545		295.285 	 313.584403526 	 165.219414623 	 0 	 0 	 1 	 -1 
153.545		304.715 	 311.42517828 	 161.570879188 	 0 	 0 	 1 	 0 
157.635		313.898 	 307.271138341 	 165.492942539 	 1 	 1 	 1 	 -1 
165.51		322.411 	 307.019750119 	 165.141831505 	 1 	 1 	 1 	 0 
176.661		330 	 305.489507299 	 164.363516323 	 0 	 0 	 1 	 1 
190.511		336.587 	 347.104976111 	 166.229569392 	 0 	 1 	 1 	 0 
181.979		343.898 	 309.69752946 	 165.086590406 	 0 	 0 	 1 	 -1 
176.661		351.787 	 283.181033118 	 170.537788786 	 1 	 1 	 1 	 -1 
174.852		0 	 305.979342477 	 161.374537577 	 1 	 1 	 1 	 1 
176.661		8.21321 	 325.688842861 	 171.688516244 	 0 	 0 	 1 	 1 
181.979		16.1021 	 300.530557476 	 158.525959725 	 1 	 0 	 1 	 1 
190.511		23.4132 	 312.713731268 	 168.524852416 	 0 	 0 	 1 	 0 
201.845		30 	 313.419511705 	 161.01313559 	 0 	 0 	 1 	 0 
181.979		43.8979 	 328.128132019 	 164.576357839 	 1 	 0 	 1 	 1 
176.661		51.7868 	 340.542268339 	 168.905173099 	 1 	 1 	 1 	 -1 
174.852		60 	 310.087174011 	 164.890929846 	 1 	 0 	 1 	 0 
176.661		68.2132 	 307.9878591 	 165.251035211 	 1 	 1 	 1 	 -1 
181.979		76.1021 	 308.255265002 	 164.985976721 	 1 	 0 	 1 	 -1 
190.511		83.4132 	 319.558680124 	 168.435530069 	 1 	 1 	 1 	 1 
201.845		90 	 301.423063348 	 162.615569929 	 1 	 0 	 1 	 -1 
190.511		96.5868 	 268.479073404 	 164.632860724 	 1 	 1 	 1 	 0 
181.979		103.898 	 295.368742302 	 158.260050399 	 1 	 0 	 1 	 0 
176.661		111.787 	 276.941035896 	 166.843327287 	 0 	 1 	 1 	 0 
174.852		120 	 309.717832677 	 164.856807993 	 0 	 0 	 1 	 1 
176.661		128.213 	 334.784140593 	 159.495026587 	 0 	 0 	 1 	 1 
181.979		136.102 	 306.291666011 	 164.5029802 	 1 	 0 	 1 	 0 
190.51		143.413 	 318.27146947 	 171.595728697 	 0 	 1 	 1 	 0 
201.845		150 	 264.58898586 	 165.636249674 	 1 	 0 	 1 	 -1 
190.511		156.587 	 298.262224253 	 165.46798202 	 1 	 0 	 1 	 -1 
181.979		163.898 	 315.583996703 	 162.714395134 	 1 	 1 	 1 	 1 
176.661		171.787 	 315.239273745 	 161.370238378 	 0 	 0 	 1 	 -1 
174.852		180 	 296.840345282 	 166.102806136 	 0 	 1 	 1 	 0 
176.661		188.213 	 269.867534887 	 159.495118272 	 1 	 1 	 1 	 0 
181.979		196.102 	 326.07674541 	 164.50334417 	 0 	 0 	 1 	 0 
190.511		203.413 	 313.1787942 	 160.407619448 	 1 	 0 	 1 	 0 
201.845		210 	 338.544891059 	 164.796700173 	 1 	 0 	 1 	 0 
190.51		216.587 	 301.51870047 	 157.476131645 	 1 	 0 	 1 	 0 
181.979		223.898 	 312.92203636 	 164.051753757 	 0 	 0 	 1 	 0 
176.661		231.787 	 310.023329662 	 167.693174212 	 0 	 0 	 1 	 -1 
174.853		240 	 315.651746987 	 164.800798197 	 1 	 0 	 1 	 -1 
176.662		248.213 	 298.058723972 	 163.596347631 	 1 	 0 	 1 	 1 
181.979		256.102 	 311.606718371 	 161.39302549 	 1 	 1 	 1 	 0 
190.511		263.413 	 335.200749313 	 167.14455372 	 1 	 1 	 1 	 -1 
190.511		276.587 	 286.343260269 	 164.324603222 	 0 	 1 	 1 	 -1 
181.979		283.898 	 301.418419135 	 167.030705991 	 1 	 0 	 1 	 -1 
176.662		291.787 	 287.213083795 	 159.093328909 	 1 	 0 	 1 	 1 
174.853		300 	 305.345970917 	 156.149228646 	 0 	 0 	 1 	 0 
176.661		308.213 	 311.071723354 	 165.365612303 	 1 	 1 	 1 	 0 
181.979		316.102 	 299.530382364 	 163.125558034 	 0 	 0 	 1 	 -1 
190.511		323.413 	 295.694635841 	 162.969867007 	 1 	 1 	 1 	 0 
201.845		330 	 300.699575512 	 162.94140793 	 0 	 1 	 1 	 0 
215.536		335.818 	 354.243863314 	 166.426038876 	 0 	 1 	 1 	 1 
206.511		342.216 	 323.793286068 	 160.64042782 	 1 	 0 	 1 	 -1 
200.265		349.107 	 307.682419659 	 168.355612 	 1 	 1 	 1 	 -1 
197.068		356.329 	 290.123453524 	 166.67101879 	 1 	 1 	 1 	 -1 
197.068		3.6705 	 310.292614945 	 160.61657452 	 0 	 1 	 1 	 1 
200.265		10.8934 	 328.43442255 	 165.561862661 	 1 	 1 	 1 	 1 
206.511		17.7836 	 307.094606537 	 171.220271797 	 1 	 0 	 1 	 -1 
215.536		24.1825 	 293.187574284 	 164.450635888 	 1 	 1 	 1 	 1 
227.007		30 	 269.337619895 	 168.261564301 	 1 	 0 	 1 	 -1 
215.536		35.8175 	 347.290996486 	 159.703399114 	 1 	 0 	 1 	 0 
206.511		42.2164 	 314.722138516 	 170.645448961 	 0 	 0 	 1 	 0 
200.265		49.1066 	 302.535668549 	 162.31186295 	 1 	 0 	 1 	 -1 
197.068		56.3295 	 311.188631103 	 159.988086936 	 0 	 1 	 1 	 -1 
197.068		63.6705 	 332.994602034 	 166.717866492 	 1 	 0 	 1 	 0 
200.265		70.8934 	 331.253415976 	 164.392685476 	 1 	 0 	 1 	 -1 
206.511		77.7836 	 309.767440073 	 168.44321559 	 1 	 1 	 1 	 1 
215.536		84.1825 	 304.037146938 	 165.316931166 	 0 	 1 	 1 	 1 
227.007		90 	 283.147236327 	 157.552890382 	 1 	 1 	 1 	 1 
215.536		95.8175 	 349.313389526 	 165.327250782 	 1 	 1 	 1 	 0 
206.511		102.216 	 320.33735016 	 170.936684013 	 0 	 0 	 1 	 0 
200.265		109.107 	 282.810717439 	 170.736515429 	 0 	 1 	 1 	 1 
197.068		116.33 	 317.024096091 	 171.693402094 	 1 	 1 	 1 	 0 
197.068		123.671 	 291.813007013 	 156.513860691 	 0 	 0 	 1 	 0 
200.265		130.893 	 271.78000015 	 162.859786616 	 1 	 1 	 1 	 1 
206.51		137.784 	 316.543258731 	 166.293061903 	 1 	 0 	 1 	 0 
215.536		144.182 	 302.626147312 	 162.091083069 	 0 	 1 	 1 	 -1 
227.007		150 	 295.395290166 	 159.184746776 	 0 	 0 	 1 	 -1 
215.536		155.818 	 284.541973849 	 164.464661004 	 1 	 0 	 1 	 1 
206.511		162.216 	 282.696251114 	 166.123365292 	 1 	 0 	 1 	 0 
200.266		169.107 	 320.594389456 	 161.474514187 	 0 	 0 	 1 	 1 
197.068		176.33 	 299.810876745 	 158.752907034 	 0 	 1 	 1 	 0 
197.068		183.671 	 302.081212675 	 158.25753237 	 1 	 1 	 1 	 -1 
200.266		190.893 	 285.739452244 	 171.077458266 	 0 	 1 	 1 	 1 
206.511		197.784 	 346.090502687 	 168.745170441 	 0 	 0 	 1 	 0 
215.536		204.182 	 357.141432966 	 165.293154891 	 0 	 0 	 1 	 1 
227.007		210 	 340.501784663 	 166.444421818 	 1 	 0 	 1 	 -1 
215.536		215.818 	 310.193136133 	 168.823224909 	 1 	 0 	 1 	 1 
206.51		222.216 	 311.535377606 	 172.536470773 	 1 	 1 	 1 	 1 
200.265		229.107 	 287.210423377 	 158.096554494 	 1 	 1 	 1 	 -1 
197.068		236.329 	 261.974235586 	 162.738834935 	 0 	 0 	 1 	 0 
197.068		243.671 	 289.279772214 	 168.862154701 	 0 	 1 	 1 	 1 
200.265		250.893 	 288.010033051 	 168.551238715 	 1 	 0 	 1 	 -1 
206.51		257.784 	 292.543292145 	 156.680721942 	 0 	 1 	 1 	 1 
215.536		264.182 	 294.315080778 	 164.693808983 	 1 	 0 	 1 	 -1 
227.007		270 	 309.975776046 	 165.025824782 	 1 	 0 	 1 	 0 
215.536		275.818 	 329.737984216 	 166.528783927 	 0 	 1 	 1 	 0 
206.51		282.216 	 325.555666377 	 156.829603718 	 1 	 0 	 1 	 0 
200.265		289.107 	 308.607435173 	 165.776110036 	 1 	 0 	 1 	 0 
197.068		296.329 	 273.097383931 	 164.958280061 	 0 	 1 	 1 	 -1 
197.068		303.67 	 350.431986488 	 167.447535928 	 1 	 0 	 1 	 0 
200.265		310.893 	 304.131229193 	 167.253055763 	 1 	 1 	 1 	 0 
206.511		317.784 	 311.766524892 	 165.171627349 	 1 	 0 	 1 	 0 
227.008		330 	 316.926808528 	 159.617457435 	 1 	 1 	 1 	 0 
240.57		335.209 	 307.895154251 	 170.174657995 	 1 	 1 	 1 	 0 
231.161		340.893 	 308.407565498 	 164.449299497 	 1 	 1 	 1 	 -1 
224.195		346.996 	 327.41516648 	 159.56146702 	 1 	 1 	 1 	 1 
219.909		353.413 	 296.770801843 	 172.744615046 	 1 	 1 	 1 	 0 
218.461		0 	 315.537121895 	 164.770452709 	 1 	 1 	 1 	 -1 
219.909		6.58678 	 342.910008968 	 169.886650893 	 1 	 1 	 1 	 1 
224.195		13.0039 	 309.282219136 	 163.437751734 	 0 	 1 	 1 	 -1 
231.161		19.1066 	 304.658537398 	 164.173582473 	 0 	 0 	 1 	 0 
240.57		24.7913 	 288.902621618 	 156.220999357 	 0 	 1 	 1 	 0 
252.146		30 	 328.192949799 	 162.431763863 	 0 	 1 	 1 	 1 
240.57		35.2087 	 347.061813697 	 169.528456568 	 0 	 0 	 1 	 0 
231.161		40.8934 	 294.294574056 	 161.812476188 	 1 	 1 	 1 	 0 
224.195		46.9961 	 266.496166438 	 165.594210564 	 1 	 0 	 1 	 0 
219.909		53.4132 	 309.517597084 	 166.210644836 	 1 	 0 	 1 	 -1 
218.461		60 	 310.96911102 	 162.699980822 	 0 	 0 	 1 	 -1 
219.909		66.5868 	 310.23569577 	 167.34901337 	 1 	 0 	 1 	 1 
224.195		73.0039 	 318.523697612 	 167.360278892 	 1 	 0 	 1 	 0 
231.161		79.1066 	 328.470359496 	 158.979596267 	 0 	 1 	 1 	 0 
240.57		84.7913 	 320.147664285 	 156.990611605 	 1 	 0 	 1 	 0 
240.57		95.2087 	 345.501770967 	 163.66672043 	 0 	 1 	 1 	 -1 
231.161		100.893 	 298.441398022 	 164.15835839 	 0 	 0 	 1 	 0 
224.195		106.996 	 315.434755994 	 158.028265408 	 0 	 0 	 1 	 0 
219.909		113.413 	 308.953625207 	 165.13656945 	 0 	 0 	 1 	 -1 
218.461		120 	 348.248679278 	 166.409679096 	 0 	 1 	 1 	 1 
219.909		126.587 	 297.994349987 	 164.774750623 	 1 	 1 	 1 	 0 
224.195		133.004 	 313.277675602 	 170.451536016 	 0 	 0 	 1 	 1 
231.161		139.107 	 301.419657911 	 167.492676176 	 0 	 1 	 1 	 1 
252.146		150 	 315.735126169 	 165.653102816 	 0 	 1 	 1 	 0 
240.57		155.209 	 295.98964543 	 164.251323793 	 1 	 0 	 1 	 -1 
231.16		160.893 	 310.062696571 	 160.146269385 	 1 	 1 	 1 	 -1 
224.196		166.996 	 310.426397799 	 163.92423143 	 1 	 0 	 1 	 0 
219.909		173.413 	 280.065416213 	 159.519437912 	 0 	 1 	 1 	 0 
218.461		180 	 304.331895821 	 164.821992842 	 0 	 0 	 1 	 1 
219.909		186.587 	 320.407160077 	 156.542645563 	 0 	 1 	 1 	 1 
224.196		193.004 	 346.779024822 	 163.915981027 	 0 	 1 	 1 	 -1 
231.16		199.107 	 323.887792205 	 161.157531229 	 1 	 0 	 1 	 1 
240.57		204.791 	 315.486764255 	 164.232643811 	 1 	 0 	 1 	 -1 
252.146		210 	 307.036359841 	 166.066283345 	 1 	 1 	 1 	 -1 
240.57		215.209 	 319.357988378 	 159.741783177 	 1 	 0 	 1 	 0 
231.161		220.893 	 290.742837489 	 164.376797965 	 0 	 1 	 1 	 0 
224.196		226.996 	 308.51601206 	 165.300599598 	 0 	 0 	 1 	 1 
219.909		233.413 	 308.024372163 	 164.932729636 	 0 	 1 	 1 	 1 
218.461		240 	 297.113082798 	 163.859829969 	 1 	 1 	 1 	 0 
219.909		246.587 	 266.551261656 	 169.160496206 	 1 	 0 	 1 	 -1 
224.195		253.004 	 304.158007353 	 160.119592499 	 1 	 1 	 1 	 1 
231.16		259.107 	 354.681550188 	 164.672447342 	 1 	 0 	 1 	 -1 
240.57		264.791 	 302.018515737 	 157.241147686 	 1 	 1 	 1 	 1 
252.146		270 	 342.111840078 	 158.681826771 	 1 	 1 	 1 	 1 
240.57		275.209 	 300.741609007 	 170.187229291 	 1 	 1 	 1 	 -1 
231.16		280.893 	 316.594234231 	 157.093236427 	 1 	 1 	 1 	 1 
224.195		286.996 	 312.382658227 	 171.930706371 	 1 	 1 	 1 	 1 
219.909		293.413 	 302.492358573 	 160.517993354 	 1 	 1 	 1 	 0 
218.461		300 	 299.340345551 	 160.615133314 	 0 	 1 	 1 	 0 
219.909		306.587 	 292.26585615 	 161.19897419 	 0 	 0 	 1 	 0 
224.196		313.004 	 262.231192643 	 163.563255709 	 1 	 1 	 1 	 1 
231.161		319.107 	 312.569052591 	 156.119114499 	 1 	 0 	 1 	 -1 
240.57		324.791 	 309.498297945 	 164.587915439 	 1 	 0 	 1 	 -1 
252.146		330 	 305.705426221 	 164.103579607 	 1 	 1 	 1 	 -1 
265.601		334.715 	 300.646332566 	 164.907678232 	 0 	 0 	 1 	 1 
255.886		339.826 	 344.176761455 	 167.803477877 	 1 	 1 	 1 	 1 
248.348		345.295 	 278.358059206 	 164.26842931 	 0 	 0 	 1 	 -1 
243.191		351.052 	 276.468231351 	 169.071246023 	 0 	 0 	 1 	 -1 
240.57		356.996 	 321.446008423 	 163.236261935 	 1 	 0 	 1 	 0 
240.57		3.00449 	 313.561468625 	 165.567533295 	 0 	 1 	 1 	 0 
243.191		8.94827 	 313.428645419 	 164.949679109 	 0 	 1 	 1 	 0 
248.348		14.7047 	 342.593752616 	 159.032650036 	 1 	 1 	 1 	 1 
255.886		20.1736 	 309.532805942 	 161.964650877 	 0 	 0 	 1 	 0 
265.601		25.285 	 328.885799937 	 162.404055639 	 0 	 1 	 1 	 1 
277.258		30 	 310.544712438 	 164.842767817 	 1 	 1 	 1 	 0 
265.601		34.715 	 315.923516939 	 159.867396063 	 1 	 0 	 1 	 -1 
255.887		39.8264 	 295.843666874 	 159.755832352 	 1 	 1 	 1 	 0 
248.348		45.2953 	 278.902348819 	 161.241184062 	 1 	 0 	 1 	 -1 
243.191		51.0517 	 333.599934763 	 171.940902406 	 1 	 1 	 1 	 0 
240.57		56.9955 	 309.419706154 	 167.493706813 	 0 	 0 	 1 	 1 
240.57		63.0045 	 297.605066089 	 168.089905716 	 0 	 1 	 1 	 1 
243.191		68.9483 	 341.241144283 	 162.111923671 	 0 	 0 	 1 	 -1 
248.348		74.7047 	 303.362005279 	 163.605184777 	 0 	 0 	 1 	 -1 
255.887		80.1736 	 321.877280109 	 167.200901465 	 1 	 1 	 1 	 -1 
265.601		85.285 	 302.323955991 	 159.798055212 	 1 	 1 	 1 	 0 
277.257		90 	 308.082534888 	 164.577679141 	 1 	 1 	 1 	 -1 
265.601		94.715 	 322.487680624 	 162.916232735 	 0 	 1 	 1 	 1 
255.887		99.8264 	 275.14856125 	 171.012303408 	 0 	 1 	 1 	 1 
248.348		105.295 	 294.767806266 	 165.499283175 	 0 	 0 	 1 	 0 
243.191		111.052 	 316.336810977 	 164.891525548 	 1 	 1 	 1 	 -1 
240.57		116.996 	 325.78317832 	 156.824619147 	 0 	 0 	 1 	 0 
240.57		123.005 	 329.160356272 	 160.804918165 	 0 	 1 	 1 	 -1 
243.191		128.948 	 292.726931105 	 165.464501894 	 1 	 0 	 1 	 -1 
248.348		134.705 	 272.090011076 	 168.577833853 	 0 	 0 	 1 	 0 
255.887		140.174 	 314.09906977 	 164.160136679 	 0 	 1 	 1 	 0 
265.6		145.285 	 322.016771192 	 170.280781999 	 0 	 1 	 1 	 -1 
277.257		150 	 323.325320285 	 165.193800162 	 0 	 0 	 1 	 0 
265.601		154.715 	 322.833494156 	 168.191570414 	 1 	 1 	 1 	 1 
255.886		159.826 	 277.380633351 	 168.124806328 	 0 	 0 	 1 	 1 
248.348		165.295 	 293.350247337 	 166.861927251 	 1 	 0 	 1 	 -1 
243.191		171.052 	 344.992295507 	 162.764647322 	 0 	 1 	 1 	 1 
240.57		176.996 	 298.444405865 	 173.383762701 	 1 	 0 	 1 	 -1 
240.57		183.005 	 310.643742669 	 164.978264959 	 0 	 0 	 1 	 1 
243.191		188.948 	 289.958632966 	 173.474338447 	 0 	 1 	 1 	 1 
248.348		194.705 	 287.736574253 	 159.059270198 	 1 	 1 	 1 	 0 
255.886		200.174 	 308.758714984 	 166.323526136 	 0 	 1 	 1 	 1 
265.601		205.285 	 306.987920317 	 166.005670043 	 0 	 1 	 1 	 -1 
277.258		210 	 347.428821931 	 166.06207429 	 0 	 1 	 1 	 -1 
265.6		214.715 	 303.746290077 	 160.000255302 	 0 	 0 	 1 	 1 
255.887		219.826 	 299.946393799 	 166.458383798 	 0 	 0 	 1 	 0 
248.348		225.295 	 335.039614412 	 169.631232669 	 0 	 0 	 1 	 -1 
243.191		231.052 	 312.336712891 	 164.922130196 	 1 	 1 	 1 	 0 
240.57		236.995 	 277.601929188 	 158.617852164 	 0 	 0 	 1 	 1 
240.57		243.004 	 264.788423297 	 161.716507925 	 1 	 0 	 1 	 1 
243.19		248.948 	 303.224612361 	 166.275770322 	 0 	 1 	 1 	 0 
248.348		254.705 	 333.44602287 	 158.724760449 	 0 	 1 	 1 	 0 
255.886		260.174 	 299.670481276 	 168.125042842 	 1 	 1 	 1 	 1 
265.601		265.285 	 343.948840634 	 167.04073668 	 1 	 0 	 1 	 -1 
277.258		270 	 321.700245516 	 163.886260872 	 1 	 0 	 1 	 -1 
265.601		274.715 	 310.595433607 	 163.932266006 	 1 	 1 	 1 	 1 
255.886		279.826 	 313.614307858 	 161.101545705 	 1 	 0 	 1 	 1 
248.348		285.295 	 270.504440991 	 162.854565281 	 1 	 0 	 1 	 1 
243.19		291.052 	 332.3134015 	 168.547332705 	 0 	 0 	 1 	 1 
240.57		296.996 	 336.629818021 	 171.219956469 	 0 	 0 	 1 	 0 
240.57		303.004 	 317.382246177 	 166.885303062 	 0 	 0 	 1 	 -1 
243.191		308.948 	 315.653447516 	 170.323434577 	 1 	 1 	 1 	 1 
248.348		314.705 	 280.061077949 	 164.390508946 	 1 	 1 	 1 	 0 
255.886		320.174 	 314.563629897 	 167.661270861 	 0 	 1 	 1 	 1 
265.6		325.285 	 339.708153372 	 163.11942342 	 0 	 1 	 1 	 0 
277.258		330 	 299.689335525 	 167.952924186 	 0 	 1 	 1 	 0 
290.619		334.307 	 337.786560317 	 160.381586482 	 0 	 0 	 1 	 0 
280.659		338.948 	 312.090202251 	 162.249861173 	 1 	 0 	 1 	 0 
272.656		343.898 	 285.758551298 	 159.05757257 	 0 	 0 	 1 	 -1 
266.79		349.107 	 289.556399784 	 162.618725892 	 0 	 1 	 1 	 -1 
263.206		354.504 	 272.102939636 	 163.182567418 	 0 	 1 	 1 	 0 
262.001		0 	 322.157549766 	 161.091163533 	 1 	 1 	 1 	 1 
263.206		5.49637 	 356.481868467 	 163.535859178 	 1 	 1 	 1 	 1 
266.79		10.8934 	 332.377875846 	 162.500995754 	 1 	 0 	 1 	 1 
272.656		16.1021 	 345.093866472 	 166.235889417 	 0 	 1 	 1 	 0 
280.659		21.0517 	 309.495841875 	 164.790548924 	 1 	 1 	 1 	 -1 
290.619		25.6934 	 297.837052081 	 163.444950851 	 0 	 1 	 1 	 0 
302.34		30 	 278.799347322 	 163.518793131 	 1 	 0 	 1 	 0 
290.619		34.3066 	 344.492443735 	 167.979341196 	 0 	 1 	 1 	 0 
280.659		38.9483 	 350.009704953 	 163.739281264 	 1 	 0 	 1 	 0 
272.656		43.8979 	 321.424494972 	 169.929113626 	 0 	 1 	 1 	 0 
266.789		49.1066 	 289.089728958 	 166.03267588 	 0 	 0 	 1 	 0 
263.206		54.5036 	 315.338864819 	 167.507832685 	 0 	 0 	 1 	 0 
262.001		60 	 341.139081001 	 163.058868858 	 1 	 0 	 1 	 -1 
263.206		65.4964 	 358.49851118 	 164.633523606 	 0 	 1 	 1 	 0 
266.79		70.8934 	 317.276531846 	 167.982199027 	 0 	 0 	 1 	 1 
272.656		76.1021 	 275.518865064 	 166.896414977 	 0 	 0 	 1 	 1 
280.659		81.0517 	 268.230970519 	 166.948828029 	 1 	 0 	 1 	 -1 
290.619		85.6934 	 300.681746299 	 165.34032649 	 0 	 0 	 1 	 1 
302.34		90 	 329.422826347 	 171.150342423 	 0 	 0 	 1 	 0 
290.619		94.3066 	 326.861481478 	 165.313137775 	 1 	 1 	 1 	 1 
280.659		98.9483 	 307.305495492 	 165.242600664 	 1 	 0 	 1 	 -1 
272.655		103.898 	 314.212602061 	 159.104959364 	 0 	 0 	 1 	 0 
266.79		109.107 	 301.977824303 	 155.786316988 	 1 	 0 	 1 	 -1 
263.206		114.504 	 321.452710825 	 166.594436801 	 1 	 0 	 1 	 -1 
262		120 	 301.338013704 	 171.903831266 	 1 	 1 	 1 	 -1 
263.206		125.496 	 298.720974551 	 159.877166937 	 1 	 0 	 1 	 0 
266.79		130.893 	 293.993576176 	 164.04483581 	 1 	 0 	 1 	 1 
272.655		136.102 	 342.962846187 	 163.751765938 	 0 	 1 	 1 	 0 
280.659		141.052 	 278.629334872 	 171.431025995 	 0 	 1 	 1 	 -1 
290.619		145.693 	 329.660169942 	 163.592858271 	 0 	 1 	 1 	 1 
302.34		150 	 324.475408352 	 159.333598076 	 1 	 0 	 1 	 -1 
290.619		154.307 	 310.266725999 	 164.804460477 	 0 	 0 	 1 	 1 
280.659		158.948 	 305.642852722 	 172.891768846 	 0 	 1 	 1 	 -1 
272.656		163.898 	 294.849932332 	 171.09003925 	 0 	 1 	 1 	 -1 
266.789		169.107 	 311.56714108 	 164.588078708 	 1 	 0 	 1 	 1 
263.206		174.504 	 298.152683525 	 165.394798387 	 1 	 1 	 1 	 1 
262.001		180 	 326.964920477 	 170.6052407 	 0 	 1 	 1 	 -1 
263.206		185.496 	 265.26386197 	 162.67695737 	 1 	 0 	 1 	 0 
266.789		190.893 	 334.208270951 	 158.011583693 	 1 	 0 	 1 	 -1 
272.656		196.102 	 312.821443596 	 164.351603271 	 1 	 1 	 1 	 1 
280.659		201.052 	 349.166733006 	 163.657789569 	 1 	 1 	 1 	 0 
290.619		205.693 	 334.27143931 	 166.766662491 	 1 	 1 	 1 	 -1 
302.34		210 	 306.925584191 	 165.472138547 	 0 	 1 	 1 	 0 
290.619		214.307 	 311.451860296 	 161.411103017 	 1 	 0 	 1 	 1 
280.658		218.948 	 283.721907181 	 162.015970953 	 1 	 0 	 1 	 1 
272.656		223.898 	 347.811452272 	 164.512412567 	 1 	 1 	 1 	 -1 
266.79		229.107 	 311.644772897 	 164.744070093 	 1 	 1 	 1 	 -1 
263.206		234.504 	 313.563680579 	 173.672094094 	 0 	 1 	 1 	 0 
262		240 	 306.560219493 	 164.114286949 	 1 	 0 	 1 	 0 
263.206		245.496 	 343.334320601 	 170.885796496 	 1 	 0 	 1 	 0 
266.789		250.893 	 318.573060404 	 163.842680704 	 1 	 1 	 1 	 1 
272.656		256.102 	 305.895520379 	 164.113407011 	 1 	 1 	 1 	 0 
280.659		261.052 	 298.92650918 	 161.636422022 	 0 	 1 	 1 	 0 
290.62		265.693 	 319.06218779 	 160.041202705 	 0 	 1 	 1 	 0 
302.34		270 	 310.01226129 	 164.773679697 	 0 	 1 	 1 	 0 
290.62		274.307 	 308.086197084 	 165.418827699 	 0 	 0 	 1 	 1 
280.659		278.948 	 312.451612609 	 164.716065128 	 1 	 1 	 1 	 0 
272.656		283.898 	 318.206928051 	 170.053784826 	 0 	 0 	 1 	 -1 
266.789		289.107 	 313.356828902 	 165.425871338 	 1 	 1 	 1 	 0 
263.206		294.504 	 296.445303488 	 161.272507485 	 1 	 1 	 1 	 1 
262		300 	 313.674750993 	 165.355615081 	 0 	 1 	 1 	 0 
263.206		305.496 	 350.668810054 	 168.209823782 	 0 	 0 	 1 	 0 
266.79		310.893 	 313.960820946 	 167.249616382 	 1 	 0 	 1 	 0 
272.656		316.102 	 291.108198328 	 168.335240698 	 0 	 1 	 1 	 1 
280.659		321.052 	 319.922631562 	 162.904524925 	 0 	 1 	 1 	 1 
290.619		325.693 	 309.571020305 	 164.993404092 	 1 	 1 	 1 	 1 
302.34		330 	 282.751473305 	 167.535450102 	 0 	 0 	 1 	 -1 
315.62		333.963 	 307.330519333 	 164.001094829 	 0 	 1 	 1 	 0 
305.457		338.213 	 315.18825049 	 163.652757674 	 1 	 0 	 1 	 0 
297.071		342.731 	 285.238865164 	 165.353725536 	 0 	 1 	 1 	 -1 
290.619		347.48 	 331.181333599 	 164.974789599 	 0 	 0 	 1 	 1 
286.236		352.411 	 304.25293444 	 166.739941115 	 1 	 0 	 1 	 -1 
284.018		357.457 	 345.316440251 	 168.900201694 	 1 	 0 	 1 	 -1 
284.018		2.54292 	 289.396880601 	 171.184684956 	 0 	 0 	 1 	 0 
286.236		7.58909 	 298.329406001 	 165.387136377 	 1 	 1 	 1 	 0 
290.619		12.5198 	 312.337390801 	 169.02043507 	 1 	 0 	 1 	 0 
297.071		17.2695 	 310.323380831 	 163.787449119 	 0 	 0 	 1 	 0 
305.457		21.7868 	 354.904657102 	 166.86041077 	 1 	 0 	 1 	 1 
315.62		26.0368 	 310.307557758 	 166.695452599 	 0 	 1 	 1 	 -1 
327.39		30 	 332.85803905 	 162.412112819 	 1 	 0 	 1 	 1 
305.457		38.2132 	 298.943717362 	 165.379409045 	 0 	 0 	 1 	 1 
297.071		42.7305 	 309.79808918 	 168.258459086 	 1 	 1 	 1 	 0 
290.619		47.4802 	 305.736286909 	 168.701701087 	 0 	 0 	 1 	 0 
286.236		52.4109 	 352.553895968 	 168.230885977 	 1 	 0 	 1 	 1 
284.018		57.4571 	 268.103064762 	 159.467708971 	 0 	 1 	 1 	 0 
284.018		62.5429 	 292.504542132 	 162.963229992 	 1 	 1 	 1 	 -1 
286.236		67.5891 	 298.459013682 	 168.38426512 	 1 	 0 	 1 	 0 
290.619		72.5198 	 309.519771761 	 165.046974072 	 1 	 0 	 1 	 1 
297.071		77.2695 	 305.547368036 	 165.585065892 	 1 	 1 	 1 	 -1 
305.457		81.7868 	 316.531957148 	 166.617426113 	 1 	 0 	 1 	 0 
315.62		86.0368 	 314.919722941 	 173.793599618 	 1 	 1 	 1 	 1 
327.39		90 	 288.213619957 	 165.881090073 	 1 	 1 	 1 	 0 
315.62		93.9632 	 329.28562828 	 167.612348471 	 0 	 0 	 1 	 0 
305.457		98.2132 	 285.755496248 	 160.03489388 	 0 	 0 	 1 	 1 
297.071		102.731 	 316.221893323 	 164.011267279 	 1 	 0 	 1 	 0 
290.619		107.48 	 309.123819886 	 165.139373158 	 0 	 1 	 1 	 1 
286.236		112.411 	 270.278284762 	 159.308769797 	 0 	 1 	 1 	 0 
284.018		117.457 	 326.142039248 	 168.662591054 	 0 	 0 	 1 	 -1 
284.018		122.543 	 314.177776114 	 168.212035107 	 1 	 1 	 1 	 0 
286.236		127.589 	 333.31572588 	 163.889495567 	 0 	 0 	 1 	 -1 
290.62		132.52 	 325.344407442 	 171.155421444 	 0 	 1 	 1 	 1 
297.071		137.269 	 300.462174212 	 162.710477962 	 0 	 0 	 1 	 -1 
305.457		141.787 	 317.662383889 	 165.375846504 	 1 	 0 	 1 	 -1 
315.62		146.037 	 324.115925363 	 170.57528794 	 0 	 0 	 1 	 0 
327.39		150 	 284.131148331 	 167.888743098 	 0 	 0 	 1 	 1 
315.619		153.963 	 325.331423137 	 166.812517007 	 0 	 1 	 1 	 -1 
305.457		158.213 	 309.091969416 	 163.523130597 	 1 	 1 	 1 	 -1 
297.071		162.731 	 321.974453277 	 162.337028184 	 1 	 1 	 1 	 1 
290.62		167.48 	 273.741828051 	 165.874778933 	 0 	 1 	 1 	 1 
286.236		172.411 	 316.473945504 	 166.592356475 	 0 	 0 	 1 	 0 
284.019		177.457 	 308.124958563 	 170.3216174 	 0 	 0 	 1 	 -1 
284.019		182.543 	 305.897787502 	 168.876681373 	 0 	 1 	 1 	 1 
286.236		187.589 	 298.65756402 	 168.29174558 	 1 	 0 	 1 	 -1 
290.62		192.52 	 333.603476817 	 158.791558698 	 0 	 1 	 1 	 -1 
297.071		197.269 	 291.488920266 	 171.786597647 	 1 	 0 	 1 	 0 
305.457		201.787 	 319.801823297 	 165.73772508 	 0 	 0 	 1 	 1 
315.62		206.037 	 317.120271557 	 166.969300472 	 0 	 0 	 1 	 -1 
327.39		210 	 287.638001299 	 171.54569058 	 0 	 0 	 1 	 -1 
315.62		213.963 	 316.85797401 	 165.702698068 	 0 	 0 	 1 	 0 
305.457		218.213 	 322.843602289 	 166.96584932 	 0 	 1 	 1 	 0 
297.071		222.731 	 313.230817757 	 173.805431597 	 1 	 1 	 1 	 0 
290.619		227.48 	 315.395758336 	 165.439102421 	 1 	 0 	 1 	 1 
286.236		232.411 	 291.83955159 	 163.353831934 	 1 	 0 	 1 	 1 
284.018		237.457 	 317.750559853 	 168.286118188 	 1 	 1 	 1 	 -1 
284.019		242.543 	 312.489254965 	 164.984201587 	 1 	 0 	 1 	 -1 
286.236		247.589 	 340.420931914 	 165.631906702 	 0 	 1 	 1 	 -1 
290.62		252.52 	 321.110879756 	 169.503799991 	 1 	 1 	 1 	 -1 
297.071		257.269 	 314.301829419 	 167.874405586 	 1 	 1 	 1 	 -1 
305.457		261.787 	 303.679653298 	 160.635355377 	 1 	 1 	 1 	 -1 
315.62		266.037 	 336.750157354 	 163.29435277 	 0 	 0 	 1 	 0 
327.39		270 	 315.395447883 	 168.431760114 	 0 	 1 	 1 	 1 
315.62		273.963 	 309.029068985 	 164.801755566 	 0 	 1 	 1 	 1 
305.457		278.213 	 320.813758877 	 169.39665326 	 1 	 1 	 1 	 1 
297.071		282.731 	 305.309430012 	 164.883294015 	 1 	 1 	 1 	 -1 
290.62		287.48 	 295.754754301 	 163.32491069 	 1 	 1 	 1 	 1 
286.236		292.411 	 320.930923912 	 163.758226153 	 1 	 0 	 1 	 0 
284.019		297.457 	 300.084968283 	 168.676372618 	 1 	 1 	 1 	 0 
284.018		302.543 	 302.826205844 	 162.547580882 	 0 	 1 	 1 	 -1 
286.236		307.589 	 325.747871076 	 167.396199824 	 1 	 1 	 1 	 1 
290.619		312.52 	 319.959341867 	 166.778808745 	 1 	 0 	 1 	 1 
297.071		317.269 	 324.310279695 	 163.997596827 	 0 	 0 	 1 	 0 
305.457		321.787 	 348.519458403 	 161.8571184 	 1 	 0 	 1 	 1 
327.39		330 	 290.401619566 	 164.879894154 	 1 	 1 	 1 	 -1 
340.597		333.67 	 327.733155283 	 163.082252304 	 1 	 1 	 1 	 -1 
330.266		337.589 	 310.642203125 	 164.857778717 	 0 	 1 	 1 	 -1 
321.56		341.742 	 312.822179172 	 164.216999205 	 1 	 0 	 1 	 1 
314.619		346.102 	 312.064482022 	 165.000678289 	 0 	 0 	 1 	 0 
309.563		350.633 	 330.933197772 	 170.251719006 	 1 	 0 	 1 	 1 
306.489		355.285 	 345.086606857 	 166.752575542 	 0 	 1 	 1 	 0 
305.457		0 	 329.977475938 	 163.630784 	 0 	 0 	 1 	 1 
306.489		4.715 	 347.804394496 	 166.265710401 	 1 	 1 	 1 	 0 
309.563		9.367 	 314.490932809 	 167.082210023 	 0 	 1 	 1 	 -1 
314.619		13.8979 	 278.857546396 	 168.113590496 	 1 	 1 	 1 	 1 
321.56		18.2585 	 311.951919178 	 162.960821508 	 1 	 1 	 1 	 -1 
330.266		22.4109 	 312.394292274 	 163.321474405 	 1 	 1 	 1 	 -1 
340.597		26.3295 	 281.102866926 	 162.046798078 	 0 	 0 	 1 	 -1 
352.406		30 	 344.408749975 	 163.959024587 	 0 	 1 	 1 	 -1 
340.597		33.6705 	 310.292571411 	 164.909073991 	 1 	 0 	 1 	 -1 
330.266		37.5891 	 333.809177186 	 168.20506956 	 0 	 1 	 1 	 0 
321.56		41.7415 	 314.637916603 	 170.672911844 	 1 	 1 	 1 	 1 
314.619		46.1021 	 294.947573341 	 163.505059637 	 1 	 0 	 1 	 -1 
309.563		50.633 	 296.084864725 	 163.013757214 	 1 	 0 	 1 	 -1 
306.489		55.285 	 332.563119796 	 163.515327448 	 0 	 1 	 1 	 1 
305.457		60 	 341.237937122 	 165.604804726 	 1 	 0 	 1 	 1 
306.489		64.715 	 313.082778277 	 160.636820205 	 1 	 0 	 1 	 -1 
309.563		69.367 	 267.177407971 	 168.616551171 	 0 	 1 	 1 	 1 
314.619		73.8979 	 323.229855379 	 161.961470744 	 1 	 1 	 1 	 0 
321.56		78.2585 	 323.713949761 	 163.332410403 	 0 	 1 	 1 	 0 
330.266		82.4109 	 347.842934805 	 167.335092685 	 0 	 0 	 1 	 0 
340.597		86.3295 	 297.752659035 	 173.92211857 	 0 	 0 	 1 	 -1 
352.406		90 	 283.256883032 	 161.955516736 	 1 	 0 	 1 	 0 
340.597		93.6705 	 307.386854561 	 164.818445033 	 1 	 0 	 1 	 -1 
330.266		97.5891 	 308.773275309 	 170.742593769 	 0 	 1 	 1 	 1 
321.56		101.742 	 299.559893616 	 164.325434849 	 1 	 1 	 1 	 -1 
314.619		106.102 	 309.724823754 	 164.854614207 	 1 	 0 	 1 	 1 
309.563		110.633 	 325.930687687 	 163.961002299 	 1 	 1 	 1 	 -1 
306.489		115.285 	 310.116264753 	 162.134941372 	 0 	 1 	 1 	 1 
305.457		120 	 320.155780101 	 168.267896787 	 1 	 0 	 1 	 0 
306.489		124.715 	 342.455137171 	 164.451483001 	 0 	 1 	 1 	 1 
309.563		129.367 	 291.377715375 	 165.257524794 	 1 	 1 	 1 	 1 
314.619		133.898 	 317.025136044 	 162.559538278 	 1 	 0 	 1 	 0 
321.56		138.258 	 295.981674497 	 163.078318742 	 1 	 0 	 1 	 0 
330.266		142.411 	 265.345535974 	 163.882870931 	 1 	 0 	 1 	 0 
340.597		146.329 	 293.44095427 	 166.785067752 	 1 	 1 	 1 	 -1 
352.406		150 	 337.063595067 	 160.558623472 	 1 	 0 	 1 	 -1 
340.597		153.671 	 317.729531631 	 165.103692606 	 1 	 0 	 1 	 -1 
330.266		157.589 	 305.743572063 	 164.706940087 	 0 	 0 	 1 	 -1 
321.561		161.742 	 314.563590808 	 163.841871502 	 0 	 0 	 1 	 0 
314.618		166.102 	 270.595101827 	 160.6416402 	 0 	 0 	 1 	 -1 
309.563		170.633 	 298.37773106 	 164.729899458 	 0 	 0 	 1 	 0 
306.488		175.285 	 309.986574846 	 164.910216522 	 0 	 0 	 1 	 0 
305.457		180 	 322.024361399 	 168.375758936 	 1 	 1 	 1 	 0 
306.488		184.715 	 286.896235562 	 172.93629053 	 0 	 0 	 1 	 -1 
309.563		189.367 	 302.135043064 	 166.86351456 	 0 	 0 	 1 	 0 
314.618		193.898 	 308.352788237 	 165.138696987 	 1 	 1 	 1 	 0 
321.561		198.258 	 318.464045516 	 161.352633808 	 1 	 1 	 1 	 0 
330.266		202.411 	 286.579575545 	 162.147075142 	 0 	 0 	 1 	 -1 
340.597		206.329 	 333.408158305 	 164.573377792 	 0 	 0 	 1 	 1 
352.406		210 	 288.293010944 	 168.283049923 	 0 	 0 	 1 	 1 
330.266		217.589 	 329.863310121 	 159.367353084 	 1 	 1 	 1 	 1 
321.56		221.742 	 312.019585862 	 168.328947246 	 0 	 1 	 1 	 -1 
314.619		226.102 	 274.289040812 	 158.454019481 	 0 	 1 	 1 	 0 
309.563		230.633 	 274.413238996 	 166.871896265 	 1 	 0 	 1 	 -1 
306.489		235.285 	 289.220907735 	 159.315638472 	 1 	 1 	 1 	 -1 
305.456		240 	 268.578920145 	 160.740685922 	 1 	 1 	 1 	 1 
306.488		244.715 	 318.336618566 	 160.193220848 	 0 	 0 	 1 	 0 
309.563		249.367 	 315.516212766 	 167.410146098 	 1 	 1 	 1 	 -1 
314.619		253.898 	 293.739489697 	 157.98955368 	 1 	 1 	 1 	 0 
321.56		258.258 	 309.078913354 	 165.77263214 	 0 	 0 	 1 	 1 
330.266		262.411 	 280.458393546 	 163.088947983 	 1 	 1 	 1 	 -1 
340.597		266.33 	 302.492897977 	 162.920740618 	 1 	 0 	 1 	 1 
340.597		273.671 	 301.873479333 	 162.611334315 	 0 	 1 	 1 	 1 
330.266		277.589 	 340.165513502 	 165.086606727 	 0 	 1 	 1 	 -1 
321.56		281.742 	 342.627038606 	 169.492618873 	 1 	 0 	 1 	 -1 
314.619		286.102 	 299.94342566 	 172.736372322 	 1 	 0 	 1 	 -1 
309.563		290.633 	 315.004307916 	 164.84335868 	 0 	 1 	 1 	 1 
306.488		295.285 	 301.434301246 	 170.93638263 	 1 	 0 	 1 	 -1 
305.457		300 	 332.69829436 	 166.942243471 	 1 	 0 	 1 	 0 
306.489		304.715 	 279.241078147 	 166.189128706 	 0 	 0 	 1 	 1 
309.563		309.367 	 281.034016478 	 161.570859363 	 1 	 0 	 1 	 0 
314.619		313.898 	 292.245559702 	 167.937299983 	 0 	 0 	 1 	 -1 
321.56		318.258 	 297.840524605 	 167.776106886 	 0 	 1 	 1 	 0 
330.266		322.411 	 344.273745579 	 166.965584999 	 1 	 1 	 1 	 -1 
340.597		326.33 	 300.7460694 	 162.524693158 	 0 	 0 	 1 	 1 
352.406		330 	 312.194776886 	 164.061855609 	 1 	 1 	 1 	 0 
365.546		333.418 	 289.584336446 	 169.827668886 	 1 	 1 	 1 	 1 
355.074		337.053 	 308.680390109 	 173.581089907 	 1 	 0 	 1 	 0 
346.099		340.893 	 319.254223839 	 164.273802841 	 1 	 0 	 1 	 0 
338.742		344.921 	 310.114953583 	 164.853122718 	 1 	 0 	 1 	 0 
333.116		349.107 	 298.344193841 	 164.693508054 	 0 	 1 	 1 	 1 
329.31		353.413 	 314.380556032 	 162.439943314 	 0 	 1 	 1 	 -1 
327.39		357.796 	 301.421871886 	 163.872909446 	 1 	 0 	 1 	 1 
327.39		2.20423 	 332.59368358 	 162.99670442 	 1 	 1 	 1 	 -1 
329.31		6.58678 	 330.983527812 	 166.73247076 	 0 	 1 	 1 	 -1 
333.116		10.8934 	 310.381931563 	 161.997141668 	 1 	 0 	 1 	 0 
338.742		15.0791 	 319.651414769 	 163.278285701 	 0 	 1 	 1 	 0 
346.099		19.1066 	 265.71308816 	 161.299949764 	 0 	 0 	 1 	 0 
355.074		22.9473 	 313.494787586 	 163.114056202 	 0 	 0 	 1 	 1 
365.546		26.582 	 325.223470468 	 160.891880522 	 0 	 1 	 1 	 0 
377.385		30 	 342.790468636 	 159.995787337 	 1 	 0 	 1 	 -1 
365.546		33.418 	 285.932237163 	 160.229168131 	 0 	 1 	 1 	 0 
355.074		37.0527 	 303.617142564 	 163.874061984 	 1 	 0 	 1 	 1 
346.099		40.8934 	 310.960034458 	 170.365993749 	 1 	 1 	 1 	 0 
338.743		44.9209 	 321.3372904 	 168.322624928 	 1 	 1 	 1 	 -1 
333.116		49.1066 	 320.601550029 	 170.686662902 	 0 	 0 	 1 	 1 
329.31		53.4132 	 313.762624956 	 166.872655028 	 1 	 1 	 1 	 0 
327.39		57.7958 	 305.05256844 	 165.748659433 	 0 	 1 	 1 	 -1 
327.39		62.2042 	 323.143010288 	 162.578751623 	 0 	 1 	 1 	 -1 
329.31		66.5868 	 310.010605891 	 164.417510819 	 1 	 1 	 1 	 -1 
333.116		70.8934 	 333.4756076 	 168.470680936 	 0 	 0 	 1 	 -1 
338.742		75.0791 	 282.715384221 	 167.086599008 	 1 	 0 	 1 	 1 
346.099		79.1066 	 282.175014773 	 158.400948566 	 0 	 1 	 1 	 -1 
355.074		82.9473 	 311.277808935 	 164.949574228 	 0 	 1 	 1 	 1 
