25.2587		30 	 16.6452621599 	 -5.13301004867 	 0 	 1 	 1 	 -1 
25.2587		90 	 24.8445599396 	 134.536240836 	 0 	 1 	 1 	 0 
25.2587		150 	 8.05718182038 	 152.224290156 	 1 	 0 	 1 	 -1 
25.2587		210 	 22.9092179013 	 -130.018465063 	 0 	 1 	 1 	 1 
25.2587		270 	 32.0646721436 	 -120.250782905 	 1 	 0 	 1 	 1 
43.7478		0 	 35.2753348527 	 5.9280909004 	 1 	 1 	 1 	 1 
50.5147		30 	 63.2937069765 	 39.7951167433 	 0 	 1 	 1 	 0 
43.7478		60 	 59.1941491534 	 67.128536214 	 1 	 0 	 1 	 0 
50.5147		90 	 49.4972945531 	 112.808100067 	 1 	 0 	 1 	 1 
43.7478		120 	 26.4723667166 	 119.63690132 	 0 	 1 	 1 	 0 
50.5147		150 	 68.9565802518 	 146.356224824 	 0 	 1 	 1 	 -1 
43.7478		180 	 51.6742545915 	 -169.26312043 	 0 	 1 	 1 	 -1 
50.5147		210 	 60.2235337016 	 -154.685353251 	 1 	 1 	 1 	 1 
43.7478		240 	 59.976000824 	 -106.60579513 	 1 	 0 	 1 	 1 
43.7478		300 	 40.9589761769 	 -86.4940138525 	 0 	 0 	 1 	 0 
50.5148		330 	 49.0828605524 	 -50.118442218 	 1 	 0 	 1 	 0 
66.8212		349.107 	 67.429153539 	 -2.1845103055 	 0 	 1 	 1 	 -1 
66.8212		10.8934 	 82.0434461913 	 14.7601155857 	 0 	 0 	 1 	 -1 
75.7654		30 	 70.0913854622 	 26.060558046 	 0 	 1 	 1 	 1 
66.8212		49.1066 	 67.4004005964 	 65.736540934 	 0 	 0 	 1 	 0 
66.8212		70.8934 	 54.9584583316 	 81.7980508788 	 0 	 0 	 1 	 0 
75.7654		90 	 77.7674729064 	 79.7130033877 	 1 	 1 	 1 	 0 
66.8212		109.107 	 80.3397185313 	 104.80672202 	 0 	 0 	 1 	 1 
66.8212		130.893 	 70.5332529074 	 122.515933834 	 1 	 0 	 1 	 0 
75.7654		150 	 64.7042557419 	 138.862573123 	 1 	 1 	 1 	 1 
66.8212		169.107 	 53.7936701573 	 -178.979645185 	 1 	 0 	 1 	 0 
66.8212		190.893 	 67.656428068 	 -156.652444812 	 0 	 0 	 1 	 0 
66.8212		229.107 	 84.7137678043 	 -124.642795824 	 0 	 1 	 1 	 1 
66.8212		250.893 	 67.5902420744 	 -102.016903306 	 1 	 0 	 1 	 0 
75.7654		270 	 69.1079183713 	 -99.2888435947 	 0 	 1 	 1 	 -1 
66.8212		289.107 	 74.4327605877 	 -59.2679249633 	 0 	 1 	 1 	 0 
66.8212		310.893 	 62.0836786381 	 -32.6624866171 	 0 	 0 	 1 	 -1 
75.7654		330 	 76.3307692619 	 -16.5602985194 	 1 	 0 	 1 	 -1 
91.0523		343.898 	 79.4975464738 	 -15.6428792572 	 0 	 0 	 1 	 0 
87.4818		0 	 81.1879901661 	 -7.52253346982 	 0 	 1 	 1 	 0 
91.0523		16.1021 	 93.0840643438 	 27.0467390536 	 1 	 1 	 1 	 0 
101.008		30 	 90.6034443516 	 32.9838889559 	 1 	 1 	 1 	 -1 
91.0523		43.8979 	 89.160542521 	 39.3147385662 	 1 	 1 	 1 	 -1 
87.4818		60 	 77.9689853117 	 53.845388011 	 1 	 0 	 1 	 -1 
91.0523		76.1021 	 85.3478238657 	 70.0829346702 	 0 	 1 	 1 	 1 
91.0523		103.898 	 90.5444108455 	 110.671966263 	 0 	 1 	 1 	 -1 
87.4818		120 	 72.3620343775 	 125.353757557 	 1 	 0 	 1 	 -1 
91.0523		136.102 	 98.6879831589 	 126.212796182 	 0 	 1 	 1 	 -1 
91.0523		163.898 	 93.4808299897 	 158.594141082 	 0 	 0 	 1 	 1 
87.4818		180 	 76.7795000595 	 -178.454752142 	 1 	 0 	 1 	 1 
91.0523		196.102 	 84.214469589 	 -153.583003725 	 0 	 1 	 1 	 1 
101.008		210 	 115.34883393 	 -148.270570888 	 0 	 1 	 1 	 1 
91.0523		223.898 	 84.3805041275 	 -132.141515364 	 0 	 1 	 1 	 0 
87.4818		240 	 79.2823288477 	 -113.760616398 	 0 	 1 	 1 	 1 
91.0523		256.102 	 94.6603781419 	 -99.0204053587 	 1 	 0 	 1 	 1 
101.008		270 	 84.7840955847 	 -81.558745682 	 1 	 1 	 1 	 -1 
91.0523		283.898 	 76.4976837503 	 -82.0344767817 	 0 	 0 	 1 	 1 
87.4817		300 	 94.8945407519 	 -51.6137378189 	 1 	 0 	 1 	 1 
91.0523		316.102 	 77.2908482996 	 -36.0944122712 	 1 	 0 	 1 	 0 
101.008		330 	 89.6228311871 	 -24.6149535658 	 1 	 1 	 1 	 -1 
115.709		340.893 	 131.114263843 	 -25.5344439254 	 0 	 0 	 1 	 1 
110.065		353.413 	 116.000045327 	 0.534557434189 	 0 	 1 	 1 	 0 
110.065		6.58677 	 104.078097376 	 3.60132274984 	 0 	 0 	 1 	 -1 
115.709		19.1066 	 108.943522739 	 25.0620450036 	 0 	 1 	 1 	 0 
126.24		30 	 135.810138951 	 38.6584330327 	 1 	 1 	 1 	 -1 
115.709		40.8934 	 127.39326489 	 39.0137240352 	 0 	 0 	 1 	 -1 
110.065		53.4132 	 117.242709949 	 56.0536936822 	 0 	 1 	 1 	 0 
110.065		66.5868 	 93.4157965658 	 59.3336001419 	 0 	 1 	 1 	 0 
115.709		79.1066 	 121.230692676 	 85.3660707066 	 0 	 0 	 1 	 -1 
126.24		90 	 145.137066834 	 93.1583909215 	 0 	 1 	 1 	 -1 
115.709		100.893 	 113.015703635 	 108.446933848 	 0 	 1 	 1 	 0 
110.065		113.413 	 119.74382811 	 114.968161786 	 1 	 1 	 1 	 -1 
110.065		126.587 	 94.4804592323 	 119.748554693 	 0 	 0 	 1 	 -1 
115.709		139.107 	 107.287202611 	 129.901506937 	 0 	 1 	 1 	 0 
126.24		150 	 120.603311938 	 158.955048844 	 1 	 1 	 1 	 0 
115.709		160.893 	 123.70274987 	 152.355671259 	 1 	 1 	 1 	 -1 
110.066		173.413 	 125.236559429 	 -179.065586544 	 0 	 1 	 1 	 1 
110.066		186.587 	 129.025229467 	 -178.081794201 	 0 	 0 	 1 	 0 
115.709		199.107 	 121.318677799 	 -167.509853503 	 1 	 1 	 1 	 -1 
126.24		210 	 119.362870708 	 -144.494344152 	 1 	 1 	 1 	 -1 
115.709		220.893 	 111.803758994 	 -146.963451052 	 1 	 0 	 1 	 0 
110.065		233.413 	 108.955624103 	 -118.395620082 	 1 	 0 	 1 	 1 
110.065		246.587 	 125.333851628 	 -119.401755968 	 1 	 0 	 1 	 -1 
115.709		259.107 	 110.172697998 	 -105.508852037 	 1 	 1 	 1 	 -1 
126.24		270 	 147.602360598 	 -87.8554153626 	 0 	 0 	 1 	 -1 
115.709		280.893 	 133.055810111 	 -84.1488184212 	 0 	 1 	 1 	 0 
110.065		293.413 	 100.315635038 	 -63.5089599843 	 1 	 0 	 1 	 -1 
110.065		306.587 	 115.100942287 	 -59.0922640565 	 0 	 1 	 1 	 1 
115.709		319.107 	 123.204462652 	 -35.7962153292 	 0 	 1 	 1 	 0 
126.24		330 	 122.12770635 	 -26.9142249383 	 1 	 0 	 1 	 0 
140.56		338.948 	 139.105851839 	 -16.0136087175 	 0 	 0 	 1 	 1 
133.593		349.107 	 144.688139004 	 -14.8176904204 	 0 	 0 	 1 	 1 
131.188		0 	 133.416466843 	 -6.41398194809 	 1 	 1 	 1 	 0 
133.593		10.8934 	 120.616481708 	 5.10295997024 	 1 	 1 	 1 	 0 
140.56		21.0517 	 154.123016418 	 23.4314480577 	 0 	 1 	 1 	 1 
151.459		30 	 155.302224082 	 34.8809928659 	 0 	 0 	 1 	 1 
140.56		38.9483 	 129.386865956 	 46.3773315183 	 0 	 0 	 1 	 1 
133.593		49.1066 	 130.886162734 	 52.9212239219 	 1 	 1 	 1 	 1 
131.188		60 	 141.962589076 	 55.6291726369 	 0 	 0 	 1 	 -1 
133.593		70.8934 	 138.147112362 	 67.1749615797 	 1 	 0 	 1 	 1 
140.56		81.0517 	 142.588289685 	 87.0036751045 	 1 	 1 	 1 	 0 
151.459		90 	 164.554782648 	 89.5455254733 	 1 	 0 	 1 	 1 
140.56		98.9483 	 124.378871572 	 95.9542869772 	 0 	 0 	 1 	 -1 
133.593		109.107 	 152.73578163 	 106.41592405 	 1 	 0 	 1 	 1 
131.188		120 	 113.386896783 	 115.986327746 	 1 	 0 	 1 	 0 
133.593		130.893 	 140.648134536 	 133.735157719 	 1 	 0 	 1 	 0 
140.56		141.052 	 150.297083922 	 134.589579794 	 1 	 1 	 1 	 0 
151.459		150 	 135.310180508 	 149.507375622 	 0 	 1 	 1 	 1 
140.56		158.948 	 152.929380233 	 163.685917447 	 0 	 1 	 1 	 -1 
133.593		169.107 	 126.003884711 	 162.940463656 	 0 	 0 	 1 	 -1 
131.188		180 	 141.021040634 	 -176.66040764 	 0 	 0 	 1 	 1 
133.593		190.893 	 122.187354904 	 -172.710716658 	 0 	 0 	 1 	 -1 
140.56		201.052 	 151.611133765 	 -159.954811978 	 1 	 0 	 1 	 0 
151.459		210 	 164.576171598 	 -148.848127344 	 1 	 1 	 1 	 0 
140.56		218.948 	 121.949646762 	 -143.819182277 	 1 	 0 	 1 	 1 
133.593		229.107 	 119.355033114 	 -128.212890117 	 1 	 1 	 1 	 -1 
131.188		240 	 125.806628928 	 -126.773615425 	 0 	 1 	 1 	 1 
133.592		250.893 	 113.196796598 	 -110.572823975 	 0 	 0 	 1 	 0 
140.56		261.052 	 149.418349201 	 -100.987847038 	 0 	 0 	 1 	 -1 
151.459		270 	 167.844006649 	 -88.0254282746 	 0 	 1 	 1 	 1 
140.56		278.948 	 138.178270839 	 -86.0502858228 	 1 	 1 	 1 	 -1 
133.592		289.107 	 125.763604952 	 -65.7652715269 	 1 	 1 	 1 	 1 
131.188		300 	 143.941876599 	 -67.3364624583 	 0 	 0 	 1 	 -1 
133.593		310.893 	 149.413142894 	 -42.8928617364 	 1 	 0 	 1 	 -1 
140.56		321.052 	 124.571127271 	 -43.2562604687 	 1 	 1 	 1 	 0 
151.459		330 	 166.17684512 	 -26.3840333749 	 1 	 0 	 1 	 -1 
165.51		337.589 	 177.657063684 	 -26.7752383873 	 0 	 1 	 1 	 -1 
157.635		346.102 	 170.050572171 	 -15.7821702138 	 0 	 1 	 1 	 1 
153.545		355.285 	 151.801200139 	 -7.87617419603 	 1 	 0 	 1 	 1 
153.545		4.715 	 154.443943673 	 7.81413889534 	 0 	 1 	 1 	 1 
157.635		13.8979 	 172.605480439 	 14.7245046003 	 1 	 1 	 1 	 -1 
165.51		22.4109 	 175.503449105 	 26.6523910497 	 1 	 1 	 1 	 1 
176.661		30 	 167.301023761 	 29.5834902986 	 1 	 1 	 1 	 0 
165.51		37.5891 	 169.673579012 	 35.1789673551 	 0 	 1 	 1 	 1 
157.635		46.1021 	 159.050020643 	 41.4150043078 	 1 	 1 	 1 	 0 
153.545		55.285 	 165.817937944 	 48.7062318147 	 0 	 1 	 1 	 1 
153.545		64.715 	 132.930841902 	 63.180639871 	 1 	 0 	 1 	 1 
157.635		73.8979 	 163.593172265 	 69.836936564 	 1 	 0 	 1 	 1 
165.51		82.4109 	 151.217601363 	 83.494735935 	 1 	 1 	 1 	 0 
176.661		90 	 185.242173792 	 89.653813492 	 1 	 1 	 1 	 1 
165.51		97.5891 	 144.841702544 	 94.4002127437 	 1 	 0 	 1 	 -1 
157.635		106.102 	 160.151116395 	 112.255051722 	 0 	 1 	 1 	 0 
153.545		115.285 	 164.442168073 	 115.620968316 	 1 	 1 	 1 	 -1 
153.545		124.715 	 138.552227799 	 128.10121555 	 0 	 0 	 1 	 -1 
157.635		133.898 	 153.611246221 	 128.027743871 	 1 	 0 	 1 	 -1 
165.51		142.411 	 169.270985327 	 144.992924985 	 0 	 1 	 1 	 0 
176.661		150 	 181.929480822 	 147.509813523 	 0 	 0 	 1 	 1 
165.509		157.589 	 172.002434909 	 152.302103568 	 1 	 0 	 1 	 0 
157.635		166.102 	 163.317900757 	 171.126334473 	 1 	 1 	 1 	 -1 
153.546		175.285 	 153.449285427 	 167.276893609 	 1 	 1 	 1 	 0 
153.546		184.715 	 153.645685962 	 -172.284749248 	 0 	 0 	 1 	 -1 
157.635		193.898 	 144.292048143 	 -170.802253818 	 1 	 0 	 1 	 1 
165.509		202.411 	 171.166605277 	 -155.914531401 	 1 	 0 	 1 	 1 
165.51		217.589 	 165.023171457 	 -147.935579855 	 0 	 0 	 1 	 -1 
157.635		226.102 	 172.264195647 	 -136.098796126 	 0 	 1 	 1 	 -1 
153.545		235.285 	 149.452216747 	 -117.693923099 	 1 	 1 	 1 	 -1 
153.545		244.715 	 158.406954626 	 -118.409451871 	 1 	 0 	 1 	 1 
157.635		253.898 	 135.335831597 	 -105.476136551 	 1 	 1 	 1 	 0 
165.51		262.411 	 179.340054961 	 -94.4367299089 	 1 	 1 	 1 	 1 
176.661		270 	 154.927035574 	 -91.1302420831 	 0 	 1 	 1 	 1 
165.51		277.589 	 155.663543005 	 -82.4477125217 	 1 	 1 	 1 	 0 
157.635		286.102 	 148.036933759 	 -78.4878976982 	 1 	 1 	 1 	 0 
153.545		295.285 	 140.602051055 	 -60.4104995774 	 0 	 1 	 1 	 1 
153.545		304.715 	 151.854474696 	 -47.3001001093 	 0 	 0 	 1 	 1 
157.635		313.898 	 150.25816168 	 -43.1769892251 	 1 	 0 	 1 	 0 
165.51		322.411 	 172.686698057 	 -34.4560756016 	 1 	 0 	 1 	 0 
176.661		330 	 168.283338421 	 -36.4795767571 	 1 	 0 	 1 	 0 
190.511		336.587 	 203.182791873 	 -27.2966789261 	 1 	 1 	 1 	 -1 
181.979		343.898 	 167.706372054 	 -13.5879029562 	 1 	 1 	 1 	 0 
176.661		351.787 	 159.004162247 	 -3.96859609825 	 1 	 0 	 1 	 -1 
174.852		0 	 192.074958063 	 -2.86053061964 	 1 	 1 	 1 	 1 
176.661		8.21321 	 162.656016115 	 7.45516307319 	 0 	 1 	 1 	 1 
181.979		16.1021 	 171.119529527 	 19.4366143984 	 1 	 0 	 1 	 0 
190.511		23.4132 	 201.157430214 	 20.8373754072 	 0 	 0 	 1 	 0 
201.845		30 	 200.101410729 	 27.9318184456 	 0 	 1 	 1 	 1 
181.979		43.8979 	 167.882472565 	 39.0736068903 	 1 	 0 	 1 	 1 
176.661		51.7868 	 181.540166661 	 54.8920396205 	 1 	 0 	 1 	 -1 
174.852		60 	 171.798621986 	 55.9513979939 	 0 	 1 	 1 	 -1 
176.661		68.2132 	 194.471894236 	 68.0978387482 	 1 	 0 	 1 	 0 
181.979		76.1021 	 187.829057938 	 70.5478816974 	 1 	 0 	 1 	 1 
190.511		83.4132 	 200.058775251 	 82.7505142494 	 1 	 0 	 1 	 1 
201.845		90 	 215.374757755 	 94.4431288946 	 0 	 1 	 1 	 0 
190.511		96.5868 	 186.416902178 	 90.2031229927 	 0 	 1 	 1 	 -1 
181.979		103.898 	 195.365626189 	 101.871668233 	 0 	 1 	 1 	 0 
176.661		111.787 	 162.29149531 	 108.019024401 	 1 	 0 	 1 	 1 
174.852		120 	 173.66011173 	 122.63026177 	 1 	 0 	 1 	 0 
176.661		128.213 	 194.640550019 	 128.475070998 	 1 	 0 	 1 	 -1 
181.979		136.102 	 164.049613164 	 137.937398378 	 1 	 1 	 1 	 -1 
190.51		143.413 	 191.583817358 	 146.021606977 	 1 	 0 	 1 	 1 
201.845		150 	 188.42295423 	 152.267343165 	 1 	 0 	 1 	 -1 
190.511		156.587 	 193.937828689 	 153.439753056 	 1 	 1 	 1 	 0 
181.979		163.898 	 179.584573154 	 161.330134204 	 0 	 0 	 1 	 1 
176.661		171.787 	 187.174972693 	 174.795081272 	 0 	 1 	 1 	 0 
174.852		180 	 172.208623124 	 177.005054366 	 0 	 0 	 1 	 0 
176.661		188.213 	 185.025074947 	 -173.54698087 	 0 	 0 	 1 	 1 
181.979		196.102 	 173.463776832 	 -165.372295459 	 1 	 1 	 1 	 1 
190.511		203.413 	 189.85569927 	 -160.697381519 	 1 	 1 	 1 	 1 
201.845		210 	 195.667735301 	 -151.798688129 	 0 	 0 	 1 	 0 
190.51		216.587 	 184.56105362 	 -146.172402216 	 0 	 1 	 1 	 -1 
181.979		223.898 	 173.280599676 	 -134.863481803 	 0 	 1 	 1 	 -1 
176.661		231.787 	 184.107585451 	 -127.736127851 	 0 	 0 	 1 	 -1 
174.853		240 	 180.249778987 	 -113.580495997 	 0 	 0 	 1 	 -1 
176.662		248.213 	 190.055574499 	 -107.682259502 	 0 	 1 	 1 	 1 
181.979		256.102 	 179.416861852 	 -99.6689007692 	 1 	 0 	 1 	 0 
190.511		263.413 	 206.516509706 	 -98.6502023447 	 0 	 1 	 1 	 1 
190.511		276.587 	 202.44727572 	 -86.3440020697 	 1 	 1 	 1 	 -1 
181.979		283.898 	 166.605875671 	 -73.2265010199 	 1 	 0 	 1 	 1 
176.662		291.787 	 168.192812348 	 -62.9285289189 	 1 	 0 	 1 	 1 
174.853		300 	 169.447569102 	 -61.7776007757 	 1 	 0 	 1 	 -1 
176.661		308.213 	 186.152671292 	 -55.5009471956 	 1 	 1 	 1 	 1 
181.979		316.102 	 195.446494288 	 -47.5283875425 	 0 	 1 	 1 	 -1 
190.511		323.413 	 180.611993815 	 -39.7529823223 	 1 	 1 	 1 	 0 
201.845		330 	 189.681316201 	 -32.3195340567 	 0 	 0 	 1 	 1 
215.536		335.818 	 219.949327522 	 -22.3086384298 	 1 	 0 	 1 	 1 
206.511		342.216 	 222.284300547 	 -19.5631336027 	 1 	 0 	 1 	 1 
200.265		349.107 	 198.307964241 	 -14.6856728622 	 1 	 1 	 1 	 0 
197.068		356.329 	 215.796528316 	 -3.94766649888 	 1 	 0 	 1 	 -1 
197.068		3.6705 	 205.643912927 	 1.87921165849 	 0 	 1 	 1 	 1 
200.265		10.8934 	 188.59470062 	 12.2673445402 	 0 	 0 	 1 	 -1 
206.511		17.7836 	 221.38018238 	 20.8770421603 	 0 	 1 	 1 	 0 
215.536		24.1825 	 224.242753009 	 29.5520842319 	 1 	 0 	 1 	 0 
227.007		30 	 240.157711897 	 28.3041473308 	 0 	 0 	 1 	 1 
215.536		35.8175 	 199.319012227 	 32.2096095029 	 0 	 1 	 1 	 -1 
206.511		42.2164 	 222.076885782 	 41.1905359328 	 0 	 0 	 1 	 -1 
200.265		49.1066 	 205.525292074 	 45.7267267808 	 1 	 0 	 1 	 0 
197.068		56.3295 	 218.027261439 	 55.3170833978 	 0 	 0 	 1 	 1 
197.068		63.6705 	 190.262461659 	 69.1602535152 	 0 	 1 	 1 	 1 
200.265		70.8934 	 206.110532981 	 75.1772580012 	 1 	 1 	 1 	 1 
206.511		77.7836 	 201.41595111 	 72.027781021 	 0 	 0 	 1 	 1 
215.536		84.1825 	 237.663653712 	 84.8214555259 	 1 	 1 	 1 	 -1 
227.007		90 	 207.946456613 	 92.4812026169 	 1 	 0 	 1 	 1 
215.536		95.8175 	 212.62194885 	 93.8947533072 	 0 	 0 	 1 	 1 
206.511		102.216 	 216.230673072 	 99.8487139002 	 0 	 0 	 1 	 0 
200.265		109.107 	 190.969248419 	 106.895250418 	 0 	 1 	 1 	 1 
197.068		116.33 	 208.558134545 	 119.395791358 	 1 	 0 	 1 	 0 
197.068		123.671 	 197.565091537 	 117.929134338 	 0 	 0 	 1 	 0 
200.265		130.893 	 192.292873086 	 128.021546084 	 1 	 1 	 1 	 0 
206.51		137.784 	 200.476663243 	 135.173522396 	 0 	 1 	 1 	 -1 
215.536		144.182 	 198.542393018 	 144.003067495 	 1 	 1 	 1 	 0 
227.007		150 	 228.309182834 	 153.758523987 	 1 	 0 	 1 	 -1 
215.536		155.818 	 232.283872661 	 158.266054338 	 1 	 1 	 1 	 -1 
206.511		162.216 	 218.112925997 	 160.457557952 	 0 	 0 	 1 	 0 
200.266		169.107 	 213.425436333 	 172.844222818 	 1 	 1 	 1 	 -1 
197.068		176.33 	 199.161602463 	 172.018694489 	 1 	 0 	 1 	 -1 
197.068		183.671 	 178.695551951 	 -172.474671434 	 1 	 0 	 1 	 -1 
200.266		190.893 	 180.401509153 	 -167.957251559 	 0 	 1 	 1 	 0 
206.511		197.784 	 191.49180585 	 -160.262324748 	 0 	 1 	 1 	 0 
215.536		204.182 	 221.347322712 	 -160.261647168 	 1 	 0 	 1 	 0 
227.007		210 	 231.985478676 	 -154.870497116 	 0 	 0 	 1 	 1 
215.536		215.818 	 236.543760587 	 -143.151213549 	 1 	 1 	 1 	 1 
206.51		222.216 	 213.952323346 	 -134.278101672 	 1 	 1 	 1 	 1 
200.265		229.107 	 213.064254331 	 -129.254531201 	 0 	 0 	 1 	 -1 
197.068		236.329 	 213.8995248 	 -124.164517566 	 0 	 1 	 1 	 1 
197.068		243.671 	 205.1188439 	 -115.375247566 	 1 	 0 	 1 	 0 
200.265		250.893 	 190.270059595 	 -107.091923113 	 1 	 0 	 1 	 -1 
206.51		257.784 	 202.399865053 	 -98.3482608198 	 1 	 0 	 1 	 0 
215.536		264.182 	 222.681584189 	 -94.6082083117 	 0 	 0 	 1 	 1 
227.007		270 	 231.818902177 	 -84.9949927572 	 1 	 1 	 1 	 0 
215.536		275.818 	 203.226255909 	 -82.5784038739 	 0 	 1 	 1 	 1 
206.51		282.216 	 216.380711917 	 -80.5517862859 	 1 	 1 	 1 	 0 
200.265		289.107 	 188.828760337 	 -69.0570257376 	 0 	 0 	 1 	 0 
197.068		296.329 	 189.125360001 	 -58.7779790183 	 1 	 0 	 1 	 1 
197.068		303.67 	 185.614695286 	 -54.3401600905 	 1 	 1 	 1 	 1 
200.265		310.893 	 196.812436433 	 -45.6691393095 	 1 	 1 	 1 	 0 
206.511		317.784 	 190.789727077 	 -38.2681344085 	 1 	 1 	 1 	 -1 
227.008		330 	 230.50510857 	 -32.908031099 	 1 	 0 	 1 	 -1 
240.57		335.209 	 248.35157886 	 -25.8416279638 	 0 	 0 	 1 	 0 
231.161		340.893 	 224.174522967 	 -21.9240547013 	 0 	 0 	 1 	 -1 
224.195		346.996 	 222.694371925 	 -8.52631343097 	 1 	 0 	 1 	 -1 
219.909		353.413 	 225.134569913 	 -4.69458000414 	 0 	 1 	 1 	 0 
218.461		0 	 236.429857175 	 -2.412766771 	 0 	 0 	 1 	 0 
219.909		6.58678 	 221.180691628 	 8.49566351731 	 0 	 0 	 1 	 1 
224.195		13.0039 	 206.578322486 	 12.8038494098 	 0 	 0 	 1 	 1 
231.161		19.1066 	 245.523228489 	 19.7497350497 	 0 	 1 	 1 	 0 
240.57		24.7913 	 246.401609107 	 22.1051845293 	 1 	 0 	 1 	 1 
252.146		30 	 244.271973239 	 31.6439722603 	 0 	 1 	 1 	 -1 
240.57		35.2087 	 227.268900725 	 31.1070006379 	 1 	 1 	 1 	 1 
231.161		40.8934 	 239.674290795 	 40.7438341527 	 0 	 0 	 1 	 -1 
224.195		46.9961 	 220.251582527 	 52.6402634663 	 1 	 1 	 1 	 1 
219.909		53.4132 	 210.468450263 	 54.4424127094 	 0 	 1 	 1 	 0 
218.461		60 	 236.590926972 	 58.775222454 	 1 	 1 	 1 	 0 
219.909		66.5868 	 224.839953476 	 71.7768925281 	 1 	 1 	 1 	 0 
224.195		73.0039 	 226.567520734 	 75.7720198981 	 0 	 1 	 1 	 -1 
231.161		79.1066 	 216.633812326 	 78.1591688963 	 0 	 1 	 1 	 -1 
240.57		84.7913 	 258.154521282 	 83.6647157658 	 0 	 0 	 1 	 1 
240.57		95.2087 	 242.051157934 	 99.0727238468 	 1 	 0 	 1 	 0 
231.161		100.893 	 220.456907217 	 96.0026923125 	 0 	 0 	 1 	 1 
224.195		106.996 	 222.715887944 	 110.175645633 	 1 	 0 	 1 	 1 
219.909		113.413 	 218.579982416 	 116.30963813 	 1 	 0 	 1 	 -1 
218.461		120 	 217.172366041 	 117.983268018 	 0 	 0 	 1 	 -1 
219.909		126.587 	 216.934721165 	 130.065529442 	 0 	 1 	 1 	 1 
224.195		133.004 	 207.67708052 	 131.081509972 	 0 	 0 	 1 	 0 
231.161		139.107 	 225.261525588 	 140.856124507 	 0 	 1 	 1 	 1 
252.146		150 	 236.200313003 	 147.505169784 	 0 	 1 	 1 	 -1 
240.57		155.209 	 253.806172731 	 155.674981354 	 1 	 1 	 1 	 1 
231.16		160.893 	 219.737894256 	 161.858254182 	 0 	 1 	 1 	 -1 
224.196		166.996 	 232.588777322 	 168.48382457 	 1 	 0 	 1 	 -1 
219.909		173.413 	 230.453949921 	 169.963331872 	 1 	 1 	 1 	 -1 
218.461		180 	 238.995319579 	 178.623989968 	 1 	 1 	 1 	 0 
219.909		186.587 	 226.702491416 	 -170.287214825 	 0 	 0 	 1 	 1 
224.196		193.004 	 212.049245671 	 -162.251224442 	 1 	 1 	 1 	 0 
231.16		199.107 	 232.428785786 	 -164.627050358 	 1 	 0 	 1 	 -1 
240.57		204.791 	 250.065006732 	 -156.964114613 	 0 	 0 	 1 	 1 
252.146		210 	 269.813645138 	 -151.182921472 	 1 	 1 	 1 	 1 
240.57		215.209 	 261.903871199 	 -143.397629801 	 1 	 1 	 1 	 1 
231.161		220.893 	 232.26451607 	 -143.725708743 	 1 	 0 	 1 	 0 
224.196		226.996 	 229.849000133 	 -129.623208605 	 0 	 1 	 1 	 0 
219.909		233.413 	 218.663774033 	 -129.02445318 	 0 	 0 	 1 	 0 
218.461		240 	 224.136740385 	 -121.243366171 	 1 	 0 	 1 	 -1 
219.909		246.587 	 222.578696898 	 -119.13079916 	 0 	 0 	 1 	 0 
224.195		253.004 	 229.505592045 	 -110.731731731 	 0 	 1 	 1 	 1 
231.16		259.107 	 226.155978097 	 -97.5626042573 	 1 	 1 	 1 	 1 
240.57		264.791 	 249.622184019 	 -95.5093255199 	 1 	 1 	 1 	 0 
252.146		270 	 247.53997466 	 -85.2391140941 	 0 	 1 	 1 	 1 
240.57		275.209 	 254.846868756 	 -85.4634770607 	 1 	 0 	 1 	 1 
231.16		280.893 	 245.539863944 	 -78.8897182479 	 0 	 0 	 1 	 0 
224.195		286.996 	 212.313141335 	 -69.4134663947 	 0 	 0 	 1 	 1 
219.909		293.413 	 204.931202794 	 -66.7451773339 	 1 	 0 	 1 	 0 
218.461		300 	 199.345010664 	 -61.4262969301 	 1 	 1 	 1 	 -1 
219.909		306.587 	 219.252773327 	 -49.3335047685 	 0 	 0 	 1 	 -1 
224.196		313.004 	 210.524590246 	 -43.7748808881 	 0 	 1 	 1 	 1 
231.161		319.107 	 236.999039609 	 -38.8363222714 	 1 	 0 	 1 	 0 
240.57		324.791 	 228.382447643 	 -32.7161642118 	 1 	 1 	 1 	 -1 
252.146		330 	 239.406534549 	 -33.9410238549 	 0 	 0 	 1 	 -1 
265.601		334.715 	 283.678122293 	 -25.5618124122 	 1 	 0 	 1 	 0 
255.886		339.826 	 276.449238378 	 -21.7562891107 	 1 	 1 	 1 	 -1 
248.348		345.295 	 229.337245032 	 -16.1142478696 	 1 	 1 	 1 	 1 
243.191		351.052 	 228.478347783 	 -7.96854449107 	 0 	 0 	 1 	 1 
240.57		356.996 	 246.522410847 	 -4.05979346169 	 0 	 0 	 1 	 1 
240.57		3.00449 	 225.981571262 	 5.76132120717 	 1 	 0 	 1 	 1 
243.191		8.94827 	 258.974670125 	 7.79450540787 	 1 	 1 	 1 	 1 
248.348		14.7047 	 237.895801561 	 12.418264184 	 0 	 0 	 1 	 -1 
255.886		20.1736 	 247.134888302 	 16.5819206355 	 0 	 0 	 1 	 1 
265.601		25.285 	 275.733848315 	 23.0105574154 	 0 	 0 	 1 	 0 
277.258		30 	 265.320222225 	 30.8303097322 	 0 	 0 	 1 	 0 
265.601		34.715 	 272.637210739 	 31.765678435 	 1 	 0 	 1 	 1 
255.887		39.8264 	 254.681847058 	 42.1751203086 	 1 	 0 	 1 	 0 
248.348		45.2953 	 249.663491523 	 48.5686467355 	 1 	 1 	 1 	 0 
243.191		51.0517 	 240.756621619 	 53.7783859296 	 1 	 0 	 1 	 -1 
240.57		56.9955 	 245.162424883 	 53.9446732517 	 1 	 0 	 1 	 0 
240.57		63.0045 	 257.499472726 	 64.0149402194 	 0 	 1 	 1 	 -1 
243.191		68.9483 	 225.440538346 	 71.6410784913 	 0 	 1 	 1 	 -1 
248.348		74.7047 	 262.253966278 	 77.4831873242 	 0 	 0 	 1 	 -1 
255.887		80.1736 	 262.180154294 	 79.1034780691 	 0 	 0 	 1 	 -1 
265.601		85.285 	 277.685770806 	 82.9622767891 	 1 	 0 	 1 	 1 
277.257		90 	 286.21993853 	 88.8524204943 	 1 	 0 	 1 	 0 
265.601		94.715 	 253.646239426 	 93.3784100426 	 0 	 0 	 1 	 1 
255.887		99.8264 	 249.00986766 	 98.2251737528 	 1 	 0 	 1 	 1 
248.348		105.295 	 253.489629307 	 103.699380606 	 0 	 0 	 1 	 -1 
243.191		111.052 	 251.802971638 	 114.598235512 	 0 	 1 	 1 	 1 
240.57		116.996 	 251.326223866 	 114.581452003 	 1 	 0 	 1 	 0 
240.57		123.005 	 249.011024013 	 120.671136754 	 0 	 1 	 1 	 -1 
243.191		128.948 	 259.687561093 	 126.849416507 	 0 	 0 	 1 	 1 
248.348		134.705 	 254.695746986 	 132.910601927 	 1 	 0 	 1 	 -1 
255.887		140.174 	 271.04223638 	 137.620671244 	 0 	 0 	 1 	 1 
265.6		145.285 	 267.384970431 	 147.527587998 	 1 	 1 	 1 	 1 
277.257		150 	 261.628224796 	 152.131890278 	 0 	 0 	 1 	 1 
265.601		154.715 	 255.969605003 	 153.124973674 	 1 	 0 	 1 	 -1 
255.886		159.826 	 244.333060558 	 162.191067038 	 1 	 0 	 1 	 1 
248.348		165.295 	 228.915028829 	 165.917597853 	 0 	 0 	 1 	 0 
243.191		171.052 	 255.059936818 	 174.914201304 	 1 	 1 	 1 	 1 
240.57		176.996 	 254.042223805 	 178.709816398 	 0 	 0 	 1 	 0 
240.57		183.005 	 243.616106149 	 -178.904196511 	 1 	 1 	 1 	 -1 
243.191		188.948 	 254.023455325 	 -173.642829782 	 0 	 1 	 1 	 -1 
248.348		194.705 	 237.472607628 	 -165.404041544 	 0 	 1 	 1 	 1 
255.886		200.174 	 245.224905599 	 -160.595506072 	 1 	 1 	 1 	 1 
265.601		205.285 	 270.760789622 	 -150.95552846 	 1 	 0 	 1 	 -1 
277.258		210 	 295.780968916 	 -149.019702512 	 1 	 0 	 1 	 0 
265.6		214.715 	 273.997230275 	 -147.112096191 	 0 	 0 	 1 	 -1 
255.887		219.826 	 248.215407091 	 -139.048026324 	 0 	 0 	 1 	 -1 
248.348		225.295 	 230.10600697 	 -135.621312691 	 1 	 0 	 1 	 1 
243.191		231.052 	 256.238553626 	 -127.573932405 	 0 	 0 	 1 	 -1 
240.57		236.995 	 253.940255452 	 -126.544162016 	 0 	 1 	 1 	 1 
240.57		243.004 	 253.39398095 	 -119.342095844 	 1 	 0 	 1 	 1 
243.19		248.948 	 230.454479178 	 -107.246952227 	 0 	 0 	 1 	 -1 
248.348		254.705 	 263.38504715 	 -106.737576932 	 1 	 0 	 1 	 -1 
255.886		260.174 	 249.01846302 	 -102.028201275 	 0 	 0 	 1 	 -1 
265.601		265.285 	 273.145972799 	 -95.0827000017 	 1 	 0 	 1 	 0 
277.258		270 	 271.42848964 	 -88.4150765188 	 1 	 0 	 1 	 0 
265.601		274.715 	 259.333084901 	 -89.2651019305 	 0 	 0 	 1 	 -1 
255.886		279.826 	 264.84106609 	 -80.8022265121 	 0 	 1 	 1 	 0 
248.348		285.295 	 242.370448268 	 -72.5971495589 	 1 	 0 	 1 	 -1 
243.19		291.052 	 242.551754019 	 -73.6123773729 	 1 	 0 	 1 	 0 
240.57		296.996 	 233.053396616 	 -65.0595120069 	 1 	 0 	 1 	 -1 
240.57		303.004 	 229.861535357 	 -60.256931464 	 0 	 1 	 1 	 0 
243.191		308.948 	 252.131771302 	 -53.0842017584 	 0 	 1 	 1 	 1 
248.348		314.705 	 249.090677389 	 -48.8307231469 	 1 	 1 	 1 	 -1 
255.886		320.174 	 255.539156299 	 -37.8634914395 	 0 	 0 	 1 	 1 
265.6		325.285 	 268.714671665 	 -37.3806689624 	 1 	 0 	 1 	 0 
277.258		330 	 261.95653481 	 -30.9403690493 	 1 	 0 	 1 	 -1 
290.619		334.307 	 280.179491181 	 -21.7658708901 	 0 	 0 	 1 	 -1 
280.659		338.948 	 292.724458268 	 -21.6399445891 	 0 	 1 	 1 	 -1 
272.656		343.898 	 293.241438353 	 -15.2106415957 	 1 	 0 	 1 	 0 
266.79		349.107 	 279.929546336 	 -10.9801287382 	 0 	 1 	 1 	 1 
263.206		354.504 	 254.596820469 	 -2.37686277747 	 1 	 0 	 1 	 0 
262.001		0 	 261.022799007 	 3.93178769075 	 0 	 1 	 1 	 -1 
263.206		5.49637 	 246.217570188 	 4.60065360495 	 1 	 1 	 1 	 1 
266.79		10.8934 	 279.096277512 	 11.3559781821 	 1 	 0 	 1 	 1 
272.656		16.1021 	 280.702814103 	 16.500126582 	 1 	 1 	 1 	 0 
280.659		21.0517 	 282.919298269 	 18.7155250995 	 1 	 0 	 1 	 1 
290.619		25.6934 	 290.214954604 	 28.4177562726 	 0 	 0 	 1 	 0 
302.34		30 	 312.678168732 	 30.1830101893 	 1 	 1 	 1 	 0 
290.619		34.3066 	 303.446509681 	 36.0631055543 	 0 	 0 	 1 	 0 
280.659		38.9483 	 288.223800873 	 41.0270271826 	 0 	 1 	 1 	 -1 
272.656		43.8979 	 262.060538242 	 41.8418920274 	 0 	 0 	 1 	 -1 
266.789		49.1066 	 258.866243177 	 49.8180853349 	 1 	 0 	 1 	 1 
263.206		54.5036 	 284.809192324 	 53.8539335502 	 1 	 1 	 1 	 1 
262.001		60 	 259.435423886 	 57.9699777303 	 0 	 0 	 1 	 0 
263.206		65.4964 	 276.26620541 	 67.1898900176 	 1 	 0 	 1 	 0 
266.79		70.8934 	 268.956115896 	 69.3564375726 	 0 	 1 	 1 	 -1 
272.656		76.1021 	 271.047350635 	 78.788710289 	 0 	 0 	 1 	 -1 
280.659		81.0517 	 272.702504499 	 81.5549068864 	 0 	 1 	 1 	 -1 
290.619		85.6934 	 295.881919617 	 84.4671000154 	 1 	 0 	 1 	 -1 
302.34		90 	 316.022975278 	 92.3336695705 	 0 	 0 	 1 	 -1 
290.619		94.3066 	 277.929363485 	 96.1566552307 	 0 	 1 	 1 	 1 
280.659		98.9483 	 266.93187703 	 98.742122203 	 1 	 0 	 1 	 -1 
272.655		103.898 	 275.994660556 	 106.441600836 	 1 	 1 	 1 	 1 
266.79		109.107 	 268.530962889 	 107.448182031 	 0 	 0 	 1 	 -1 
263.206		114.504 	 276.532923609 	 117.451742837 	 0 	 0 	 1 	 -1 
262		120 	 267.280841925 	 118.702027383 	 0 	 1 	 1 	 -1 
263.206		125.496 	 272.832759361 	 125.477968365 	 0 	 1 	 1 	 0 
266.79		130.893 	 260.044218423 	 133.462474301 	 0 	 1 	 1 	 1 
272.655		136.102 	 270.423984933 	 134.154460329 	 0 	 0 	 1 	 -1 
280.659		141.052 	 290.888372532 	 137.918326713 	 0 	 0 	 1 	 0 
290.619		145.693 	 299.364012014 	 146.622687278 	 1 	 0 	 1 	 0 
302.34		150 	 314.653008344 	 146.943948545 	 0 	 1 	 1 	 1 
290.619		154.307 	 295.621637751 	 152.40706174 	 0 	 1 	 1 	 0 
280.659		158.948 	 295.529682843 	 159.862971676 	 0 	 0 	 1 	 -1 
272.656		163.898 	 267.698764304 	 168.473948119 	 1 	 1 	 1 	 0 
266.789		169.107 	 265.84649949 	 171.2496401 	 1 	 0 	 1 	 1 
263.206		174.504 	 263.571614483 	 170.90337234 	 1 	 0 	 1 	 0 
262.001		180 	 261.504743502 	 177.305953534 	 1 	 0 	 1 	 1 
263.206		185.496 	 243.010748258 	 -173.32948754 	 0 	 1 	 1 	 0 
266.789		190.893 	 259.564839725 	 -166.168519795 	 1 	 0 	 1 	 -1 
272.656		196.102 	 264.985751319 	 -164.22166524 	 1 	 0 	 1 	 -1 
280.659		201.052 	 281.820916537 	 -156.248828678 	 0 	 1 	 1 	 0 
290.619		205.693 	 298.126201168 	 -153.381765301 	 1 	 1 	 1 	 0 
302.34		210 	 307.390657995 	 -148.147345631 	 1 	 1 	 1 	 0 
290.619		214.307 	 293.694178756 	 -144.286256428 	 1 	 0 	 1 	 -1 
280.658		218.948 	 298.55678344 	 -140.115882897 	 0 	 1 	 1 	 0 
272.656		223.898 	 258.658288435 	 -134.290762631 	 1 	 0 	 1 	 1 
266.79		229.107 	 276.746616305 	 -127.539213522 	 1 	 0 	 1 	 1 
263.206		234.504 	 246.437399599 	 -125.025056919 	 0 	 0 	 1 	 0 
262		240 	 255.925575183 	 -123.023779895 	 1 	 1 	 1 	 1 
263.206		245.496 	 275.36397678 	 -115.018910633 	 1 	 1 	 1 	 -1 
266.789		250.893 	 252.604855504 	 -106.28837648 	 1 	 1 	 1 	 0 
272.656		256.102 	 268.597743383 	 -102.312103366 	 1 	 0 	 1 	 -1 
280.659		261.052 	 293.363448381 	 -97.8241223213 	 0 	 0 	 1 	 -1 
290.62		265.693 	 280.751050319 	 -97.96844212 	 1 	 0 	 1 	 0 
302.34		270 	 314.527500174 	 -90.1111242838 	 0 	 1 	 1 	 0 
290.62		274.307 	 301.988492101 	 -84.0705145756 	 1 	 0 	 1 	 0 
280.659		278.948 	 268.800616093 	 -77.3570594004 	 0 	 1 	 1 	 -1 
272.656		283.898 	 284.690684943 	 -78.1643220436 	 1 	 1 	 1 	 -1 
266.789		289.107 	 273.330137703 	 -68.9422545395 	 1 	 0 	 1 	 1 
263.206		294.504 	 250.495430094 	 -61.4120159009 	 0 	 0 	 1 	 1 
262		300 	 271.065229186 	 -57.2331357898 	 0 	 0 	 1 	 1 
263.206		305.496 	 257.378616095 	 -58.9603198463 	 0 	 0 	 1 	 0 
266.79		310.893 	 249.661412525 	 -49.0982916011 	 1 	 1 	 1 	 -1 
272.656		316.102 	 263.372119391 	 -45.2919163467 	 1 	 0 	 1 	 -1 
280.659		321.052 	 291.228207627 	 -42.5309856049 	 1 	 0 	 1 	 0 
290.619		325.693 	 294.141507108 	 -30.6486553755 	 1 	 0 	 1 	 -1 
302.34		330 	 291.549132647 	 -31.5148433166 	 1 	 1 	 1 	 0 
315.62		333.963 	 305.686535657 	 -26.4746192405 	 0 	 1 	 1 	 -1 
305.457		338.213 	 301.234472805 	 -19.0485859307 	 0 	 0 	 1 	 -1 
297.071		342.731 	 304.088328615 	 -18.0073848 	 0 	 0 	 1 	 -1 
290.619		347.48 	 293.267551701 	 -8.45388350897 	 1 	 1 	 1 	 1 
286.236		352.411 	 274.308485207 	 -5.51255238432 	 0 	 0 	 1 	 0 
284.018		357.457 	 291.745152028 	 -2.82041840651 	 0 	 1 	 1 	 -1 
284.018		2.54292 	 278.255299517 	 4.04439579851 	 1 	 1 	 1 	 1 
286.236		7.58909 	 306.145822625 	 8.50704718752 	 1 	 1 	 1 	 0 
290.619		12.5198 	 284.534399747 	 10.1833838082 	 1 	 1 	 1 	 0 
297.071		17.2695 	 302.017248145 	 15.9654047887 	 0 	 1 	 1 	 1 
305.457		21.7868 	 306.474755508 	 24.0719010525 	 0 	 1 	 1 	 1 
315.62		26.0368 	 315.536832054 	 29.2392335962 	 0 	 1 	 1 	 -1 
327.39		30 	 319.399395347 	 29.5028369578 	 1 	 1 	 1 	 0 
305.457		38.2132 	 299.854261073 	 39.3766093499 	 1 	 1 	 1 	 -1 
297.071		42.7305 	 302.706450416 	 41.6286452051 	 1 	 0 	 1 	 0 
290.619		47.4802 	 283.245206056 	 46.3069713293 	 0 	 1 	 1 	 -1 
286.236		52.4109 	 288.370611086 	 55.7289747582 	 0 	 1 	 1 	 0 
284.018		57.4571 	 281.556879436 	 54.822347135 	 0 	 0 	 1 	 0 
284.018		62.5429 	 297.17197338 	 59.3646346529 	 0 	 1 	 1 	 -1 
286.236		67.5891 	 278.017163699 	 67.2633174353 	 0 	 1 	 1 	 0 
290.619		72.5198 	 303.181513101 	 72.1887010597 	 0 	 1 	 1 	 0 
297.071		77.2695 	 313.907208877 	 78.5203658354 	 1 	 0 	 1 	 -1 
305.457		81.7868 	 316.32882279 	 80.7603912779 	 0 	 1 	 1 	 -1 
315.62		86.0368 	 318.688119313 	 83.3898131799 	 1 	 1 	 1 	 -1 
327.39		90 	 335.203357746 	 91.8070925541 	 0 	 0 	 1 	 1 
315.62		93.9632 	 326.991112335 	 96.6380737706 	 0 	 0 	 1 	 0 
305.457		98.2132 	 306.206502857 	 94.8877957633 	 1 	 0 	 1 	 0 
297.071		102.731 	 306.701798553 	 103.209000119 	 0 	 0 	 1 	 -1 
290.619		107.48 	 309.928210914 	 107.202173131 	 0 	 1 	 1 	 0 
286.236		112.411 	 293.962485255 	 113.175692145 	 0 	 0 	 1 	 0 
284.018		117.457 	 286.909440128 	 113.36984688 	 1 	 1 	 1 	 -1 
284.018		122.543 	 271.529030041 	 121.532096413 	 1 	 1 	 1 	 0 
286.236		127.589 	 301.501914773 	 129.397923462 	 0 	 0 	 1 	 0 
290.62		132.52 	 274.485240973 	 129.646256423 	 1 	 0 	 1 	 0 
297.071		137.269 	 289.552387513 	 140.718688045 	 0 	 1 	 1 	 0 
305.457		141.787 	 291.255889524 	 143.392880734 	 1 	 1 	 1 	 1 
315.62		146.037 	 308.315065392 	 149.316717473 	 1 	 1 	 1 	 0 
327.39		150 	 326.293446166 	 148.131885004 	 1 	 1 	 1 	 1 
315.619		153.963 	 299.355696171 	 152.716227193 	 1 	 1 	 1 	 0 
305.457		158.213 	 301.821345007 	 162.351268029 	 0 	 1 	 1 	 1 
297.071		162.731 	 288.599827959 	 166.494048204 	 0 	 1 	 1 	 1 
290.62		167.48 	 293.164237278 	 169.051459358 	 1 	 1 	 1 	 -1 
286.236		172.411 	 278.778420981 	 172.99393985 	 0 	 0 	 1 	 0 
284.019		177.457 	 273.135374244 	 177.841943449 	 1 	 1 	 1 	 0 
284.019		182.543 	 288.890773038 	 -178.958064426 	 0 	 0 	 1 	 1 
286.236		187.589 	 284.271452998 	 -168.78011284 	 1 	 1 	 1 	 -1 
290.62		192.52 	 292.983696948 	 -169.158835466 	 0 	 1 	 1 	 0 
297.071		197.269 	 290.917829133 	 -165.691927239 	 0 	 0 	 1 	 -1 
305.457		201.787 	 315.05502455 	 -159.075243076 	 0 	 1 	 1 	 1 
315.62		206.037 	 322.001045783 	 -151.395027399 	 0 	 1 	 1 	 0 
327.39		210 	 305.246034179 	 -150.033163728 	 0 	 0 	 1 	 0 
315.62		213.963 	 331.817163503 	 -147.946409863 	 1 	 0 	 1 	 -1 
305.457		218.213 	 292.008102649 	 -141.81671691 	 0 	 1 	 1 	 -1 
297.071		222.731 	 309.308668711 	 -134.730234147 	 1 	 1 	 1 	 1 
290.619		227.48 	 292.372505924 	 -134.492583452 	 1 	 0 	 1 	 0 
286.236		232.411 	 268.237623736 	 -129.826433515 	 0 	 0 	 1 	 -1 
284.018		237.457 	 296.8033027 	 -121.352186011 	 0 	 0 	 1 	 0 
284.019		242.543 	 270.07122183 	 -119.3895207 	 0 	 1 	 1 	 0 
286.236		247.589 	 287.665178904 	 -110.217232843 	 1 	 0 	 1 	 1 
290.62		252.52 	 300.62916503 	 -106.326256753 	 1 	 0 	 1 	 1 
297.071		257.269 	 292.15299152 	 -104.070548341 	 0 	 1 	 1 	 0 
305.457		261.787 	 292.433116408 	 -100.610098329 	 0 	 1 	 1 	 0 
315.62		266.037 	 327.886856739 	 -93.1361090894 	 0 	 0 	 1 	 -1 
327.39		270 	 340.938833438 	 -91.4198733575 	 0 	 1 	 1 	 1 
315.62		273.963 	 308.588712536 	 -87.8772573075 	 0 	 0 	 1 	 1 
305.457		278.213 	 311.663734525 	 -80.388713264 	 1 	 1 	 1 	 -1 
297.071		282.731 	 285.213891768 	 -77.0627298701 	 1 	 0 	 1 	 -1 
290.62		287.48 	 307.421532176 	 -74.2486655265 	 1 	 1 	 1 	 -1 
286.236		292.411 	 295.900180069 	 -70.7417897316 	 1 	 1 	 1 	 -1 
284.019		297.457 	 272.17315719 	 -62.9787874114 	 1 	 1 	 1 	 -1 
284.018		302.543 	 292.387561769 	 -61.5325881516 	 0 	 1 	 1 	 -1 
286.236		307.589 	 271.309337903 	 -50.603613573 	 0 	 1 	 1 	 0 
290.619		312.52 	 285.576987591 	 -50.6205641783 	 0 	 0 	 1 	 0 
297.071		317.269 	 291.75140658 	 -41.4251566186 	 1 	 1 	 1 	 1 
305.457		321.787 	 295.713692797 	 -39.4669807638 	 1 	 1 	 1 	 -1 
327.39		330 	 323.803044739 	 -32.2290033081 	 1 	 1 	 1 	 -1 
340.597		333.67 	 349.872865076 	 -25.840731762 	 1 	 1 	 1 	 1 
330.266		337.589 	 324.790360596 	 -23.4179338569 	 1 	 1 	 1 	 0 
321.56		341.742 	 340.107853841 	 -18.8418361184 	 1 	 0 	 1 	 0 
314.619		346.102 	 321.640225666 	 -11.9822048298 	 1 	 1 	 1 	 1 
309.563		350.633 	 317.41424378 	 -10.6093461065 	 0 	 1 	 1 	 1 
306.489		355.285 	 315.291014472 	 -2.42213756828 	 1 	 0 	 1 	 1 
305.457		0 	 323.06120868 	 -1.9711535391 	 1 	 0 	 1 	 0 
306.489		4.715 	 303.900270132 	 2.43835234658 	 0 	 1 	 1 	 -1 
309.563		9.367 	 302.734192214 	 5.66835562676 	 0 	 0 	 1 	 0 
314.619		13.8979 	 312.123280916 	 12.4847070268 	 1 	 0 	 1 	 1 
321.56		18.2585 	 307.633348473 	 19.087063328 	 1 	 0 	 1 	 1 
330.266		22.4109 	 335.940092002 	 21.1737813312 	 0 	 0 	 1 	 0 
340.597		26.3295 	 326.675254445 	 26.4758220646 	 0 	 1 	 1 	 1 
352.406		30 	 359.619702758 	 27.2802828381 	 0 	 1 	 1 	 -1 
340.597		33.6705 	 342.597383554 	 36.0673997571 	 0 	 1 	 1 	 0 
330.266		37.5891 	 324.532496296 	 35.9220562391 	 0 	 1 	 1 	 -1 
321.56		41.7415 	 332.820005524 	 42.1198629876 	 1 	 0 	 1 	 -1 
314.619		46.1021 	 323.814104763 	 44.6612806045 	 0 	 1 	 1 	 -1 
309.563		50.633 	 306.755567803 	 48.769217833 	 1 	 0 	 1 	 1 
306.489		55.285 	 317.954601579 	 53.2478227047 	 0 	 1 	 1 	 1 
305.457		60 	 321.028036303 	 62.7024934846 	 0 	 1 	 1 	 0 
306.489		64.715 	 313.100879992 	 63.9461441272 	 0 	 0 	 1 	 1 
309.563		69.367 	 302.436907021 	 70.5232121861 	 1 	 0 	 1 	 0 
314.619		73.8979 	 309.480999796 	 72.4969808597 	 1 	 0 	 1 	 0 
321.56		78.2585 	 303.34234478 	 76.5718075769 	 1 	 1 	 1 	 0 
330.266		82.4109 	 349.653373517 	 81.3662828821 	 1 	 0 	 1 	 0 
340.597		86.3295 	 357.447656306 	 84.3470655282 	 0 	 0 	 1 	 1 
352.406		90 	 364.927923577 	 92.2533242926 	 1 	 1 	 1 	 0 
340.597		93.6705 	 319.961539662 	 94.475971666 	 0 	 1 	 1 	 -1 
330.266		97.5891 	 313.364714878 	 95.1341955882 	 1 	 1 	 1 	 1 
321.56		101.742 	 301.066214551 	 100.167318116 	 0 	 0 	 1 	 0 
314.619		106.102 	 297.394235112 	 104.884584571 	 1 	 0 	 1 	 1 
309.563		110.633 	 303.143033243 	 109.625599439 	 0 	 0 	 1 	 -1 
306.489		115.285 	 307.356179857 	 118.595179183 	 1 	 0 	 1 	 1 
305.457		120 	 294.363172441 	 122.636045588 	 0 	 1 	 1 	 0 
306.489		124.715 	 304.147702528 	 120.907843964 	 0 	 0 	 1 	 0 
309.563		129.367 	 302.007396034 	 129.196052371 	 1 	 0 	 1 	 -1 
314.619		133.898 	 327.991188163 	 134.207947273 	 1 	 1 	 1 	 1 
321.56		138.258 	 330.297697292 	 136.785658455 	 1 	 0 	 1 	 -1 
330.266		142.411 	 315.764300936 	 140.207464282 	 1 	 1 	 1 	 1 
340.597		146.329 	 327.472286773 	 149.397602936 	 0 	 1 	 1 	 -1 
352.406		150 	 356.455594075 	 152.512187272 	 1 	 0 	 1 	 1 
340.597		153.671 	 354.365580716 	 154.095143669 	 0 	 0 	 1 	 0 
330.266		157.589 	 346.210641338 	 159.862340129 	 1 	 0 	 1 	 0 
321.561		161.742 	 323.456874005 	 160.222091948 	 1 	 1 	 1 	 1 
314.618		166.102 	 322.398771978 	 162.861099831 	 1 	 0 	 1 	 -1 
309.563		170.633 	 322.734438754 	 171.729738956 	 0 	 1 	 1 	 1 
306.488		175.285 	 321.375087317 	 174.000942585 	 1 	 1 	 1 	 1 
305.457		180 	 323.101957128 	 178.606680435 	 1 	 1 	 1 	 0 
306.488		184.715 	 328.209850723 	 -175.92990103 	 1 	 0 	 1 	 0 
309.563		189.367 	 320.761004242 	 -174.126337411 	 1 	 1 	 1 	 -1 
314.618		193.898 	 308.778496958 	 -163.324541664 	 0 	 1 	 1 	 1 
321.561		198.258 	 328.917942721 	 -163.974744548 	 0 	 0 	 1 	 0 
330.266		202.411 	 317.612832455 	 -160.320089518 	 1 	 1 	 1 	 -1 
340.597		206.329 	 356.611832463 	 -151.628159468 	 0 	 0 	 1 	 0 
352.406		210 	 362.539188445 	 -149.125823862 	 0 	 0 	 1 	 1 
330.266		217.589 	 339.201177379 	 -141.843317305 	 1 	 0 	 1 	 0 
321.56		221.742 	 300.629089165 	 -139.449216498 	 0 	 1 	 1 	 0 
314.619		226.102 	 322.906404492 	 -131.558565776 	 1 	 0 	 1 	 0 
309.563		230.633 	 299.250657935 	 -127.900281284 	 0 	 0 	 1 	 -1 
306.489		235.285 	 315.769952504 	 -127.916445632 	 1 	 1 	 1 	 0 
305.456		240 	 309.320859546 	 -122.640451387 	 0 	 1 	 1 	 -1 
306.488		244.715 	 304.758144835 	 -117.347981823 	 0 	 0 	 1 	 0 
309.563		249.367 	 313.062785708 	 -112.774219861 	 1 	 1 	 1 	 -1 
314.619		253.898 	 298.695975034 	 -105.727025644 	 1 	 1 	 1 	 0 
321.56		258.258 	 326.15332856 	 -103.864504143 	 1 	 0 	 1 	 -1 
330.266		262.411 	 323.927850816 	 -95.4747889133 	 0 	 0 	 1 	 -1 
340.597		266.33 	 353.213272936 	 -96.6689028186 	 1 	 1 	 1 	 1 
340.597		273.671 	 332.89277907 	 -87.4340881399 	 1 	 1 	 1 	 1 
330.266		277.589 	 317.506074234 	 -83.5122205056 	 0 	 1 	 1 	 -1 
321.56		281.742 	 339.027965662 	 -77.2677720699 	 1 	 0 	 1 	 1 
314.619		286.102 	 324.451148109 	 -74.4315271236 	 0 	 1 	 1 	 1 
309.563		290.633 	 312.015777251 	 -67.181405472 	 1 	 0 	 1 	 -1 
306.488		295.285 	 299.580661552 	 -63.496480228 	 0 	 1 	 1 	 1 
305.457		300 	 301.066774719 	 -58.4884499209 	 1 	 0 	 1 	 1 
306.489		304.715 	 304.010638817 	 -59.4314423632 	 1 	 1 	 1 	 0 
309.563		309.367 	 300.517158839 	 -48.8290633461 	 0 	 1 	 1 	 -1 
314.619		313.898 	 297.593326408 	 -48.7249252133 	 0 	 1 	 1 	 1 
321.56		318.258 	 332.631313515 	 -42.0944895118 	 1 	 1 	 1 	 0 
330.266		322.411 	 349.337215223 	 -37.8803432125 	 1 	 1 	 1 	 1 
340.597		326.33 	 332.773204639 	 -32.4802710762 	 1 	 0 	 1 	 0 
352.406		330 	 353.43401904 	 -32.9983968743 	 1 	 0 	 1 	 0 
365.546		333.418 	 375.560964715 	 -27.4774652696 	 0 	 0 	 1 	 1 
355.074		337.053 	 355.303874281 	 -25.1223459161 	 1 	 1 	 1 	 -1 
346.099		340.893 	 347.695405997 	 -20.8339821062 	 1 	 1 	 1 	 -1 
338.742		344.921 	 351.503499851 	 -13.6815698716 	 0 	 1 	 1 	 1 
333.116		349.107 	 339.604821134 	 -9.65896464039 	 1 	 0 	 1 	 0 
329.31		353.413 	 334.672685693 	 -3.99174328831 	 0 	 1 	 1 	 1 
327.39		357.796 	 316.336918085 	 -1.74704145779 	 0 	 1 	 1 	 -1 
327.39		2.20423 	 328.03627225 	 3.90425137792 	 1 	 0 	 1 	 -1 
329.31		6.58678 	 342.011465631 	 5.87060557725 	 0 	 1 	 1 	 -1 
333.116		10.8934 	 341.680013576 	 9.53442254903 	 1 	 0 	 1 	 0 
338.742		15.0791 	 332.776722259 	 13.6787403042 	 0 	 0 	 1 	 0 
346.099		19.1066 	 362.932622188 	 20.8049337572 	 1 	 0 	 1 	 -1 
355.074		22.9473 	 369.833629226 	 23.585433053 	 1 	 0 	 1 	 -1 
365.546		26.582 	 370.396294682 	 25.2494552605 	 0 	 1 	 1 	 -1 
377.385		30 	 377.808433842 	 28.2507692848 	 1 	 1 	 1 	 0 
365.546		33.418 	 386.040618362 	 33.4724992276 	 0 	 0 	 1 	 1 
355.074		37.0527 	 336.98701284 	 35.1948276119 	 0 	 0 	 1 	 -1 
346.099		40.8934 	 365.511845484 	 42.2783457344 	 1 	 1 	 1 	 0 
338.743		44.9209 	 336.841259687 	 42.7666600804 	 1 	 1 	 1 	 1 
333.116		49.1066 	 321.47316237 	 52.0481495308 	 1 	 0 	 1 	 1 
329.31		53.4132 	 310.934125822 	 54.8574261279 	 1 	 1 	 1 	 1 
327.39		57.7958 	 344.713672644 	 57.5988038973 	 1 	 0 	 1 	 -1 
327.39		62.2042 	 335.69056545 	 65.4104270707 	 0 	 1 	 1 	 1 
329.31		66.5868 	 347.473530755 	 65.4667485278 	 0 	 1 	 1 	 -1 
333.116		70.8934 	 346.193615689 	 71.119856675 	 1 	 1 	 1 	 1 
338.742		75.0791 	 335.087518944 	 76.362339788 	 0 	 0 	 1 	 1 
346.099		79.1066 	 338.917056605 	 80.1127964115 	 0 	 0 	 1 	 -1 
355.074		82.9473 	 347.202189153 	 81.7769807247 	 0 	 1 	 1 	 -1 
