25.2587		30 	 738.716806313 	 252.414156524 	 0 	 1 	 1 	 1 
25.2587		90 	 712.244956232 	 248.454594852 	 0 	 1 	 1 	 0 
25.2587		150 	 741.156380156 	 251.019226047 	 1 	 0 	 1 	 1 
25.2587		210 	 726.817435014 	 250.358891758 	 0 	 0 	 1 	 -1 
25.2587		270 	 681.032838445 	 251.900891438 	 1 	 1 	 1 	 0 
43.7478		0 	 740.619558709 	 251.006175251 	 1 	 0 	 1 	 0 
50.5147		30 	 769.3378774 	 249.511652491 	 0 	 1 	 1 	 1 
43.7478		60 	 852.320230662 	 252.487242766 	 1 	 1 	 1 	 -1 
50.5147		90 	 731.427212966 	 245.362210575 	 0 	 0 	 1 	 1 
43.7478		120 	 744.596297403 	 254.061635358 	 1 	 1 	 1 	 -1 
50.5147		150 	 697.751334754 	 251.928929401 	 1 	 1 	 1 	 0 
43.7478		180 	 723.800578854 	 250.318845423 	 0 	 0 	 1 	 -1 
50.5147		210 	 718.878635325 	 251.543806641 	 1 	 0 	 1 	 1 
43.7478		240 	 708.059624657 	 253.636988771 	 1 	 1 	 1 	 0 
43.7478		300 	 711.250416503 	 248.445588097 	 1 	 1 	 1 	 1 
50.5148		330 	 746.023834658 	 246.482799278 	 1 	 1 	 1 	 1 
66.8212		349.107 	 734.529196869 	 250.499848376 	 1 	 0 	 1 	 -1 
66.8212		10.8934 	 721.815096696 	 257.537432111 	 1 	 1 	 1 	 -1 
75.7654		30 	 749.036250029 	 253.233126784 	 0 	 0 	 1 	 0 
66.8212		49.1066 	 767.704171362 	 250.358362467 	 1 	 0 	 1 	 1 
66.8212		70.8934 	 742.376061427 	 254.168532989 	 0 	 1 	 1 	 -1 
75.7654		90 	 743.663773566 	 253.62224471 	 1 	 0 	 1 	 -1 
66.8212		109.107 	 746.797650826 	 250.779599529 	 1 	 0 	 1 	 -1 
66.8212		130.893 	 747.595749834 	 249.98180359 	 0 	 0 	 1 	 0 
75.7654		150 	 708.088692455 	 252.190110655 	 0 	 0 	 1 	 -1 
66.8212		169.107 	 770.771990067 	 247.940350402 	 1 	 1 	 1 	 1 
66.8212		190.893 	 737.863863918 	 250.249978827 	 0 	 0 	 1 	 1 
66.8212		229.107 	 756.145099741 	 248.945403103 	 0 	 1 	 1 	 -1 
66.8212		250.893 	 708.553958881 	 251.777137439 	 1 	 1 	 1 	 0 
75.7654		270 	 770.98759741 	 253.123935894 	 0 	 0 	 1 	 1 
66.8212		289.107 	 754.438471166 	 251.398634684 	 1 	 1 	 1 	 1 
66.8212		310.893 	 739.389723262 	 251.383041623 	 0 	 0 	 1 	 0 
75.7654		330 	 719.159483026 	 253.204275671 	 0 	 1 	 1 	 0 
91.0523		343.898 	 705.919617584 	 249.213556289 	 1 	 1 	 1 	 0 
87.4818		0 	 737.059139372 	 251.563540503 	 0 	 1 	 1 	 0 
91.0523		16.1021 	 686.833864142 	 247.409384291 	 0 	 1 	 1 	 -1 
101.008		30 	 741.802920352 	 250.111027017 	 0 	 1 	 1 	 -1 
91.0523		43.8979 	 708.430465808 	 250.48636202 	 0 	 1 	 1 	 0 
87.4818		60 	 773.951778272 	 251.693785195 	 1 	 1 	 1 	 0 
91.0523		76.1021 	 690.867576942 	 250.496092977 	 1 	 1 	 1 	 -1 
91.0523		103.898 	 695.082213332 	 249.476029594 	 1 	 1 	 1 	 0 
87.4818		120 	 773.37579273 	 251.022479303 	 1 	 0 	 1 	 -1 
91.0523		136.102 	 735.933529751 	 253.772376206 	 0 	 0 	 1 	 1 
91.0523		163.898 	 834.783180952 	 252.046712277 	 0 	 1 	 1 	 0 
87.4818		180 	 720.923579504 	 257.441136893 	 0 	 0 	 1 	 0 
91.0523		196.102 	 737.023547829 	 248.867782002 	 1 	 1 	 1 	 -1 
101.008		210 	 748.829534646 	 248.180081846 	 0 	 0 	 1 	 0 
91.0523		223.898 	 728.404131865 	 250.961791781 	 0 	 1 	 1 	 0 
87.4818		240 	 752.722730646 	 251.732382928 	 0 	 0 	 1 	 0 
91.0523		256.102 	 793.182263095 	 251.306968064 	 0 	 1 	 1 	 -1 
101.008		270 	 774.853277275 	 247.712326675 	 0 	 0 	 1 	 1 
91.0523		283.898 	 821.771310155 	 249.511293822 	 1 	 0 	 1 	 -1 
87.4817		300 	 745.068101959 	 251.104314631 	 1 	 1 	 1 	 1 
91.0523		316.102 	 733.010174171 	 259.673379558 	 0 	 1 	 1 	 1 
101.008		330 	 746.942276497 	 249.813222401 	 1 	 0 	 1 	 -1 
115.709		340.893 	 670.00727844 	 242.386246823 	 0 	 1 	 1 	 -1 
110.065		353.413 	 799.309604365 	 251.290522607 	 0 	 1 	 1 	 -1 
110.065		6.58677 	 778.964555269 	 252.105643545 	 1 	 1 	 1 	 0 
115.709		19.1066 	 732.377429435 	 256.395900373 	 0 	 1 	 1 	 1 
126.24		30 	 736.88380008 	 250.57712006 	 0 	 1 	 1 	 1 
115.709		40.8934 	 750.61046381 	 250.909340553 	 1 	 0 	 1 	 0 
110.065		53.4132 	 785.230282061 	 250.760126283 	 1 	 0 	 1 	 1 
110.065		66.5868 	 745.65506024 	 248.865784909 	 1 	 0 	 1 	 0 
115.709		79.1066 	 730.100036069 	 253.092700038 	 1 	 0 	 1 	 -1 
126.24		90 	 738.356823126 	 251.921380277 	 1 	 0 	 1 	 0 
115.709		100.893 	 762.288920818 	 250.83972953 	 0 	 1 	 1 	 1 
110.065		113.413 	 762.034354548 	 253.228937818 	 1 	 0 	 1 	 -1 
110.065		126.587 	 747.787994438 	 250.498323725 	 0 	 0 	 1 	 0 
115.709		139.107 	 739.543720123 	 251.233229283 	 0 	 0 	 1 	 1 
126.24		150 	 740.392001237 	 249.360522707 	 1 	 0 	 1 	 0 
115.709		160.893 	 728.761874224 	 252.385854566 	 0 	 0 	 1 	 1 
110.066		173.413 	 717.871145155 	 253.13125634 	 1 	 1 	 1 	 1 
110.066		186.587 	 741.80375527 	 251.171440765 	 0 	 0 	 1 	 0 
115.709		199.107 	 724.749654228 	 250.851954571 	 1 	 1 	 1 	 0 
126.24		210 	 706.8620682 	 251.611239065 	 1 	 1 	 1 	 1 
115.709		220.893 	 725.8198262 	 253.447628436 	 1 	 1 	 1 	 0 
110.065		233.413 	 675.537908349 	 250.388861967 	 0 	 0 	 1 	 0 
110.065		246.587 	 787.250211232 	 250.505688416 	 1 	 0 	 1 	 -1 
115.709		259.107 	 748.396315053 	 251.192899494 	 0 	 0 	 1 	 0 
126.24		270 	 737.796061575 	 251.361369061 	 0 	 1 	 1 	 -1 
115.709		280.893 	 714.179285598 	 247.116122207 	 0 	 1 	 1 	 1 
110.065		293.413 	 753.990116101 	 251.194738477 	 1 	 1 	 1 	 1 
110.065		306.587 	 735.789784481 	 249.809738541 	 0 	 0 	 1 	 -1 
115.709		319.107 	 733.683896193 	 251.002559561 	 0 	 0 	 1 	 1 
126.24		330 	 741.27422384 	 251.053272287 	 1 	 0 	 1 	 0 
140.56		338.948 	 776.021552184 	 246.94119789 	 0 	 0 	 1 	 0 
133.593		349.107 	 741.227693109 	 250.81675732 	 0 	 0 	 1 	 -1 
131.188		0 	 763.354041136 	 250.182509642 	 0 	 1 	 1 	 -1 
133.593		10.8934 	 713.861001466 	 253.330846422 	 1 	 0 	 1 	 1 
140.56		21.0517 	 754.28982141 	 256.171608786 	 1 	 0 	 1 	 1 
151.459		30 	 734.182798817 	 252.301918631 	 1 	 1 	 1 	 0 
140.56		38.9483 	 740.858610432 	 250.278526906 	 1 	 0 	 1 	 0 
133.593		49.1066 	 756.698630068 	 250.38518524 	 0 	 0 	 1 	 1 
131.188		60 	 729.2739121 	 254.85044151 	 1 	 0 	 1 	 -1 
133.593		70.8934 	 714.654504256 	 254.206196923 	 0 	 1 	 1 	 0 
140.56		81.0517 	 763.037507874 	 247.710138586 	 1 	 0 	 1 	 -1 
151.459		90 	 754.88940584 	 254.369986156 	 0 	 0 	 1 	 0 
140.56		98.9483 	 697.564919457 	 249.030440156 	 1 	 0 	 1 	 0 
133.593		109.107 	 737.968275942 	 250.417124096 	 0 	 1 	 1 	 0 
131.188		120 	 745.639823913 	 250.286845458 	 1 	 0 	 1 	 0 
133.593		130.893 	 712.588233297 	 249.017874275 	 0 	 1 	 1 	 1 
140.56		141.052 	 765.494957937 	 253.38072102 	 1 	 0 	 1 	 -1 
151.459		150 	 727.382617046 	 249.344016642 	 1 	 1 	 1 	 1 
140.56		158.948 	 781.942115358 	 249.506911521 	 0 	 0 	 1 	 -1 
133.593		169.107 	 742.675167179 	 251.52791182 	 0 	 0 	 1 	 1 
131.188		180 	 737.483386488 	 251.519652943 	 0 	 0 	 1 	 -1 
133.593		190.893 	 744.675824079 	 253.511414609 	 1 	 1 	 1 	 -1 
140.56		201.052 	 726.281848622 	 251.441470285 	 1 	 1 	 1 	 0 
151.459		210 	 792.058947652 	 253.630394141 	 1 	 0 	 1 	 -1 
140.56		218.948 	 736.285823749 	 250.0614426 	 0 	 1 	 1 	 0 
133.593		229.107 	 697.914613207 	 247.251798096 	 1 	 1 	 1 	 1 
131.188		240 	 719.99545972 	 245.783880325 	 0 	 1 	 1 	 -1 
133.592		250.893 	 731.096862895 	 250.436852526 	 0 	 1 	 1 	 0 
140.56		261.052 	 740.406334074 	 250.876095413 	 0 	 1 	 1 	 -1 
151.459		270 	 719.26283598 	 248.246825364 	 1 	 0 	 1 	 1 
140.56		278.948 	 719.57464976 	 245.870410336 	 1 	 1 	 1 	 1 
133.592		289.107 	 749.535785969 	 250.942687201 	 1 	 0 	 1 	 1 
131.188		300 	 811.706901947 	 257.565500857 	 0 	 1 	 1 	 -1 
133.593		310.893 	 781.887103973 	 250.407736304 	 1 	 0 	 1 	 -1 
140.56		321.052 	 689.853728287 	 251.833705556 	 1 	 1 	 1 	 1 
151.459		330 	 734.361783278 	 251.698508707 	 0 	 0 	 1 	 1 
165.51		337.589 	 761.517596577 	 253.387330993 	 0 	 1 	 1 	 0 
157.635		346.102 	 739.463607752 	 252.319087513 	 0 	 0 	 1 	 -1 
153.545		355.285 	 726.392375857 	 252.208061029 	 1 	 0 	 1 	 -1 
153.545		4.715 	 741.473753146 	 250.788762963 	 1 	 0 	 1 	 1 
157.635		13.8979 	 749.698204842 	 245.924634693 	 1 	 1 	 1 	 0 
165.51		22.4109 	 769.878052313 	 247.786712997 	 1 	 0 	 1 	 -1 
176.661		30 	 730.711499716 	 250.933036243 	 1 	 1 	 1 	 -1 
165.51		37.5891 	 745.91297032 	 252.207313776 	 1 	 0 	 1 	 0 
157.635		46.1021 	 832.799559904 	 249.196893628 	 1 	 1 	 1 	 0 
153.545		55.285 	 709.047702607 	 251.523339965 	 1 	 0 	 1 	 1 
153.545		64.715 	 700.969687007 	 250.43906992 	 0 	 0 	 1 	 0 
157.635		73.8979 	 700.016822482 	 251.195659705 	 1 	 0 	 1 	 0 
165.51		82.4109 	 741.974572694 	 250.9819381 	 1 	 0 	 1 	 -1 
176.661		90 	 836.477315633 	 250.824061175 	 0 	 1 	 1 	 0 
165.51		97.5891 	 801.170249816 	 251.244579429 	 1 	 1 	 1 	 -1 
157.635		106.102 	 735.86253316 	 249.992447116 	 1 	 1 	 1 	 1 
153.545		115.285 	 747.167142997 	 251.55833939 	 0 	 0 	 1 	 1 
153.545		124.715 	 733.435100807 	 251.140582297 	 0 	 1 	 1 	 1 
157.635		133.898 	 762.24548953 	 243.446367003 	 1 	 0 	 1 	 0 
165.51		142.411 	 726.035138116 	 252.218158313 	 0 	 1 	 1 	 0 
176.661		150 	 749.618672776 	 252.724005788 	 0 	 1 	 1 	 1 
165.509		157.589 	 741.644125148 	 250.977294106 	 0 	 0 	 1 	 1 
157.635		166.102 	 710.455433777 	 246.465736924 	 1 	 1 	 1 	 1 
153.546		175.285 	 753.688343714 	 251.723767085 	 1 	 0 	 1 	 1 
153.546		184.715 	 716.62152899 	 245.619821621 	 0 	 1 	 1 	 0 
157.635		193.898 	 711.849820502 	 247.899047314 	 0 	 1 	 1 	 -1 
165.509		202.411 	 690.320535075 	 252.319754314 	 1 	 0 	 1 	 -1 
165.51		217.589 	 758.827630135 	 250.706203391 	 1 	 0 	 1 	 1 
157.635		226.102 	 720.475478218 	 252.919988976 	 1 	 1 	 1 	 -1 
153.545		235.285 	 799.385491922 	 251.301098422 	 0 	 1 	 1 	 1 
153.545		244.715 	 664.541410865 	 257.909235177 	 1 	 1 	 1 	 1 
157.635		253.898 	 748.094331455 	 250.258600916 	 1 	 0 	 1 	 0 
165.51		262.411 	 755.660821997 	 249.127780705 	 1 	 0 	 1 	 1 
176.661		270 	 788.854485709 	 259.352870881 	 0 	 0 	 1 	 1 
165.51		277.589 	 741.43413415 	 250.98330589 	 1 	 0 	 1 	 1 
157.635		286.102 	 669.553120753 	 246.9486634 	 1 	 0 	 1 	 0 
153.545		295.285 	 756.33647344 	 256.310385938 	 1 	 1 	 1 	 0 
153.545		304.715 	 746.423839006 	 251.615614617 	 1 	 1 	 1 	 0 
157.635		313.898 	 748.00989306 	 248.603801936 	 1 	 0 	 1 	 0 
165.51		322.411 	 773.886176849 	 247.859272945 	 0 	 0 	 1 	 0 
176.661		330 	 764.376518154 	 256.152453345 	 1 	 0 	 1 	 1 
190.511		336.587 	 747.438911583 	 248.796311123 	 1 	 1 	 1 	 1 
181.979		343.898 	 759.486219347 	 251.372961544 	 1 	 0 	 1 	 1 
176.661		351.787 	 708.989164596 	 250.366079095 	 0 	 1 	 1 	 -1 
174.852		0 	 710.45857438 	 252.025257128 	 1 	 1 	 1 	 -1 
176.661		8.21321 	 743.175204284 	 251.032025326 	 1 	 0 	 1 	 0 
181.979		16.1021 	 726.104816051 	 252.884565526 	 0 	 1 	 1 	 -1 
190.511		23.4132 	 771.43719169 	 254.872107588 	 0 	 1 	 1 	 -1 
201.845		30 	 740.464227131 	 250.964798823 	 1 	 1 	 1 	 0 
181.979		43.8979 	 737.586964403 	 250.849341497 	 1 	 0 	 1 	 -1 
176.661		51.7868 	 746.684909214 	 250.678225147 	 1 	 1 	 1 	 1 
174.852		60 	 736.484433496 	 255.196149681 	 1 	 0 	 1 	 1 
176.661		68.2132 	 737.643978726 	 249.803735052 	 0 	 0 	 1 	 1 
181.979		76.1021 	 701.595905412 	 245.176822802 	 0 	 0 	 1 	 -1 
190.511		83.4132 	 735.263581554 	 256.475834023 	 0 	 0 	 1 	 0 
201.845		90 	 742.210425503 	 248.606970966 	 1 	 0 	 1 	 -1 
190.511		96.5868 	 779.809607502 	 248.324094947 	 0 	 1 	 1 	 -1 
181.979		103.898 	 738.721323811 	 245.288706348 	 1 	 1 	 1 	 -1 
176.661		111.787 	 745.681761942 	 251.471779943 	 0 	 1 	 1 	 0 
174.852		120 	 762.800790996 	 247.563643149 	 0 	 0 	 1 	 0 
176.661		128.213 	 755.544021497 	 249.824651802 	 1 	 0 	 1 	 0 
181.979		136.102 	 746.6556321 	 251.113675557 	 0 	 1 	 1 	 -1 
190.51		143.413 	 737.266983571 	 251.328563532 	 0 	 1 	 1 	 1 
201.845		150 	 750.293884299 	 247.197758515 	 0 	 1 	 1 	 0 
190.511		156.587 	 737.249502127 	 248.723096348 	 1 	 0 	 1 	 1 
181.979		163.898 	 765.635252118 	 252.368917606 	 1 	 0 	 1 	 1 
176.661		171.787 	 691.484695536 	 249.468484917 	 0 	 0 	 1 	 -1 
174.852		180 	 721.423991459 	 252.267538475 	 1 	 0 	 1 	 0 
176.661		188.213 	 773.705471867 	 249.877247466 	 0 	 1 	 1 	 -1 
181.979		196.102 	 723.994348274 	 249.793125852 	 1 	 1 	 1 	 -1 
190.511		203.413 	 763.049513138 	 244.669036419 	 1 	 0 	 1 	 -1 
201.845		210 	 743.536700306 	 250.983609398 	 0 	 1 	 1 	 0 
190.51		216.587 	 760.795461509 	 251.219559873 	 1 	 0 	 1 	 0 
181.979		223.898 	 662.630918174 	 253.93365929 	 1 	 0 	 1 	 1 
176.661		231.787 	 798.477716207 	 248.959090391 	 1 	 1 	 1 	 0 
174.853		240 	 737.955588178 	 252.328593878 	 1 	 0 	 1 	 0 
176.662		248.213 	 755.791784062 	 248.622784801 	 1 	 0 	 1 	 -1 
181.979		256.102 	 725.508702722 	 243.235111448 	 0 	 1 	 1 	 -1 
190.511		263.413 	 677.481222436 	 255.271737485 	 0 	 1 	 1 	 0 
190.511		276.587 	 709.389815937 	 252.469150645 	 1 	 1 	 1 	 1 
181.979		283.898 	 754.383224842 	 252.635047318 	 1 	 0 	 1 	 1 
176.662		291.787 	 792.99206733 	 251.967747558 	 0 	 1 	 1 	 -1 
174.853		300 	 749.517172427 	 251.059630689 	 1 	 1 	 1 	 0 
176.661		308.213 	 775.634431455 	 249.515923724 	 0 	 1 	 1 	 -1 
181.979		316.102 	 736.274353387 	 252.259038337 	 1 	 1 	 1 	 -1 
190.511		323.413 	 743.299077444 	 251.040229414 	 1 	 0 	 1 	 -1 
201.845		330 	 727.464225203 	 253.520763642 	 1 	 0 	 1 	 0 
215.536		335.818 	 713.128318704 	 249.211363162 	 1 	 0 	 1 	 -1 
206.511		342.216 	 789.63188455 	 256.105255456 	 1 	 1 	 1 	 0 
200.265		349.107 	 803.458955563 	 250.725764824 	 0 	 0 	 1 	 0 
197.068		356.329 	 735.389728161 	 251.184148013 	 1 	 1 	 1 	 0 
197.068		3.6705 	 724.816423613 	 250.041716667 	 0 	 1 	 1 	 1 
200.265		10.8934 	 723.920888791 	 250.879819096 	 1 	 0 	 1 	 0 
206.511		17.7836 	 660.346245422 	 250.530121358 	 1 	 1 	 1 	 -1 
215.536		24.1825 	 659.797208552 	 251.95714706 	 1 	 0 	 1 	 1 
227.007		30 	 742.930084005 	 250.860685638 	 0 	 0 	 1 	 0 
215.536		35.8175 	 787.639687013 	 250.492969336 	 0 	 0 	 1 	 1 
206.511		42.2164 	 706.23323593 	 254.051232266 	 0 	 0 	 1 	 0 
200.265		49.1066 	 728.121263289 	 251.349076111 	 0 	 0 	 1 	 -1 
197.068		56.3295 	 721.872228344 	 250.231020222 	 1 	 0 	 1 	 1 
197.068		63.6705 	 734.149182666 	 250.335817045 	 1 	 1 	 1 	 0 
200.265		70.8934 	 728.062871146 	 249.235557615 	 1 	 1 	 1 	 -1 
206.511		77.7836 	 759.590610325 	 251.004700559 	 1 	 1 	 1 	 -1 
215.536		84.1825 	 749.539123883 	 250.214990628 	 1 	 0 	 1 	 0 
227.007		90 	 743.330739092 	 245.890105764 	 1 	 0 	 1 	 0 
215.536		95.8175 	 733.93734821 	 250.263754483 	 1 	 0 	 1 	 1 
206.511		102.216 	 669.475818288 	 252.362271733 	 1 	 1 	 1 	 -1 
200.265		109.107 	 754.030158454 	 251.219668509 	 1 	 0 	 1 	 -1 
197.068		116.33 	 721.152410283 	 250.252129961 	 0 	 0 	 1 	 1 
197.068		123.671 	 792.86900089 	 250.334833293 	 1 	 1 	 1 	 0 
200.265		130.893 	 733.825193178 	 252.121203056 	 0 	 0 	 1 	 0 
206.51		137.784 	 760.404355185 	 252.381878039 	 1 	 0 	 1 	 0 
215.536		144.182 	 741.247702451 	 250.738359398 	 0 	 0 	 1 	 0 
227.007		150 	 751.300949417 	 246.890316486 	 0 	 1 	 1 	 -1 
215.536		155.818 	 764.147807051 	 250.766519804 	 1 	 1 	 1 	 0 
206.511		162.216 	 735.68519569 	 241.799712265 	 0 	 1 	 1 	 0 
200.266		169.107 	 768.034733895 	 246.959443963 	 0 	 1 	 1 	 -1 
197.068		176.33 	 740.155044654 	 251.83162358 	 0 	 1 	 1 	 1 
197.068		183.671 	 781.223284264 	 250.421318112 	 0 	 1 	 1 	 0 
200.266		190.893 	 649.909646761 	 258.484517407 	 0 	 0 	 1 	 0 
206.511		197.784 	 726.183181926 	 253.311462066 	 0 	 0 	 1 	 0 
215.536		204.182 	 756.329601244 	 251.076846879 	 0 	 0 	 1 	 -1 
227.007		210 	 707.681680263 	 248.907672987 	 0 	 0 	 1 	 -1 
215.536		215.818 	 727.469910084 	 251.480430115 	 0 	 0 	 1 	 -1 
206.51		222.216 	 686.695488503 	 253.891888712 	 0 	 0 	 1 	 1 
200.265		229.107 	 784.657376618 	 254.999131988 	 0 	 0 	 1 	 1 
197.068		236.329 	 757.332007493 	 256.242342661 	 0 	 1 	 1 	 -1 
197.068		243.671 	 694.315184314 	 244.559906038 	 0 	 1 	 1 	 0 
200.265		250.893 	 757.156986082 	 250.322461967 	 1 	 1 	 1 	 -1 
206.51		257.784 	 740.816019091 	 244.898247047 	 0 	 0 	 1 	 0 
215.536		264.182 	 778.15616896 	 249.456487209 	 0 	 0 	 1 	 0 
227.007		270 	 684.999318674 	 248.726682768 	 1 	 0 	 1 	 -1 
215.536		275.818 	 685.691161779 	 252.090243959 	 0 	 0 	 1 	 0 
206.51		282.216 	 744.557859172 	 251.165379347 	 1 	 0 	 1 	 0 
200.265		289.107 	 755.117461284 	 252.46279116 	 1 	 1 	 1 	 0 
197.068		296.329 	 740.19819797 	 250.884878949 	 0 	 1 	 1 	 -1 
197.068		303.67 	 699.632227122 	 260.345529317 	 1 	 0 	 1 	 0 
200.265		310.893 	 783.062087254 	 253.068791321 	 0 	 0 	 1 	 -1 
206.511		317.784 	 770.54741131 	 250.199917075 	 1 	 1 	 1 	 -1 
227.008		330 	 740.666277825 	 250.111471268 	 1 	 1 	 1 	 1 
240.57		335.209 	 755.432083516 	 250.916108154 	 0 	 0 	 1 	 -1 
231.161		340.893 	 762.499178404 	 249.053876896 	 0 	 1 	 1 	 -1 
224.195		346.996 	 724.649022316 	 253.208299997 	 1 	 1 	 1 	 1 
219.909		353.413 	 796.259877331 	 248.051657714 	 1 	 0 	 1 	 1 
218.461		0 	 724.229768336 	 250.440909062 	 0 	 0 	 1 	 0 
219.909		6.58678 	 733.303875957 	 249.49251695 	 0 	 1 	 1 	 -1 
224.195		13.0039 	 667.193275999 	 248.943787208 	 1 	 0 	 1 	 1 
231.161		19.1066 	 727.469499454 	 251.134888503 	 1 	 1 	 1 	 0 
240.57		24.7913 	 751.531569964 	 250.973511097 	 1 	 0 	 1 	 -1 
252.146		30 	 691.549682824 	 251.467472953 	 0 	 0 	 1 	 1 
240.57		35.2087 	 734.982254038 	 251.300856285 	 0 	 1 	 1 	 -1 
231.161		40.8934 	 709.427077805 	 255.35721441 	 1 	 0 	 1 	 -1 
224.195		46.9961 	 728.089177152 	 249.944575364 	 0 	 0 	 1 	 -1 
219.909		53.4132 	 738.397741459 	 250.78123353 	 0 	 0 	 1 	 1 
218.461		60 	 806.778221963 	 249.569944115 	 1 	 1 	 1 	 0 
219.909		66.5868 	 725.837788601 	 250.512851757 	 1 	 1 	 1 	 0 
224.195		73.0039 	 784.624619623 	 250.004848765 	 1 	 1 	 1 	 -1 
231.161		79.1066 	 790.938078305 	 252.423455103 	 0 	 0 	 1 	 -1 
240.57		84.7913 	 768.013650502 	 244.156298589 	 1 	 0 	 1 	 0 
240.57		95.2087 	 764.32767586 	 246.657540002 	 1 	 1 	 1 	 -1 
231.161		100.893 	 730.021496277 	 252.194905705 	 1 	 1 	 1 	 -1 
224.195		106.996 	 748.483617606 	 249.9739691 	 1 	 1 	 1 	 0 
219.909		113.413 	 740.087434694 	 253.977761711 	 0 	 1 	 1 	 1 
218.461		120 	 685.160319197 	 254.222154998 	 0 	 1 	 1 	 0 
219.909		126.587 	 761.881619702 	 249.631338312 	 1 	 0 	 1 	 -1 
224.195		133.004 	 699.493150525 	 250.488416537 	 0 	 0 	 1 	 0 
231.161		139.107 	 744.890257715 	 251.969713076 	 0 	 1 	 1 	 -1 
252.146		150 	 715.774432935 	 246.815686353 	 1 	 1 	 1 	 1 
240.57		155.209 	 740.284914837 	 253.924331945 	 0 	 1 	 1 	 -1 
231.16		160.893 	 725.465463132 	 245.441546058 	 0 	 1 	 1 	 0 
224.196		166.996 	 745.050122008 	 247.193248203 	 1 	 1 	 1 	 -1 
219.909		173.413 	 664.326422187 	 249.62251989 	 1 	 1 	 1 	 1 
218.461		180 	 742.055287798 	 250.898050693 	 0 	 0 	 1 	 -1 
219.909		186.587 	 805.609768771 	 251.135048383 	 0 	 1 	 1 	 0 
224.196		193.004 	 735.402593675 	 247.389470938 	 1 	 0 	 1 	 -1 
231.16		199.107 	 738.328067791 	 249.676042391 	 0 	 0 	 1 	 1 
240.57		204.791 	 744.434138811 	 251.901977808 	 0 	 0 	 1 	 0 
252.146		210 	 790.775149825 	 250.090591519 	 0 	 0 	 1 	 -1 
240.57		215.209 	 739.773555215 	 254.651919803 	 1 	 0 	 1 	 -1 
231.161		220.893 	 751.862299131 	 248.301628527 	 0 	 1 	 1 	 0 
224.196		226.996 	 743.853569861 	 250.040030763 	 0 	 1 	 1 	 0 
219.909		233.413 	 714.06343655 	 249.846064143 	 1 	 1 	 1 	 0 
218.461		240 	 741.122764059 	 250.845030778 	 1 	 0 	 1 	 1 
219.909		246.587 	 699.460292216 	 252.846475596 	 1 	 0 	 1 	 1 
224.195		253.004 	 744.11724483 	 248.833364448 	 1 	 0 	 1 	 1 
231.16		259.107 	 735.733275076 	 250.457032727 	 1 	 1 	 1 	 1 
240.57		264.791 	 744.022336299 	 252.618583411 	 0 	 1 	 1 	 0 
252.146		270 	 766.258199648 	 249.688636728 	 1 	 1 	 1 	 0 
240.57		275.209 	 719.515324744 	 249.678261085 	 1 	 0 	 1 	 -1 
231.16		280.893 	 680.071354897 	 246.10986288 	 0 	 1 	 1 	 -1 
224.195		286.996 	 735.668303307 	 252.753291886 	 1 	 0 	 1 	 -1 
219.909		293.413 	 800.90831831 	 250.60898552 	 0 	 0 	 1 	 -1 
218.461		300 	 768.580048698 	 246.22945334 	 0 	 1 	 1 	 -1 
219.909		306.587 	 733.980919696 	 251.700916198 	 0 	 1 	 1 	 -1 
224.196		313.004 	 718.077929138 	 249.767143624 	 1 	 0 	 1 	 0 
231.161		319.107 	 720.316981901 	 249.74264818 	 1 	 0 	 1 	 0 
240.57		324.791 	 755.423513415 	 251.872985853 	 1 	 0 	 1 	 1 
252.146		330 	 750.827772009 	 251.166390444 	 0 	 1 	 1 	 0 
265.601		334.715 	 795.055522457 	 252.795821189 	 1 	 1 	 1 	 0 
255.886		339.826 	 767.796981255 	 250.52499064 	 1 	 1 	 1 	 0 
248.348		345.295 	 727.635335829 	 250.793264682 	 1 	 1 	 1 	 1 
243.191		351.052 	 742.928411853 	 251.641701971 	 0 	 0 	 1 	 1 
240.57		356.996 	 724.999107993 	 250.142151713 	 1 	 1 	 1 	 -1 
240.57		3.00449 	 778.092002812 	 253.583934067 	 1 	 0 	 1 	 -1 
243.191		8.94827 	 758.941504218 	 252.553464305 	 0 	 0 	 1 	 0 
248.348		14.7047 	 741.541695411 	 249.275532196 	 0 	 0 	 1 	 -1 
255.886		20.1736 	 733.255263933 	 251.294478899 	 0 	 1 	 1 	 -1 
265.601		25.285 	 719.647282243 	 251.936290436 	 1 	 0 	 1 	 -1 
277.258		30 	 778.746731405 	 250.990161464 	 0 	 0 	 1 	 0 
265.601		34.715 	 755.83423324 	 253.335103726 	 0 	 0 	 1 	 0 
255.887		39.8264 	 721.584587636 	 252.721514189 	 1 	 1 	 1 	 1 
248.348		45.2953 	 665.33504656 	 246.643433821 	 0 	 0 	 1 	 -1 
243.191		51.0517 	 788.43766687 	 252.795730119 	 0 	 0 	 1 	 0 
240.57		56.9955 	 745.819657773 	 250.113375487 	 0 	 0 	 1 	 0 
240.57		63.0045 	 637.906690096 	 253.244582205 	 0 	 0 	 1 	 1 
243.191		68.9483 	 774.464147438 	 254.244508128 	 1 	 0 	 1 	 1 
248.348		74.7047 	 834.961174879 	 254.606624362 	 1 	 0 	 1 	 -1 
255.887		80.1736 	 742.223706592 	 252.653772423 	 0 	 0 	 1 	 1 
265.601		85.285 	 775.873103625 	 246.698203093 	 1 	 1 	 1 	 0 
277.257		90 	 741.599257278 	 255.944228005 	 1 	 1 	 1 	 1 
265.601		94.715 	 737.669361862 	 251.147824522 	 0 	 0 	 1 	 -1 
255.887		99.8264 	 737.001847675 	 251.127052474 	 0 	 1 	 1 	 0 
248.348		105.295 	 738.543831998 	 251.249867784 	 0 	 0 	 1 	 -1 
243.191		111.052 	 740.71453214 	 250.076945723 	 1 	 1 	 1 	 0 
240.57		116.996 	 819.298826299 	 252.906007637 	 0 	 0 	 1 	 0 
240.57		123.005 	 727.0449446 	 248.89990527 	 0 	 1 	 1 	 1 
243.191		128.948 	 625.2306557 	 250.913313635 	 0 	 1 	 1 	 0 
248.348		134.705 	 731.532501808 	 250.517362758 	 0 	 0 	 1 	 1 
255.887		140.174 	 742.06989417 	 250.813400023 	 0 	 1 	 1 	 1 
265.6		145.285 	 746.177030036 	 247.355821234 	 0 	 1 	 1 	 1 
277.257		150 	 747.950270411 	 248.221152257 	 1 	 1 	 1 	 1 
265.601		154.715 	 709.575880591 	 251.887501839 	 0 	 1 	 1 	 0 
255.886		159.826 	 705.834360863 	 252.619153937 	 0 	 0 	 1 	 1 
248.348		165.295 	 717.373469768 	 252.318805536 	 0 	 1 	 1 	 0 
243.191		171.052 	 749.811790739 	 249.717510367 	 0 	 0 	 1 	 0 
240.57		176.996 	 776.08101006 	 255.258589613 	 0 	 1 	 1 	 0 
240.57		183.005 	 762.476129456 	 251.588404333 	 1 	 1 	 1 	 1 
243.191		188.948 	 730.305378837 	 252.067875604 	 1 	 1 	 1 	 -1 
248.348		194.705 	 734.871298584 	 251.27543291 	 1 	 0 	 1 	 1 
255.886		200.174 	 740.033524928 	 248.381267801 	 1 	 1 	 1 	 -1 
265.601		205.285 	 732.106146087 	 259.753004505 	 1 	 0 	 1 	 -1 
277.258		210 	 735.492827249 	 251.086432272 	 0 	 0 	 1 	 -1 
265.6		214.715 	 740.020120993 	 252.891418786 	 0 	 1 	 1 	 -1 
255.887		219.826 	 711.119520288 	 248.493817996 	 0 	 1 	 1 	 1 
248.348		225.295 	 756.838914653 	 246.963935912 	 1 	 1 	 1 	 -1 
243.191		231.052 	 738.33968021 	 251.169821221 	 0 	 0 	 1 	 -1 
240.57		236.995 	 748.465533245 	 251.138042842 	 1 	 0 	 1 	 0 
240.57		243.004 	 713.994462901 	 247.393874661 	 1 	 1 	 1 	 0 
243.19		248.948 	 746.978047809 	 248.738143993 	 0 	 1 	 1 	 0 
248.348		254.705 	 739.462312286 	 251.869161964 	 0 	 0 	 1 	 -1 
255.886		260.174 	 728.195499597 	 256.521534744 	 0 	 1 	 1 	 0 
265.601		265.285 	 761.076411152 	 250.44179646 	 0 	 1 	 1 	 1 
277.258		270 	 731.527985398 	 252.791932499 	 0 	 1 	 1 	 1 
265.601		274.715 	 730.117880725 	 249.773288767 	 0 	 0 	 1 	 0 
255.886		279.826 	 713.509437025 	 248.642526683 	 1 	 0 	 1 	 0 
248.348		285.295 	 744.103274965 	 251.286328515 	 0 	 1 	 1 	 0 
243.19		291.052 	 761.967724946 	 248.604462476 	 0 	 1 	 1 	 1 
240.57		296.996 	 799.215012161 	 252.845998879 	 1 	 1 	 1 	 -1 
240.57		303.004 	 752.02889338 	 249.017130531 	 0 	 0 	 1 	 1 
243.191		308.948 	 746.096583695 	 251.792901626 	 1 	 1 	 1 	 0 
248.348		314.705 	 777.337765704 	 250.941699928 	 0 	 1 	 1 	 1 
255.886		320.174 	 736.428510647 	 250.409745394 	 0 	 1 	 1 	 -1 
265.6		325.285 	 696.856142621 	 247.875442515 	 1 	 1 	 1 	 1 
277.258		330 	 741.048917425 	 251.736738309 	 1 	 0 	 1 	 0 
290.619		334.307 	 750.705920238 	 253.34940966 	 0 	 1 	 1 	 0 
280.659		338.948 	 732.878769756 	 250.710412801 	 1 	 1 	 1 	 0 
272.656		343.898 	 761.716932228 	 251.172822394 	 1 	 0 	 1 	 -1 
266.79		349.107 	 749.260723335 	 250.817199319 	 0 	 1 	 1 	 0 
263.206		354.504 	 743.956750282 	 251.29474339 	 1 	 1 	 1 	 0 
262.001		0 	 741.300799577 	 250.966637158 	 0 	 0 	 1 	 1 
263.206		5.49637 	 760.452763894 	 248.737221527 	 1 	 1 	 1 	 -1 
266.79		10.8934 	 752.565611422 	 247.255503534 	 1 	 0 	 1 	 1 
272.656		16.1021 	 742.785504706 	 251.082247722 	 0 	 0 	 1 	 0 
280.659		21.0517 	 737.292577582 	 250.860866212 	 1 	 1 	 1 	 -1 
290.619		25.6934 	 745.047132508 	 250.371809948 	 1 	 1 	 1 	 1 
302.34		30 	 707.467586228 	 247.375369861 	 0 	 1 	 1 	 -1 
290.619		34.3066 	 781.337029407 	 245.090130156 	 1 	 1 	 1 	 0 
280.659		38.9483 	 715.614471875 	 250.160902897 	 1 	 1 	 1 	 0 
272.656		43.8979 	 727.410230287 	 251.404309026 	 0 	 1 	 1 	 0 
266.789		49.1066 	 733.746247111 	 249.53831651 	 1 	 1 	 1 	 -1 
263.206		54.5036 	 778.299196039 	 256.468574267 	 1 	 0 	 1 	 0 
262.001		60 	 731.649269799 	 251.704349007 	 1 	 1 	 1 	 0 
263.206		65.4964 	 748.635372483 	 250.458480681 	 0 	 1 	 1 	 -1 
266.79		70.8934 	 701.488137487 	 252.407039285 	 1 	 0 	 1 	 0 
272.656		76.1021 	 778.25292671 	 250.511138855 	 0 	 1 	 1 	 1 
280.659		81.0517 	 736.18484764 	 251.761185051 	 0 	 1 	 1 	 0 
290.619		85.6934 	 678.265053406 	 252.729108517 	 1 	 1 	 1 	 1 
302.34		90 	 773.973211878 	 252.191367836 	 1 	 0 	 1 	 0 
290.619		94.3066 	 734.07881232 	 242.739504287 	 1 	 1 	 1 	 0 
280.659		98.9483 	 699.381689689 	 254.432303759 	 0 	 0 	 1 	 -1 
272.655		103.898 	 706.137294875 	 250.88207058 	 1 	 1 	 1 	 -1 
266.79		109.107 	 689.29590483 	 251.823627425 	 1 	 1 	 1 	 0 
263.206		114.504 	 738.692180606 	 250.248876312 	 0 	 1 	 1 	 1 
262		120 	 788.624413012 	 251.544530717 	 1 	 1 	 1 	 0 
263.206		125.496 	 652.925805119 	 252.871014326 	 1 	 1 	 1 	 -1 
266.79		130.893 	 736.931692295 	 250.3653219 	 1 	 1 	 1 	 1 
272.655		136.102 	 742.028524169 	 253.357932162 	 1 	 1 	 1 	 -1 
280.659		141.052 	 764.804853428 	 252.649301929 	 1 	 0 	 1 	 0 
290.619		145.693 	 806.681115337 	 245.127941014 	 1 	 1 	 1 	 0 
302.34		150 	 787.192472596 	 254.951722494 	 0 	 0 	 1 	 0 
290.619		154.307 	 770.526454034 	 253.16102919 	 1 	 0 	 1 	 1 
280.659		158.948 	 734.757571806 	 251.349047536 	 0 	 0 	 1 	 1 
272.656		163.898 	 743.085300043 	 250.704825011 	 0 	 0 	 1 	 -1 
266.789		169.107 	 787.072523874 	 253.049097533 	 1 	 1 	 1 	 0 
263.206		174.504 	 751.98381176 	 251.644463462 	 1 	 0 	 1 	 -1 
262.001		180 	 729.379979977 	 252.948954877 	 0 	 1 	 1 	 1 
263.206		185.496 	 744.3190766 	 251.045597297 	 1 	 1 	 1 	 0 
266.789		190.893 	 760.240782225 	 251.014937 	 0 	 1 	 1 	 1 
272.656		196.102 	 813.579389822 	 245.34426147 	 0 	 1 	 1 	 -1 
280.659		201.052 	 702.073292168 	 251.813174931 	 1 	 0 	 1 	 -1 
290.619		205.693 	 616.120576456 	 251.974718224 	 1 	 1 	 1 	 0 
302.34		210 	 719.21929814 	 249.499556169 	 0 	 1 	 1 	 1 
290.619		214.307 	 738.03702448 	 249.391648398 	 1 	 1 	 1 	 -1 
280.658		218.948 	 706.102840908 	 248.315543613 	 0 	 1 	 1 	 0 
272.656		223.898 	 758.44338595 	 251.634247137 	 1 	 0 	 1 	 0 
266.79		229.107 	 740.381447866 	 253.991422434 	 1 	 1 	 1 	 1 
263.206		234.504 	 724.739802688 	 250.065789644 	 1 	 0 	 1 	 -1 
262		240 	 760.554776401 	 253.830595216 	 1 	 1 	 1 	 -1 
263.206		245.496 	 669.016960281 	 248.906099142 	 1 	 1 	 1 	 0 
266.789		250.893 	 717.459080135 	 246.096991797 	 0 	 0 	 1 	 -1 
272.656		256.102 	 697.974185621 	 251.255869432 	 0 	 0 	 1 	 1 
280.659		261.052 	 748.099564846 	 251.59835943 	 0 	 1 	 1 	 -1 
290.62		265.693 	 751.555044361 	 251.564414826 	 0 	 0 	 1 	 0 
302.34		270 	 750.892168135 	 250.879951872 	 0 	 0 	 1 	 1 
290.62		274.307 	 700.772813099 	 249.572428091 	 0 	 1 	 1 	 1 
280.659		278.948 	 776.213670533 	 251.832842138 	 1 	 1 	 1 	 0 
272.656		283.898 	 756.659631794 	 251.400424018 	 1 	 0 	 1 	 -1 
266.789		289.107 	 764.11131951 	 253.240064048 	 0 	 1 	 1 	 1 
263.206		294.504 	 737.981829424 	 249.984993 	 1 	 1 	 1 	 1 
262		300 	 643.106269385 	 248.446350288 	 1 	 0 	 1 	 1 
263.206		305.496 	 741.49351042 	 249.755440879 	 1 	 0 	 1 	 -1 
266.79		310.893 	 820.417897877 	 253.628319022 	 0 	 0 	 1 	 1 
272.656		316.102 	 751.696416391 	 250.920899715 	 0 	 0 	 1 	 1 
280.659		321.052 	 724.670577137 	 252.174444153 	 0 	 1 	 1 	 1 
290.619		325.693 	 700.799627702 	 251.458362293 	 1 	 1 	 1 	 0 
302.34		330 	 881.358993351 	 247.755864095 	 0 	 1 	 1 	 1 
315.62		333.963 	 748.900073226 	 251.718452204 	 1 	 0 	 1 	 1 
305.457		338.213 	 730.176311165 	 246.62895871 	 0 	 1 	 1 	 0 
297.071		342.731 	 670.410523626 	 252.987916306 	 1 	 1 	 1 	 0 
290.619		347.48 	 738.763904637 	 250.969711893 	 0 	 0 	 1 	 -1 
286.236		352.411 	 723.537733627 	 249.989846877 	 0 	 1 	 1 	 0 
284.018		357.457 	 740.569272072 	 250.976375314 	 1 	 1 	 1 	 1 
284.018		2.54292 	 745.977382028 	 251.522780816 	 0 	 0 	 1 	 1 
286.236		7.58909 	 754.895030796 	 254.977768258 	 0 	 0 	 1 	 0 
290.619		12.5198 	 773.614727058 	 247.583615966 	 0 	 0 	 1 	 0 
297.071		17.2695 	 704.413282196 	 250.564592566 	 1 	 0 	 1 	 -1 
305.457		21.7868 	 733.455246209 	 256.999170176 	 1 	 1 	 1 	 0 
315.62		26.0368 	 761.764254791 	 253.214987019 	 1 	 0 	 1 	 -1 
327.39		30 	 771.98314882 	 247.808707716 	 0 	 1 	 1 	 0 
305.457		38.2132 	 751.181381255 	 253.288257023 	 0 	 1 	 1 	 1 
297.071		42.7305 	 721.745525238 	 248.516068622 	 1 	 1 	 1 	 1 
290.619		47.4802 	 738.399144247 	 250.498746517 	 0 	 1 	 1 	 -1 
286.236		52.4109 	 728.978461852 	 251.02247709 	 0 	 1 	 1 	 1 
284.018		57.4571 	 727.222626682 	 252.205862368 	 0 	 0 	 1 	 -1 
284.018		62.5429 	 740.070918756 	 250.759447601 	 0 	 1 	 1 	 1 
286.236		67.5891 	 694.755296555 	 244.527709396 	 1 	 0 	 1 	 0 
290.619		72.5198 	 743.850384094 	 249.700227033 	 0 	 1 	 1 	 1 
297.071		77.2695 	 784.538472802 	 250.524591847 	 1 	 1 	 1 	 0 
305.457		81.7868 	 755.202504506 	 251.945536106 	 0 	 1 	 1 	 -1 
315.62		86.0368 	 737.186692828 	 250.078618633 	 1 	 1 	 1 	 1 
327.39		90 	 736.728430029 	 250.420871845 	 0 	 0 	 1 	 -1 
315.62		93.9632 	 752.089349183 	 251.102786842 	 0 	 0 	 1 	 1 
305.457		98.2132 	 788.078475595 	 250.009760115 	 1 	 1 	 1 	 0 
297.071		102.731 	 750.252686019 	 250.876312239 	 1 	 1 	 1 	 0 
290.619		107.48 	 725.114658362 	 256.457718917 	 0 	 1 	 1 	 1 
286.236		112.411 	 805.489437355 	 247.401601088 	 0 	 1 	 1 	 -1 
284.018		117.457 	 698.907637775 	 251.296618876 	 0 	 1 	 1 	 1 
284.018		122.543 	 729.463863469 	 249.870961324 	 0 	 0 	 1 	 1 
286.236		127.589 	 718.824510645 	 253.128988832 	 0 	 1 	 1 	 -1 
290.62		132.52 	 691.476989303 	 248.668793212 	 1 	 1 	 1 	 0 
297.071		137.269 	 744.978484552 	 251.047401574 	 0 	 0 	 1 	 0 
305.457		141.787 	 742.264616358 	 252.661862451 	 0 	 0 	 1 	 1 
315.62		146.037 	 663.62171677 	 254.381136912 	 1 	 0 	 1 	 0 
327.39		150 	 790.058006876 	 249.151516961 	 1 	 1 	 1 	 0 
315.619		153.963 	 718.396277293 	 247.391850438 	 0 	 0 	 1 	 0 
305.457		158.213 	 764.676085189 	 255.892123757 	 0 	 1 	 1 	 -1 
297.071		162.731 	 803.642916055 	 249.583706903 	 0 	 0 	 1 	 -1 
290.62		167.48 	 662.155533518 	 249.537373829 	 1 	 1 	 1 	 -1 
286.236		172.411 	 739.358666746 	 251.274587172 	 0 	 0 	 1 	 1 
284.019		177.457 	 752.435398218 	 250.070289782 	 0 	 0 	 1 	 1 
284.019		182.543 	 754.583623334 	 250.367163531 	 1 	 0 	 1 	 1 
286.236		187.589 	 736.912322726 	 251.013947792 	 0 	 1 	 1 	 -1 
290.62		192.52 	 725.929091558 	 254.616020296 	 1 	 1 	 1 	 0 
297.071		197.269 	 735.565912001 	 243.333468144 	 1 	 1 	 1 	 0 
305.457		201.787 	 768.182323926 	 249.905112024 	 1 	 1 	 1 	 0 
315.62		206.037 	 719.749792197 	 255.599075242 	 0 	 0 	 1 	 -1 
327.39		210 	 742.229741391 	 250.710843676 	 1 	 0 	 1 	 0 
315.62		213.963 	 680.017108865 	 254.157228575 	 0 	 0 	 1 	 -1 
305.457		218.213 	 785.143748963 	 253.798651887 	 1 	 0 	 1 	 -1 
297.071		222.731 	 689.088537252 	 255.36196434 	 1 	 0 	 1 	 -1 
290.619		227.48 	 744.724705224 	 251.074057267 	 0 	 1 	 1 	 0 
286.236		232.411 	 738.646318979 	 245.792685242 	 0 	 1 	 1 	 0 
284.018		237.457 	 746.40782119 	 251.404238763 	 0 	 0 	 1 	 -1 
284.019		242.543 	 830.084818252 	 250.652249761 	 1 	 1 	 1 	 0 
286.236		247.589 	 759.039371288 	 250.79890117 	 0 	 1 	 1 	 0 
290.62		252.52 	 772.94174154 	 250.259548488 	 1 	 0 	 1 	 0 
297.071		257.269 	 752.727075565 	 248.843436305 	 0 	 1 	 1 	 -1 
305.457		261.787 	 741.066097735 	 253.122085642 	 0 	 0 	 1 	 1 
315.62		266.037 	 739.81910068 	 250.689959489 	 0 	 1 	 1 	 0 
327.39		270 	 771.54899315 	 250.485562739 	 1 	 1 	 1 	 -1 
315.62		273.963 	 767.403602658 	 249.162800571 	 1 	 0 	 1 	 0 
305.457		278.213 	 737.082318842 	 247.278890277 	 0 	 1 	 1 	 -1 
297.071		282.731 	 761.579344289 	 251.768474555 	 0 	 1 	 1 	 0 
290.62		287.48 	 740.956666548 	 250.96747455 	 1 	 1 	 1 	 -1 
286.236		292.411 	 720.696759538 	 251.227772453 	 0 	 0 	 1 	 1 
284.019		297.457 	 741.757287115 	 251.921455163 	 1 	 1 	 1 	 1 
284.018		302.543 	 761.481238045 	 251.033328406 	 0 	 0 	 1 	 0 
286.236		307.589 	 786.333807202 	 252.389139366 	 1 	 0 	 1 	 0 
290.619		312.52 	 747.996279677 	 249.136909273 	 1 	 0 	 1 	 0 
297.071		317.269 	 735.111772065 	 250.019259083 	 1 	 1 	 1 	 0 
305.457		321.787 	 800.574163859 	 250.662177695 	 1 	 1 	 1 	 0 
327.39		330 	 758.616180612 	 251.3093855 	 1 	 1 	 1 	 0 
340.597		333.67 	 784.626349786 	 252.276312216 	 0 	 1 	 1 	 1 
330.266		337.589 	 713.428740508 	 251.507822448 	 0 	 1 	 1 	 1 
321.56		341.742 	 740.255421145 	 251.197214937 	 0 	 1 	 1 	 1 
314.619		346.102 	 659.77178529 	 255.376729172 	 1 	 0 	 1 	 1 
309.563		350.633 	 728.343230478 	 250.606797944 	 0 	 1 	 1 	 -1 
306.489		355.285 	 728.465769868 	 252.0557876 	 1 	 0 	 1 	 0 
305.457		0 	 808.0065073 	 246.051029329 	 1 	 1 	 1 	 -1 
306.489		4.715 	 736.150705211 	 248.697147636 	 0 	 1 	 1 	 0 
309.563		9.367 	 711.091406063 	 252.11558985 	 1 	 0 	 1 	 1 
314.619		13.8979 	 731.428182035 	 251.578541607 	 0 	 1 	 1 	 1 
321.56		18.2585 	 762.744388769 	 249.410012741 	 1 	 0 	 1 	 0 
330.266		22.4109 	 739.573088615 	 251.132152027 	 1 	 0 	 1 	 0 
340.597		26.3295 	 743.939111778 	 251.224766766 	 0 	 0 	 1 	 -1 
352.406		30 	 650.483903272 	 255.209408345 	 1 	 1 	 1 	 1 
340.597		33.6705 	 792.367273688 	 252.192727868 	 0 	 0 	 1 	 -1 
330.266		37.5891 	 726.754952202 	 252.12661914 	 1 	 1 	 1 	 1 
321.56		41.7415 	 742.592752491 	 250.64217024 	 1 	 1 	 1 	 0 
314.619		46.1021 	 605.25073491 	 246.336469032 	 0 	 0 	 1 	 0 
309.563		50.633 	 671.228171302 	 254.397634185 	 1 	 1 	 1 	 1 
306.489		55.285 	 715.774657169 	 252.148917751 	 1 	 0 	 1 	 0 
305.457		60 	 725.91718133 	 250.798250088 	 0 	 1 	 1 	 1 
306.489		64.715 	 743.436192699 	 250.429632323 	 1 	 0 	 1 	 1 
309.563		69.367 	 721.433766372 	 250.250213119 	 0 	 1 	 1 	 -1 
314.619		73.8979 	 768.096676608 	 250.624416876 	 1 	 0 	 1 	 -1 
321.56		78.2585 	 702.825783499 	 249.924451931 	 0 	 0 	 1 	 0 
330.266		82.4109 	 704.385603215 	 251.31622739 	 0 	 1 	 1 	 0 
340.597		86.3295 	 724.626907847 	 254.604627372 	 0 	 1 	 1 	 -1 
352.406		90 	 715.078062051 	 253.742583725 	 0 	 0 	 1 	 -1 
340.597		93.6705 	 757.942624918 	 250.036125896 	 0 	 0 	 1 	 0 
330.266		97.5891 	 870.008742749 	 246.852447341 	 1 	 1 	 1 	 0 
321.56		101.742 	 735.228360919 	 250.980973372 	 0 	 0 	 1 	 0 
314.619		106.102 	 729.03950126 	 247.940412401 	 1 	 0 	 1 	 1 
309.563		110.633 	 774.73224693 	 249.59665138 	 0 	 1 	 1 	 1 
306.489		115.285 	 774.746378596 	 254.445463143 	 0 	 1 	 1 	 1 
305.457		120 	 724.021486134 	 253.234132963 	 0 	 1 	 1 	 0 
306.489		124.715 	 740.135862529 	 244.015581178 	 1 	 0 	 1 	 -1 
309.563		129.367 	 690.522768086 	 252.528401728 	 0 	 1 	 1 	 1 
314.619		133.898 	 781.947500978 	 255.634225392 	 1 	 0 	 1 	 -1 
321.56		138.258 	 772.845495319 	 256.560323359 	 1 	 1 	 1 	 1 
330.266		142.411 	 814.727543463 	 253.19852949 	 0 	 1 	 1 	 0 
340.597		146.329 	 740.891785506 	 250.972881678 	 1 	 0 	 1 	 -1 
352.406		150 	 740.672463925 	 254.619543051 	 1 	 1 	 1 	 0 
340.597		153.671 	 736.755644399 	 251.665995439 	 1 	 1 	 1 	 -1 
330.266		157.589 	 738.582767608 	 250.326760452 	 1 	 1 	 1 	 0 
321.561		161.742 	 757.896120625 	 250.213032082 	 0 	 1 	 1 	 -1 
314.618		166.102 	 769.395396103 	 250.59306341 	 1 	 0 	 1 	 -1 
309.563		170.633 	 726.373395782 	 255.235493312 	 0 	 1 	 1 	 0 
306.488		175.285 	 713.060629279 	 250.61160232 	 1 	 0 	 1 	 -1 
305.457		180 	 757.188687725 	 252.072305968 	 0 	 1 	 1 	 0 
306.488		184.715 	 776.213394752 	 252.537629085 	 0 	 1 	 1 	 1 
309.563		189.367 	 771.519668122 	 249.23066346 	 1 	 0 	 1 	 0 
314.618		193.898 	 767.969095845 	 250.810951304 	 0 	 0 	 1 	 0 
321.561		198.258 	 737.035245198 	 249.889852594 	 0 	 0 	 1 	 1 
330.266		202.411 	 738.722837362 	 250.382673844 	 1 	 1 	 1 	 -1 
340.597		206.329 	 728.155939868 	 253.647621426 	 0 	 1 	 1 	 0 
352.406		210 	 738.558029509 	 250.657498431 	 0 	 1 	 1 	 1 
330.266		217.589 	 775.42951683 	 250.749206516 	 0 	 0 	 1 	 1 
321.56		221.742 	 774.516014809 	 246.185581662 	 1 	 0 	 1 	 0 
314.619		226.102 	 784.227706894 	 251.60476911 	 0 	 1 	 1 	 1 
309.563		230.633 	 744.530350463 	 256.436918288 	 0 	 1 	 1 	 1 
306.489		235.285 	 773.655025205 	 254.780777889 	 0 	 1 	 1 	 0 
305.456		240 	 746.054239101 	 252.519582827 	 0 	 0 	 1 	 0 
306.488		244.715 	 738.414660921 	 251.289097063 	 1 	 1 	 1 	 1 
309.563		249.367 	 695.287001564 	 249.219708506 	 0 	 1 	 1 	 1 
314.619		253.898 	 729.460905511 	 251.79705987 	 0 	 0 	 1 	 1 
321.56		258.258 	 826.297409801 	 247.118612445 	 1 	 1 	 1 	 0 
330.266		262.411 	 739.100356842 	 250.792396011 	 0 	 1 	 1 	 0 
340.597		266.33 	 733.402878017 	 245.29157901 	 0 	 1 	 1 	 -1 
340.597		273.671 	 698.187866027 	 250.215613899 	 1 	 1 	 1 	 0 
330.266		277.589 	 708.39256837 	 248.87369857 	 1 	 0 	 1 	 1 
321.56		281.742 	 738.983247779 	 251.016490688 	 1 	 1 	 1 	 1 
314.619		286.102 	 743.15461346 	 250.784364912 	 0 	 1 	 1 	 -1 
309.563		290.633 	 772.571449321 	 246.934171822 	 1 	 1 	 1 	 0 
306.488		295.285 	 728.200268843 	 250.357954747 	 1 	 1 	 1 	 1 
305.457		300 	 748.316534586 	 250.196193189 	 1 	 0 	 1 	 1 
306.489		304.715 	 740.572806701 	 250.960225144 	 1 	 1 	 1 	 -1 
309.563		309.367 	 703.047114949 	 251.669683684 	 0 	 1 	 1 	 1 
314.619		313.898 	 763.685458496 	 250.17496917 	 0 	 1 	 1 	 1 
321.56		318.258 	 759.26009627 	 254.138768598 	 1 	 0 	 1 	 0 
330.266		322.411 	 741.720509557 	 251.033819709 	 1 	 1 	 1 	 1 
340.597		326.33 	 645.798026763 	 245.521379408 	 0 	 1 	 1 	 0 
352.406		330 	 668.867619271 	 246.879727454 	 1 	 0 	 1 	 1 
365.546		333.418 	 730.326487385 	 251.398054635 	 0 	 0 	 1 	 1 
355.074		337.053 	 716.60677832 	 253.971558547 	 0 	 0 	 1 	 -1 
346.099		340.893 	 719.999204317 	 245.812502298 	 1 	 1 	 1 	 -1 
338.742		344.921 	 822.87967931 	 257.236504608 	 0 	 1 	 1 	 -1 
333.116		349.107 	 754.605050461 	 252.662740524 	 0 	 0 	 1 	 -1 
329.31		353.413 	 781.903891105 	 248.245425513 	 0 	 0 	 1 	 0 
327.39		357.796 	 796.616690448 	 250.33399165 	 1 	 0 	 1 	 1 
327.39		2.20423 	 762.263805186 	 252.948240038 	 0 	 1 	 1 	 -1 
329.31		6.58678 	 790.456297318 	 251.722291047 	 0 	 0 	 1 	 -1 
333.116		10.8934 	 748.33763621 	 250.154725984 	 0 	 0 	 1 	 -1 
338.742		15.0791 	 749.378483341 	 250.169115005 	 0 	 1 	 1 	 0 
346.099		19.1066 	 757.278524584 	 250.620327684 	 0 	 0 	 1 	 1 
355.074		22.9473 	 756.199859469 	 251.393284593 	 0 	 0 	 1 	 1 
365.546		26.582 	 734.612089792 	 248.688693389 	 1 	 0 	 1 	 -1 
377.385		30 	 714.686984339 	 250.762463504 	 0 	 1 	 1 	 -1 
365.546		33.418 	 746.79179967 	 249.927385569 	 0 	 0 	 1 	 0 
355.074		37.0527 	 737.167413005 	 251.700827049 	 1 	 1 	 1 	 0 
346.099		40.8934 	 755.553366265 	 244.293141518 	 1 	 1 	 1 	 -1 
338.743		44.9209 	 761.022339553 	 247.887886802 	 1 	 0 	 1 	 1 
333.116		49.1066 	 730.039713152 	 246.015350949 	 1 	 0 	 1 	 -1 
329.31		53.4132 	 768.044248966 	 244.733198835 	 1 	 1 	 1 	 -1 
327.39		57.7958 	 710.57881139 	 254.367206431 	 1 	 1 	 1 	 0 
327.39		62.2042 	 708.883604054 	 245.272455416 	 0 	 0 	 1 	 1 
329.31		66.5868 	 687.742119482 	 256.715531137 	 0 	 1 	 1 	 -1 
333.116		70.8934 	 837.181689478 	 246.924304616 	 0 	 1 	 1 	 -1 
338.742		75.0791 	 730.771071606 	 250.864314984 	 0 	 0 	 1 	 1 
346.099		79.1066 	 792.036933487 	 250.881757876 	 1 	 1 	 1 	 0 
355.074		82.9473 	 751.897801603 	 247.312136721 	 1 	 0 	 1 	 -1 
