25.2587		30 	 100.981453112 	 111.921677572 	 0 	 1 	 1 	 0 
25.2587		90 	 145.869474096 	 113.747269895 	 0 	 1 	 1 	 1 
25.2587		150 	 -153.328454436 	 30.9977765727 	 1 	 1 	 1 	 1 
25.2587		210 	 416.859583268 	 -33.6686535045 	 0 	 1 	 1 	 1 
25.2587		270 	 266.106712703 	 76.0991801031 	 0 	 1 	 1 	 1 
43.7478		0 	 238.493038691 	 1.26924627485 	 1 	 1 	 1 	 0 
50.5147		30 	 -94.0444709238 	 -121.021411066 	 1 	 1 	 1 	 0 
43.7478		60 	 245.716452471 	 -161.27505138 	 0 	 1 	 1 	 0 
50.5147		90 	 23.3083349697 	 -93.0793629646 	 1 	 0 	 1 	 1 
43.7478		120 	 -148.763039568 	 -18.6034261342 	 0 	 1 	 1 	 0 
50.5147		150 	 257.30316658 	 6.52722330514 	 0 	 0 	 1 	 1 
43.7478		180 	 111.097478796 	 163.499268181 	 0 	 0 	 1 	 -1 
50.5147		210 	 90.6334877074 	 -73.8897663876 	 0 	 0 	 1 	 1 
43.7478		240 	 -49.3000275131 	 -7.8554593078 	 0 	 1 	 1 	 1 
43.7478		300 	 152.090233191 	 132.348921531 	 0 	 0 	 1 	 0 
50.5148		330 	 -205.0007455 	 53.0653099329 	 0 	 0 	 1 	 1 
66.8212		349.107 	 -59.7064147092 	 112.826872832 	 0 	 0 	 1 	 -1 
66.8212		10.8934 	 130.788101248 	 -32.8740662223 	 0 	 0 	 1 	 -1 
75.7654		30 	 36.1544893737 	 -77.8589658115 	 1 	 0 	 1 	 1 
66.8212		49.1066 	 80.5047108182 	 -60.9822097011 	 1 	 1 	 1 	 -1 
66.8212		70.8934 	 240.098275629 	 6.90617510691 	 0 	 1 	 1 	 1 
75.7654		90 	 153.574421209 	 -63.5384459854 	 0 	 1 	 1 	 1 
66.8212		109.107 	 78.5924015561 	 -111.566010385 	 0 	 0 	 1 	 0 
66.8212		130.893 	 -186.600781962 	 101.656407422 	 1 	 1 	 1 	 0 
75.7654		150 	 -100.554791015 	 -76.3250338271 	 1 	 1 	 1 	 1 
66.8212		169.107 	 -69.1212865412 	 129.794195741 	 0 	 1 	 1 	 0 
66.8212		190.893 	 -72.3379531683 	 160.919406559 	 1 	 1 	 1 	 0 
66.8212		229.107 	 -89.2881322776 	 13.24061988 	 1 	 1 	 1 	 1 
66.8212		250.893 	 -240.729405945 	 45.5864788935 	 0 	 1 	 1 	 0 
75.7654		270 	 282.843100399 	 -24.0754053247 	 0 	 0 	 1 	 -1 
66.8212		289.107 	 77.3711690102 	 115.15550511 	 0 	 0 	 1 	 -1 
66.8212		310.893 	 7.44898938408 	 115.451712507 	 1 	 0 	 1 	 1 
75.7654		330 	 120.623550079 	 -120.126001799 	 1 	 0 	 1 	 0 
91.0523		343.898 	 -183.988670845 	 -13.9862553087 	 1 	 0 	 1 	 1 
87.4818		0 	 52.0298564812 	 -115.968918923 	 0 	 1 	 1 	 1 
91.0523		16.1021 	 -247.084697018 	 -32.176032443 	 1 	 0 	 1 	 -1 
101.008		30 	 -303.906479074 	 -70.8111476044 	 1 	 1 	 1 	 0 
91.0523		43.8979 	 -36.2105963226 	 176.042605604 	 0 	 1 	 1 	 1 
87.4818		60 	 2.47810701604 	 101.512194848 	 1 	 0 	 1 	 1 
91.0523		76.1021 	 12.0802282228 	 -87.0225708151 	 0 	 0 	 1 	 1 
91.0523		103.898 	 133.999394758 	 -1.11540502011 	 0 	 0 	 1 	 0 
87.4818		120 	 -90.1073965303 	 -120.442154429 	 1 	 1 	 1 	 1 
91.0523		136.102 	 151.697918397 	 93.1558768791 	 0 	 0 	 1 	 -1 
91.0523		163.898 	 -222.936581572 	 -160.29299152 	 0 	 0 	 1 	 -1 
87.4818		180 	 23.0879006138 	 166.156584008 	 0 	 0 	 1 	 1 
91.0523		196.102 	 114.51456725 	 106.948486838 	 1 	 0 	 1 	 -1 
101.008		210 	 9.3344357043 	 104.664003558 	 0 	 1 	 1 	 1 
91.0523		223.898 	 -204.661315294 	 164.488925006 	 0 	 0 	 1 	 0 
87.4818		240 	 78.1008034872 	 174.827067178 	 1 	 0 	 1 	 0 
91.0523		256.102 	 -65.7984774581 	 -149.167914197 	 0 	 0 	 1 	 1 
101.008		270 	 -116.424355136 	 178.192628226 	 1 	 0 	 1 	 0 
91.0523		283.898 	 -215.233655735 	 3.61238564735 	 1 	 1 	 1 	 -1 
87.4817		300 	 -115.685433948 	 -122.294604774 	 1 	 1 	 1 	 -1 
91.0523		316.102 	 11.0023081767 	 58.5032041967 	 1 	 0 	 1 	 1 
101.008		330 	 113.351904804 	 66.9870145218 	 0 	 1 	 1 	 1 
115.709		340.893 	 126.945575039 	 138.960567565 	 1 	 0 	 1 	 1 
110.065		353.413 	 -55.7485634264 	 141.575759746 	 0 	 1 	 1 	 -1 
110.065		6.58677 	 133.283758631 	 95.4205808998 	 1 	 1 	 1 	 1 
115.709		19.1066 	 148.054794069 	 51.5319412314 	 1 	 0 	 1 	 -1 
126.24		30 	 -42.1391834233 	 119.739211549 	 1 	 0 	 1 	 -1 
115.709		40.8934 	 148.866602293 	 -165.062957509 	 1 	 0 	 1 	 0 
110.065		53.4132 	 -215.718162337 	 53.6321967238 	 1 	 0 	 1 	 -1 
110.065		66.5868 	 -184.547583896 	 -146.499045717 	 1 	 0 	 1 	 0 
115.709		79.1066 	 73.4596969987 	 9.77735758439 	 1 	 1 	 1 	 -1 
126.24		90 	 -211.18027949 	 -73.6819138152 	 1 	 0 	 1 	 -1 
115.709		100.893 	 -244.409540851 	 -112.999424512 	 0 	 1 	 1 	 -1 
110.065		113.413 	 37.6896605698 	 -60.9189106217 	 1 	 0 	 1 	 1 
110.065		126.587 	 383.681533331 	 106.554882502 	 0 	 1 	 1 	 0 
115.709		139.107 	 34.3821686789 	 -30.150628558 	 0 	 1 	 1 	 1 
126.24		150 	 148.619350677 	 -42.3851506155 	 0 	 1 	 1 	 0 
115.709		160.893 	 -52.1174808803 	 14.4550378456 	 1 	 1 	 1 	 0 
110.066		173.413 	 213.716188469 	 141.233266741 	 0 	 1 	 1 	 1 
110.066		186.587 	 -69.0540943019 	 87.6418469777 	 1 	 0 	 1 	 0 
115.709		199.107 	 -29.9975273844 	 -53.0627660484 	 0 	 1 	 1 	 -1 
126.24		210 	 56.2960653685 	 -170.079170398 	 0 	 1 	 1 	 -1 
115.709		220.893 	 -74.364252255 	 168.431574394 	 1 	 0 	 1 	 0 
110.065		233.413 	 -195.528096326 	 49.2765938635 	 1 	 0 	 1 	 -1 
110.065		246.587 	 27.3476560284 	 39.1978578543 	 0 	 0 	 1 	 -1 
115.709		259.107 	 67.512014732 	 133.3575713 	 1 	 0 	 1 	 -1 
126.24		270 	 -227.722477582 	 -143.873503738 	 1 	 0 	 1 	 1 
115.709		280.893 	 296.0098773 	 0.812740879837 	 1 	 0 	 1 	 -1 
110.065		293.413 	 -34.5393384301 	 124.789950166 	 0 	 1 	 1 	 1 
110.065		306.587 	 130.99850341 	 -165.484655027 	 1 	 1 	 1 	 -1 
115.709		319.107 	 130.818153964 	 88.3471113121 	 0 	 1 	 1 	 0 
126.24		330 	 8.32666283575 	 -160.621150387 	 1 	 1 	 1 	 0 
140.56		338.948 	 47.3029069063 	 -23.0430900212 	 0 	 0 	 1 	 0 
133.593		349.107 	 51.2869869547 	 -80.6176229905 	 1 	 0 	 1 	 1 
131.188		0 	 31.0083892912 	 158.343471238 	 0 	 1 	 1 	 0 
133.593		10.8934 	 89.5189101181 	 130.995749068 	 1 	 1 	 1 	 1 
140.56		21.0517 	 104.65220146 	 141.681394163 	 1 	 1 	 1 	 0 
151.459		30 	 6.85417240551 	 17.6195798487 	 1 	 0 	 1 	 -1 
140.56		38.9483 	 -396.374795084 	 18.8448372489 	 1 	 1 	 1 	 0 
133.593		49.1066 	 40.5173727574 	 -35.9508493406 	 1 	 0 	 1 	 -1 
131.188		60 	 -18.8548500171 	 -25.4681330799 	 0 	 1 	 1 	 1 
133.593		70.8934 	 -83.2376916326 	 65.5104937422 	 0 	 0 	 1 	 1 
140.56		81.0517 	 -21.7258661659 	 -79.6215504612 	 1 	 1 	 1 	 1 
151.459		90 	 -48.3228125901 	 173.168566273 	 1 	 0 	 1 	 -1 
140.56		98.9483 	 -131.468672653 	 150.29676186 	 1 	 0 	 1 	 -1 
133.593		109.107 	 -10.3427123427 	 -39.2704247806 	 0 	 0 	 1 	 0 
131.188		120 	 -123.945573443 	 162.952242233 	 0 	 1 	 1 	 -1 
133.593		130.893 	 -165.147136944 	 -85.4869656752 	 0 	 1 	 1 	 1 
140.56		141.052 	 -191.139002276 	 160.190359861 	 1 	 0 	 1 	 -1 
151.459		150 	 60.9985180708 	 139.147446229 	 0 	 1 	 1 	 -1 
140.56		158.948 	 -124.272045227 	 -80.3910481421 	 1 	 1 	 1 	 1 
133.593		169.107 	 -49.5626839172 	 -71.4852313353 	 0 	 0 	 1 	 0 
131.188		180 	 -338.203398731 	 -18.2004946697 	 1 	 0 	 1 	 1 
133.593		190.893 	 -285.638601715 	 -30.9457716499 	 0 	 1 	 1 	 1 
140.56		201.052 	 -89.8074944812 	 -140.442441053 	 0 	 1 	 1 	 1 
151.459		210 	 -160.203202536 	 -18.8271034766 	 1 	 0 	 1 	 -1 
140.56		218.948 	 73.4539525175 	 38.9932943174 	 1 	 0 	 1 	 0 
133.593		229.107 	 -36.8318979986 	 43.5927983736 	 1 	 0 	 1 	 -1 
131.188		240 	 297.530744239 	 -72.583496546 	 0 	 1 	 1 	 0 
133.592		250.893 	 168.209688584 	 -40.7126868595 	 1 	 1 	 1 	 1 
140.56		261.052 	 -144.25567215 	 89.0274454973 	 1 	 1 	 1 	 1 
151.459		270 	 -82.8717343663 	 -169.203282262 	 0 	 0 	 1 	 1 
140.56		278.948 	 134.756439785 	 179.927749382 	 1 	 1 	 1 	 1 
133.592		289.107 	 224.793161843 	 -16.0047932485 	 0 	 0 	 1 	 0 
131.188		300 	 -67.2080127167 	 153.91200773 	 1 	 1 	 1 	 1 
133.593		310.893 	 -133.750179082 	 163.210305034 	 0 	 0 	 1 	 1 
140.56		321.052 	 52.4363188917 	 84.2423493134 	 1 	 0 	 1 	 0 
151.459		330 	 117.919301296 	 87.4992417835 	 1 	 1 	 1 	 1 
165.51		337.589 	 146.388595094 	 -105.168660945 	 0 	 0 	 1 	 0 
157.635		346.102 	 -113.086120505 	 42.8198808518 	 1 	 1 	 1 	 -1 
153.545		355.285 	 94.8054552275 	 -28.9327254011 	 1 	 0 	 1 	 0 
153.545		4.715 	 10.8700701342 	 -40.5062689333 	 0 	 0 	 1 	 1 
157.635		13.8979 	 -24.2464328565 	 54.6192760067 	 0 	 0 	 1 	 -1 
165.51		22.4109 	 -50.7644850377 	 -139.168582684 	 1 	 1 	 1 	 0 
176.661		30 	 228.034830364 	 99.0903121592 	 0 	 1 	 1 	 1 
165.51		37.5891 	 122.942235061 	 -163.103352729 	 1 	 0 	 1 	 1 
157.635		46.1021 	 77.8134918705 	 -42.2933957118 	 1 	 0 	 1 	 -1 
153.545		55.285 	 153.145538309 	 -39.891598005 	 0 	 1 	 1 	 -1 
153.545		64.715 	 295.422977158 	 -126.901036402 	 0 	 1 	 1 	 1 
157.635		73.8979 	 72.9458712073 	 -80.1692978152 	 1 	 0 	 1 	 -1 
165.51		82.4109 	 -173.266972639 	 115.966837884 	 0 	 0 	 1 	 1 
176.661		90 	 -114.535595322 	 -132.99858483 	 1 	 1 	 1 	 -1 
165.51		97.5891 	 59.5814230153 	 -148.691894251 	 0 	 0 	 1 	 1 
157.635		106.102 	 -29.3723004265 	 -63.5854022842 	 1 	 1 	 1 	 -1 
153.545		115.285 	 104.034125325 	 109.15623538 	 0 	 1 	 1 	 -1 
153.545		124.715 	 -104.790395429 	 94.0191971382 	 1 	 0 	 1 	 0 
157.635		133.898 	 12.1021929373 	 12.6695442965 	 1 	 0 	 1 	 1 
165.51		142.411 	 -112.584392801 	 104.648420208 	 0 	 0 	 1 	 -1 
176.661		150 	 -212.634137994 	 -92.5435654722 	 0 	 0 	 1 	 0 
165.509		157.589 	 -305.456110338 	 85.1183674084 	 1 	 1 	 1 	 0 
157.635		166.102 	 -17.9047229165 	 -123.645896572 	 1 	 0 	 1 	 0 
153.546		175.285 	 -173.834938171 	 -28.0189752715 	 1 	 0 	 1 	 -1 
153.546		184.715 	 70.4977051749 	 -142.857468282 	 1 	 0 	 1 	 1 
157.635		193.898 	 53.5534190424 	 177.591193842 	 1 	 1 	 1 	 -1 
165.509		202.411 	 -6.43728078486 	 -130.959702191 	 0 	 0 	 1 	 1 
165.51		217.589 	 3.71537398475 	 137.227751614 	 0 	 0 	 1 	 1 
157.635		226.102 	 176.533464033 	 -25.0335125869 	 0 	 0 	 1 	 1 
153.545		235.285 	 46.2327049533 	 -28.5589035752 	 0 	 0 	 1 	 0 
153.545		244.715 	 267.429996239 	 33.782457321 	 1 	 0 	 1 	 0 
157.635		253.898 	 -211.508150481 	 79.429150858 	 1 	 1 	 1 	 -1 
165.51		262.411 	 229.680337883 	 73.2035435704 	 0 	 1 	 1 	 1 
176.661		270 	 -260.698190981 	 -123.625468072 	 0 	 0 	 1 	 1 
165.51		277.589 	 115.150231358 	 31.9809360726 	 0 	 1 	 1 	 1 
157.635		286.102 	 154.704801119 	 123.412130372 	 1 	 0 	 1 	 0 
153.545		295.285 	 -353.709737737 	 -155.509416253 	 1 	 0 	 1 	 -1 
153.545		304.715 	 -217.628616218 	 66.6907372549 	 0 	 1 	 1 	 0 
157.635		313.898 	 -20.0875951515 	 -73.984280217 	 1 	 1 	 1 	 -1 
165.51		322.411 	 -193.056459928 	 6.2939927043 	 1 	 1 	 1 	 -1 
176.661		330 	 116.766963182 	 -94.8801441923 	 0 	 1 	 1 	 0 
190.511		336.587 	 273.869828338 	 -93.4569097123 	 1 	 0 	 1 	 1 
181.979		343.898 	 404.831138339 	 112.439012588 	 1 	 1 	 1 	 0 
176.661		351.787 	 -124.715752211 	 -46.444804913 	 0 	 0 	 1 	 -1 
174.852		0 	 178.31089245 	 112.62210113 	 0 	 1 	 1 	 -1 
176.661		8.21321 	 -113.02577666 	 19.1949217018 	 1 	 1 	 1 	 -1 
181.979		16.1021 	 129.556067365 	 -75.4745679419 	 0 	 0 	 1 	 -1 
190.511		23.4132 	 15.1855294277 	 104.740260832 	 0 	 1 	 1 	 0 
201.845		30 	 -116.19344966 	 -127.461946944 	 0 	 1 	 1 	 1 
181.979		43.8979 	 -22.2557566842 	 -151.058253265 	 0 	 0 	 1 	 -1 
176.661		51.7868 	 -50.1777890624 	 127.864202882 	 0 	 1 	 1 	 1 
174.852		60 	 51.6095029538 	 -122.760911083 	 1 	 1 	 1 	 -1 
176.661		68.2132 	 193.636455251 	 -172.406031557 	 0 	 1 	 1 	 0 
181.979		76.1021 	 96.1559283978 	 -131.032069037 	 1 	 1 	 1 	 0 
190.511		83.4132 	 107.541491985 	 -18.4033365024 	 0 	 1 	 1 	 1 
201.845		90 	 63.5624599412 	 -5.00482121488 	 1 	 0 	 1 	 0 
190.511		96.5868 	 -383.583663262 	 113.66781931 	 0 	 0 	 1 	 -1 
181.979		103.898 	 -153.857600571 	 -28.6180079838 	 0 	 0 	 1 	 1 
176.661		111.787 	 -170.120349197 	 -2.92577264725 	 1 	 0 	 1 	 1 
174.852		120 	 136.231178236 	 -117.23531236 	 0 	 1 	 1 	 1 
176.661		128.213 	 -19.3070407339 	 -62.4121163095 	 0 	 0 	 1 	 -1 
181.979		136.102 	 54.5670373751 	 76.6341362232 	 1 	 1 	 1 	 -1 
190.51		143.413 	 -395.146526546 	 -125.418742571 	 0 	 0 	 1 	 -1 
201.845		150 	 -173.216919829 	 121.534362815 	 1 	 1 	 1 	 0 
190.511		156.587 	 -69.5051092023 	 93.7786362273 	 0 	 1 	 1 	 0 
181.979		163.898 	 -27.5084205567 	 70.6646443964 	 0 	 0 	 1 	 0 
176.661		171.787 	 184.776957419 	 -51.7195100393 	 0 	 0 	 1 	 -1 
174.852		180 	 48.5643688733 	 168.047405007 	 0 	 0 	 1 	 0 
176.661		188.213 	 -2.92986605481 	 -56.6023981827 	 1 	 1 	 1 	 1 
181.979		196.102 	 -183.632095986 	 -45.1949790281 	 0 	 1 	 1 	 0 
190.511		203.413 	 -106.939728668 	 108.911071935 	 1 	 1 	 1 	 1 
201.845		210 	 189.4496604 	 -14.1732943553 	 1 	 0 	 1 	 0 
190.51		216.587 	 -45.9613210479 	 143.060597019 	 1 	 1 	 1 	 0 
181.979		223.898 	 -117.974243928 	 110.988742084 	 0 	 1 	 1 	 -1 
176.661		231.787 	 -17.5957462335 	 -122.181047495 	 0 	 0 	 1 	 0 
174.853		240 	 -4.36971626047 	 -72.7288128099 	 1 	 0 	 1 	 1 
176.662		248.213 	 -220.785688202 	 95.2412646542 	 0 	 0 	 1 	 1 
181.979		256.102 	 48.1027832761 	 70.2706957309 	 1 	 1 	 1 	 -1 
190.511		263.413 	 73.0137620341 	 -81.743398318 	 0 	 0 	 1 	 -1 
190.511		276.587 	 -88.254531139 	 87.4234741212 	 0 	 1 	 1 	 0 
181.979		283.898 	 152.264855353 	 121.002280059 	 1 	 1 	 1 	 1 
176.662		291.787 	 -66.744726553 	 -47.5455280285 	 1 	 0 	 1 	 -1 
174.853		300 	 2.42807681032 	 -130.764469227 	 0 	 1 	 1 	 0 
176.661		308.213 	 -232.692857503 	 -124.906781588 	 0 	 0 	 1 	 0 
181.979		316.102 	 -239.38150537 	 -45.6352716799 	 1 	 1 	 1 	 -1 
190.511		323.413 	 207.9107476 	 -8.97318416696 	 1 	 1 	 1 	 -1 
201.845		330 	 90.9625810701 	 150.938100983 	 0 	 0 	 1 	 0 
215.536		335.818 	 12.5267476357 	 85.6566662455 	 0 	 1 	 1 	 -1 
206.511		342.216 	 184.758292301 	 178.377311826 	 1 	 1 	 1 	 1 
200.265		349.107 	 230.298066339 	 142.141027681 	 0 	 0 	 1 	 -1 
197.068		356.329 	 12.6883307958 	 -26.8123074522 	 1 	 1 	 1 	 0 
197.068		3.6705 	 50.4258211687 	 -129.160423321 	 1 	 0 	 1 	 -1 
200.265		10.8934 	 -49.5288481316 	 -3.06626546659 	 0 	 1 	 1 	 1 
206.511		17.7836 	 -297.417715916 	 166.299707988 	 1 	 1 	 1 	 1 
215.536		24.1825 	 -172.779046864 	 -167.598496731 	 1 	 0 	 1 	 0 
227.007		30 	 29.1607073373 	 174.896641228 	 1 	 1 	 1 	 0 
215.536		35.8175 	 -82.3047994636 	 75.766848902 	 1 	 1 	 1 	 0 
206.511		42.2164 	 107.398800881 	 154.875515122 	 1 	 1 	 1 	 1 
200.265		49.1066 	 -44.2025557369 	 31.6761084223 	 0 	 1 	 1 	 1 
197.068		56.3295 	 -131.202458494 	 -59.9723216234 	 1 	 0 	 1 	 1 
197.068		63.6705 	 -71.1443823295 	 178.924054571 	 1 	 1 	 1 	 1 
200.265		70.8934 	 43.8893738041 	 -99.9517582151 	 1 	 0 	 1 	 0 
206.511		77.7836 	 102.420905943 	 -168.840330687 	 1 	 0 	 1 	 -1 
215.536		84.1825 	 -1.12156086355 	 35.7348976733 	 0 	 1 	 1 	 -1 
227.007		90 	 -46.0885351939 	 68.4919986339 	 0 	 0 	 1 	 1 
215.536		95.8175 	 100.819082844 	 -79.5850198932 	 0 	 1 	 1 	 1 
206.511		102.216 	 5.46135919639 	 -179.637220981 	 1 	 1 	 1 	 0 
200.265		109.107 	 -89.7366283592 	 -12.3040053584 	 0 	 1 	 1 	 -1 
197.068		116.33 	 -287.045524449 	 31.683173288 	 0 	 0 	 1 	 1 
197.068		123.671 	 349.418707615 	 130.133752309 	 0 	 1 	 1 	 1 
200.265		130.893 	 239.727649788 	 -91.0327622565 	 0 	 1 	 1 	 0 
206.51		137.784 	 337.903541596 	 43.8916970788 	 0 	 1 	 1 	 1 
215.536		144.182 	 -8.06148018711 	 53.8938167005 	 0 	 1 	 1 	 1 
227.007		150 	 -88.5210556392 	 3.24943304803 	 1 	 0 	 1 	 1 
215.536		155.818 	 217.713232567 	 72.4172841037 	 1 	 0 	 1 	 -1 
206.511		162.216 	 -398.805656988 	 125.892257527 	 0 	 1 	 1 	 -1 
200.266		169.107 	 -148.635262875 	 95.0394816688 	 1 	 0 	 1 	 0 
197.068		176.33 	 4.44314995123 	 151.192657347 	 1 	 1 	 1 	 1 
197.068		183.671 	 52.4959998562 	 -167.270216476 	 0 	 0 	 1 	 0 
200.266		190.893 	 -152.309648055 	 -6.61166043115 	 1 	 1 	 1 	 -1 
206.511		197.784 	 -137.923732451 	 75.7639384 	 0 	 0 	 1 	 -1 
215.536		204.182 	 -5.87733906376 	 -6.23370969919 	 0 	 0 	 1 	 1 
227.007		210 	 -129.591424531 	 -9.7472788862 	 0 	 0 	 1 	 1 
215.536		215.818 	 33.1356607223 	 -72.0330294266 	 1 	 1 	 1 	 0 
206.51		222.216 	 -25.0029512063 	 -151.699865298 	 1 	 1 	 1 	 -1 
200.265		229.107 	 39.9708035903 	 72.6109708646 	 1 	 1 	 1 	 -1 
197.068		236.329 	 -54.3130986558 	 140.189790937 	 1 	 0 	 1 	 1 
197.068		243.671 	 89.3039010818 	 -54.9554212056 	 1 	 1 	 1 	 -1 
200.265		250.893 	 169.040703539 	 34.3912473623 	 0 	 0 	 1 	 0 
206.51		257.784 	 -124.915362666 	 -131.927568422 	 0 	 1 	 1 	 0 
215.536		264.182 	 150.985473212 	 -93.0246633314 	 0 	 0 	 1 	 1 
227.007		270 	 -283.041042503 	 -4.93513569381 	 0 	 1 	 1 	 0 
215.536		275.818 	 0.302590082926 	 -142.26511225 	 0 	 1 	 1 	 0 
206.51		282.216 	 34.1798413302 	 17.2686978406 	 0 	 0 	 1 	 -1 
200.265		289.107 	 -42.7865438992 	 -94.3120009011 	 0 	 1 	 1 	 0 
197.068		296.329 	 -12.6189756783 	 103.466225849 	 0 	 1 	 1 	 0 
197.068		303.67 	 -48.9448217929 	 85.3154116485 	 1 	 1 	 1 	 0 
200.265		310.893 	 101.924690087 	 -82.2044154893 	 1 	 1 	 1 	 -1 
206.511		317.784 	 -87.5773655206 	 42.1173743847 	 1 	 0 	 1 	 0 
227.008		330 	 100.248915619 	 -164.087752421 	 1 	 1 	 1 	 1 
240.57		335.209 	 131.943692805 	 29.2540641003 	 0 	 1 	 1 	 1 
231.161		340.893 	 83.1070029271 	 -42.5428469585 	 1 	 1 	 1 	 1 
224.195		346.996 	 -224.845155392 	 162.795882381 	 1 	 0 	 1 	 0 
219.909		353.413 	 -153.815421797 	 -68.6335167025 	 1 	 0 	 1 	 0 
218.461		0 	 135.85814388 	 -7.95307834354 	 1 	 0 	 1 	 1 
219.909		6.58678 	 -34.007565177 	 -101.995724365 	 1 	 0 	 1 	 1 
224.195		13.0039 	 -264.577246859 	 -141.288816004 	 1 	 1 	 1 	 1 
231.161		19.1066 	 -236.458844125 	 -36.1689877696 	 0 	 1 	 1 	 1 
240.57		24.7913 	 52.3356328732 	 -32.8083714636 	 0 	 0 	 1 	 1 
252.146		30 	 -11.4065307423 	 -17.6048194295 	 1 	 0 	 1 	 0 
240.57		35.2087 	 -56.9278755797 	 -110.636504138 	 1 	 0 	 1 	 1 
231.161		40.8934 	 -255.885508086 	 15.5869805481 	 1 	 1 	 1 	 -1 
224.195		46.9961 	 -35.5225937397 	 152.538421263 	 1 	 1 	 1 	 0 
219.909		53.4132 	 66.1581555206 	 -157.918918539 	 0 	 1 	 1 	 1 
218.461		60 	 -241.131750206 	 21.3015079687 	 1 	 1 	 1 	 1 
219.909		66.5868 	 10.0524259821 	 155.154317704 	 0 	 0 	 1 	 -1 
224.195		73.0039 	 86.8669663716 	 -91.1961587422 	 1 	 0 	 1 	 -1 
231.161		79.1066 	 99.4355503767 	 122.654803353 	 1 	 0 	 1 	 0 
240.57		84.7913 	 -86.1184949917 	 -26.7638173277 	 1 	 0 	 1 	 0 
240.57		95.2087 	 -136.715705836 	 144.657521384 	 1 	 1 	 1 	 -1 
231.161		100.893 	 -119.743778516 	 -165.388487066 	 0 	 0 	 1 	 0 
224.195		106.996 	 50.6996646685 	 59.1025095964 	 1 	 1 	 1 	 -1 
219.909		113.413 	 129.06948061 	 -54.3119022623 	 1 	 0 	 1 	 1 
218.461		120 	 159.647713652 	 -97.3004298172 	 0 	 0 	 1 	 0 
219.909		126.587 	 -249.525721856 	 -90.1044460068 	 0 	 0 	 1 	 -1 
224.195		133.004 	 -22.9685340763 	 178.453671412 	 1 	 0 	 1 	 -1 
231.161		139.107 	 124.023169195 	 -4.86188661058 	 0 	 0 	 1 	 -1 
252.146		150 	 -21.137261279 	 -174.542897711 	 0 	 0 	 1 	 0 
240.57		155.209 	 275.027307522 	 -145.141154847 	 1 	 0 	 1 	 1 
231.16		160.893 	 -119.262709993 	 104.161491826 	 0 	 0 	 1 	 -1 
224.196		166.996 	 -104.630333799 	 114.634067832 	 1 	 1 	 1 	 0 
219.909		173.413 	 -235.127159512 	 137.896233844 	 0 	 0 	 1 	 0 
218.461		180 	 -164.365777023 	 168.280443113 	 1 	 1 	 1 	 1 
219.909		186.587 	 54.6303365979 	 11.2025241394 	 0 	 0 	 1 	 0 
224.196		193.004 	 13.3566191123 	 -159.673585045 	 0 	 1 	 1 	 -1 
231.16		199.107 	 -26.568356901 	 -100.780225656 	 1 	 1 	 1 	 -1 
240.57		204.791 	 -105.151549173 	 -43.3851522185 	 1 	 1 	 1 	 1 
252.146		210 	 193.478025842 	 -165.524249519 	 0 	 0 	 1 	 -1 
240.57		215.209 	 126.623197206 	 23.8658174923 	 1 	 0 	 1 	 0 
231.161		220.893 	 320.120669654 	 110.504503075 	 1 	 1 	 1 	 1 
224.196		226.996 	 -90.6087504284 	 167.847633261 	 1 	 1 	 1 	 0 
219.909		233.413 	 91.1606287646 	 -42.40932777 	 1 	 0 	 1 	 0 
218.461		240 	 -297.377138061 	 131.337020586 	 0 	 0 	 1 	 1 
219.909		246.587 	 -67.915272197 	 159.293092852 	 1 	 1 	 1 	 0 
224.195		253.004 	 77.106447291 	 144.115464549 	 0 	 1 	 1 	 0 
231.16		259.107 	 181.615360479 	 13.1281109553 	 1 	 0 	 1 	 -1 
240.57		264.791 	 -165.931645426 	 71.1248614734 	 1 	 0 	 1 	 0 
252.146		270 	 -115.662707451 	 64.185372887 	 1 	 1 	 1 	 0 
240.57		275.209 	 -158.582187237 	 -36.0674877648 	 0 	 1 	 1 	 -1 
231.16		280.893 	 -85.088293795 	 51.4285237857 	 0 	 1 	 1 	 0 
224.195		286.996 	 88.9855400955 	 -4.88874131563 	 0 	 1 	 1 	 0 
219.909		293.413 	 -435.13433954 	 17.4962721656 	 0 	 0 	 1 	 0 
218.461		300 	 -154.355254225 	 114.248691772 	 1 	 1 	 1 	 1 
219.909		306.587 	 -36.2319637345 	 116.103869863 	 1 	 1 	 1 	 1 
224.196		313.004 	 101.401160998 	 -60.7547280925 	 0 	 0 	 1 	 0 
231.161		319.107 	 -48.5254565822 	 -89.1598611866 	 1 	 0 	 1 	 0 
240.57		324.791 	 62.8575944667 	 -75.9614653489 	 1 	 0 	 1 	 1 
252.146		330 	 -43.2111284509 	 -119.137679455 	 1 	 1 	 1 	 0 
265.601		334.715 	 135.419873204 	 171.410544799 	 1 	 0 	 1 	 1 
255.886		339.826 	 377.24890512 	 71.2017139963 	 1 	 0 	 1 	 -1 
248.348		345.295 	 -163.645785425 	 111.183640377 	 1 	 1 	 1 	 0 
243.191		351.052 	 34.8566278656 	 94.1888913382 	 1 	 1 	 1 	 -1 
240.57		356.996 	 -271.036414706 	 -160.971320634 	 1 	 1 	 1 	 0 
240.57		3.00449 	 -16.3438388818 	 -144.447743938 	 0 	 1 	 1 	 -1 
243.191		8.94827 	 7.77516591755 	 -33.7078560285 	 0 	 0 	 1 	 1 
248.348		14.7047 	 302.525545506 	 -122.45594617 	 1 	 1 	 1 	 0 
255.886		20.1736 	 40.1512120615 	 -39.4596167377 	 1 	 0 	 1 	 1 
265.601		25.285 	 143.240430069 	 -99.619574291 	 0 	 1 	 1 	 1 
277.258		30 	 -124.748210854 	 46.4927180043 	 1 	 0 	 1 	 1 
265.601		34.715 	 -127.441505058 	 163.403736022 	 0 	 0 	 1 	 -1 
255.887		39.8264 	 -33.8328867003 	 35.6764239262 	 0 	 0 	 1 	 0 
248.348		45.2953 	 -96.1491564747 	 -46.63784435 	 0 	 0 	 1 	 1 
243.191		51.0517 	 15.2221115358 	 18.8261976871 	 0 	 1 	 1 	 1 
240.57		56.9955 	 -89.2694248869 	 178.075114876 	 1 	 1 	 1 	 1 
240.57		63.0045 	 -59.2376668383 	 -130.231646625 	 1 	 0 	 1 	 0 
243.191		68.9483 	 244.962791235 	 -149.753242976 	 1 	 1 	 1 	 0 
248.348		74.7047 	 45.007145477 	 -101.711564348 	 0 	 0 	 1 	 1 
255.887		80.1736 	 -58.202152794 	 139.513786475 	 0 	 1 	 1 	 0 
265.601		85.285 	 -288.462820792 	 24.6089161214 	 0 	 1 	 1 	 0 
277.257		90 	 74.5109388614 	 -150.238800888 	 1 	 1 	 1 	 1 
265.601		94.715 	 77.1889201857 	 80.9490053037 	 0 	 1 	 1 	 1 
255.887		99.8264 	 100.925008227 	 -158.572134428 	 1 	 1 	 1 	 0 
248.348		105.295 	 159.495980539 	 38.0477026723 	 1 	 1 	 1 	 1 
243.191		111.052 	 -49.8957778847 	 -50.8230451898 	 0 	 1 	 1 	 0 
240.57		116.996 	 -367.350599943 	 -173.438489974 	 1 	 0 	 1 	 1 
240.57		123.005 	 -2.20748979136 	 126.107457096 	 1 	 1 	 1 	 1 
243.191		128.948 	 -169.873202516 	 86.5812944183 	 0 	 1 	 1 	 1 
248.348		134.705 	 238.155236329 	 158.416904702 	 0 	 0 	 1 	 1 
255.887		140.174 	 -189.372978652 	 132.037932982 	 1 	 1 	 1 	 -1 
265.6		145.285 	 -55.2066911793 	 148.982787854 	 1 	 0 	 1 	 -1 
277.257		150 	 14.5363768445 	 85.5154955004 	 1 	 1 	 1 	 0 
265.601		154.715 	 53.9437866491 	 177.242833384 	 1 	 1 	 1 	 1 
255.886		159.826 	 49.4803521293 	 -78.0041665298 	 0 	 1 	 1 	 -1 
248.348		165.295 	 -111.325183191 	 150.761463708 	 1 	 1 	 1 	 0 
243.191		171.052 	 -146.346646765 	 22.483574564 	 0 	 1 	 1 	 -1 
240.57		176.996 	 -125.176167184 	 38.8424830857 	 1 	 0 	 1 	 1 
240.57		183.005 	 -103.330404202 	 -176.131276424 	 0 	 1 	 1 	 1 
243.191		188.948 	 104.563617628 	 101.995506342 	 1 	 0 	 1 	 0 
248.348		194.705 	 145.031982491 	 -14.4980296802 	 0 	 0 	 1 	 0 
255.886		200.174 	 23.1005462879 	 173.833465521 	 0 	 0 	 1 	 0 
265.601		205.285 	 -292.611590258 	 -145.31448578 	 0 	 0 	 1 	 0 
277.258		210 	 113.247142893 	 -157.080610327 	 1 	 0 	 1 	 -1 
265.6		214.715 	 -468.101109588 	 17.5095795418 	 1 	 0 	 1 	 -1 
255.887		219.826 	 -20.357302118 	 18.9780140706 	 0 	 0 	 1 	 -1 
248.348		225.295 	 38.1490270799 	 -161.828180584 	 0 	 0 	 1 	 1 
243.191		231.052 	 126.786791813 	 -62.7371673542 	 0 	 1 	 1 	 0 
240.57		236.995 	 -66.8836279763 	 18.5405020554 	 1 	 1 	 1 	 -1 
240.57		243.004 	 96.0831443278 	 56.0054942638 	 0 	 0 	 1 	 -1 
243.19		248.948 	 21.0026098959 	 -51.1149530715 	 1 	 1 	 1 	 1 
248.348		254.705 	 -118.002992715 	 -141.018858506 	 1 	 0 	 1 	 -1 
255.886		260.174 	 -94.4211413616 	 117.423366354 	 0 	 1 	 1 	 1 
265.601		265.285 	 -4.7101189609 	 55.2051777535 	 1 	 1 	 1 	 -1 
277.258		270 	 364.637640789 	 -168.053170212 	 1 	 1 	 1 	 0 
265.601		274.715 	 35.6400169017 	 138.895386258 	 0 	 1 	 1 	 1 
255.886		279.826 	 -192.083916294 	 50.7355736657 	 0 	 0 	 1 	 -1 
248.348		285.295 	 156.25871712 	 84.7611497894 	 1 	 0 	 1 	 1 
243.19		291.052 	 3.36587223598 	 174.777697271 	 1 	 1 	 1 	 1 
240.57		296.996 	 -176.308375517 	 22.099910801 	 1 	 0 	 1 	 -1 
240.57		303.004 	 -237.089412837 	 93.5326212227 	 1 	 0 	 1 	 0 
243.191		308.948 	 23.3653642993 	 -94.4455564934 	 1 	 1 	 1 	 1 
248.348		314.705 	 81.4775979539 	 22.254931993 	 1 	 0 	 1 	 -1 
255.886		320.174 	 54.8122601265 	 -35.4979932084 	 1 	 1 	 1 	 -1 
265.6		325.285 	 -120.953099965 	 124.921029607 	 0 	 1 	 1 	 -1 
277.258		330 	 1.07107337249 	 -76.0649174868 	 0 	 1 	 1 	 -1 
290.619		334.307 	 -237.636129144 	 113.740853595 	 1 	 1 	 1 	 0 
280.659		338.948 	 174.00811323 	 -142.061118241 	 0 	 1 	 1 	 0 
272.656		343.898 	 296.642986562 	 46.2594875966 	 0 	 0 	 1 	 0 
266.79		349.107 	 -193.534524535 	 -121.913681473 	 1 	 1 	 1 	 0 
263.206		354.504 	 -162.087947419 	 -145.13319439 	 1 	 0 	 1 	 1 
262.001		0 	 -186.162341179 	 69.510638887 	 1 	 1 	 1 	 -1 
263.206		5.49637 	 -407.119442228 	 17.8746080531 	 0 	 0 	 1 	 0 
266.79		10.8934 	 -71.4629996465 	 86.1949137914 	 0 	 1 	 1 	 1 
272.656		16.1021 	 97.2350144892 	 52.5381133036 	 1 	 0 	 1 	 -1 
280.659		21.0517 	 122.830006306 	 -134.080173714 	 0 	 1 	 1 	 1 
290.619		25.6934 	 4.09452899458 	 121.561642866 	 1 	 1 	 1 	 1 
302.34		30 	 202.958485018 	 104.102003357 	 0 	 0 	 1 	 1 
290.619		34.3066 	 61.5541783392 	 -137.240206558 	 1 	 0 	 1 	 1 
280.659		38.9483 	 179.429771926 	 30.2849549417 	 1 	 0 	 1 	 1 
272.656		43.8979 	 183.427225577 	 -46.2440864826 	 1 	 0 	 1 	 0 
266.789		49.1066 	 82.3227391045 	 143.404584006 	 1 	 0 	 1 	 1 
263.206		54.5036 	 -129.74956405 	 -29.0704643533 	 0 	 0 	 1 	 -1 
262.001		60 	 -48.9451928923 	 143.50384007 	 1 	 1 	 1 	 0 
263.206		65.4964 	 62.7808391723 	 176.253266424 	 0 	 1 	 1 	 0 
266.79		70.8934 	 -17.2438485152 	 136.006114073 	 0 	 0 	 1 	 0 
272.656		76.1021 	 -187.079500095 	 65.5509769814 	 1 	 1 	 1 	 0 
280.659		81.0517 	 -11.7455375385 	 175.461935632 	 1 	 0 	 1 	 0 
290.619		85.6934 	 -253.611392671 	 104.151502555 	 1 	 1 	 1 	 1 
302.34		90 	 -215.29085907 	 -150.331581359 	 1 	 1 	 1 	 0 
290.619		94.3066 	 97.5768239144 	 91.4682878404 	 0 	 1 	 1 	 -1 
280.659		98.9483 	 -67.5949583119 	 103.805962775 	 0 	 0 	 1 	 0 
272.655		103.898 	 -149.400279973 	 -26.4992878987 	 0 	 1 	 1 	 0 
266.79		109.107 	 -66.0947520423 	 130.953722831 	 0 	 0 	 1 	 -1 
263.206		114.504 	 -172.655508574 	 5.85144138141 	 1 	 0 	 1 	 -1 
262		120 	 -29.8563011777 	 -79.5089890725 	 0 	 1 	 1 	 -1 
263.206		125.496 	 -56.2539377123 	 -36.9120043378 	 0 	 0 	 1 	 1 
266.79		130.893 	 102.474920707 	 159.79584682 	 1 	 1 	 1 	 -1 
272.655		136.102 	 12.5802590236 	 -98.5381907228 	 0 	 0 	 1 	 0 
280.659		141.052 	 212.181127494 	 -147.299809901 	 0 	 1 	 1 	 1 
290.619		145.693 	 -110.717308973 	 133.543469752 	 0 	 1 	 1 	 1 
302.34		150 	 141.216696806 	 -107.669188281 	 0 	 1 	 1 	 0 
290.619		154.307 	 -43.8214471282 	 -79.4829364631 	 0 	 1 	 1 	 0 
280.659		158.948 	 -42.139157992 	 131.916753304 	 0 	 1 	 1 	 1 
272.656		163.898 	 -46.972320554 	 4.46346158199 	 1 	 1 	 1 	 -1 
266.789		169.107 	 -169.934818885 	 128.225276994 	 0 	 0 	 1 	 0 
263.206		174.504 	 -135.1496933 	 -82.9280567215 	 0 	 1 	 1 	 0 
262.001		180 	 -240.047831329 	 -27.5272076815 	 1 	 0 	 1 	 0 
263.206		185.496 	 -51.9070494971 	 61.7707748876 	 0 	 1 	 1 	 0 
266.789		190.893 	 161.82145345 	 -48.3672700914 	 1 	 1 	 1 	 0 
272.656		196.102 	 3.46855719426 	 -130.860596807 	 1 	 1 	 1 	 -1 
280.659		201.052 	 31.9241669277 	 -138.403008169 	 0 	 1 	 1 	 1 
290.619		205.693 	 -16.9845937601 	 43.4759576562 	 1 	 0 	 1 	 -1 
302.34		210 	 -2.94936274687 	 115.492917643 	 0 	 0 	 1 	 0 
290.619		214.307 	 137.087476218 	 23.6688791614 	 0 	 1 	 1 	 1 
280.658		218.948 	 -10.8364636811 	 -157.506141612 	 0 	 1 	 1 	 0 
272.656		223.898 	 130.27162364 	 100.470398774 	 0 	 0 	 1 	 -1 
266.79		229.107 	 -158.986160944 	 105.60511552 	 1 	 0 	 1 	 -1 
263.206		234.504 	 -106.92375822 	 59.539445482 	 1 	 0 	 1 	 -1 
262		240 	 243.637937397 	 -113.399510174 	 0 	 1 	 1 	 1 
263.206		245.496 	 76.1736123254 	 -13.5777093475 	 0 	 0 	 1 	 -1 
266.789		250.893 	 180.886262385 	 46.7164435511 	 1 	 0 	 1 	 0 
272.656		256.102 	 -140.554606586 	 2.56249354497 	 0 	 1 	 1 	 0 
280.659		261.052 	 -160.05456732 	 114.306016125 	 1 	 1 	 1 	 0 
290.62		265.693 	 389.973889332 	 117.295456502 	 0 	 1 	 1 	 1 
302.34		270 	 123.526021986 	 -105.256915999 	 1 	 0 	 1 	 1 
290.62		274.307 	 -127.070073425 	 31.4549936896 	 0 	 1 	 1 	 0 
280.659		278.948 	 5.05947170501 	 -62.5815656087 	 0 	 1 	 1 	 0 
272.656		283.898 	 -241.65510066 	 170.04365701 	 0 	 0 	 1 	 0 
266.789		289.107 	 -133.366005886 	 154.583687106 	 1 	 1 	 1 	 -1 
263.206		294.504 	 -60.5599358992 	 16.9067445343 	 1 	 1 	 1 	 -1 
262		300 	 16.7267834722 	 -149.633083592 	 1 	 1 	 1 	 1 
263.206		305.496 	 22.5471322122 	 -131.571806918 	 0 	 1 	 1 	 1 
266.79		310.893 	 -103.489507126 	 -2.17216409954 	 0 	 0 	 1 	 1 
272.656		316.102 	 163.837857009 	 -143.973557435 	 1 	 1 	 1 	 1 
280.659		321.052 	 374.267211369 	 45.0438453965 	 1 	 0 	 1 	 -1 
290.619		325.693 	 90.7867661173 	 86.0523127679 	 1 	 0 	 1 	 0 
302.34		330 	 101.373241039 	 -12.4739146289 	 1 	 0 	 1 	 0 
315.62		333.963 	 30.4166005828 	 -24.9726370938 	 0 	 0 	 1 	 -1 
305.457		338.213 	 -155.430716996 	 -52.8284819872 	 0 	 0 	 1 	 1 
297.071		342.731 	 190.976357183 	 160.942828659 	 1 	 1 	 1 	 0 
290.619		347.48 	 300.674052412 	 -29.1599133265 	 0 	 1 	 1 	 0 
286.236		352.411 	 11.6416961578 	 26.0378266748 	 0 	 0 	 1 	 1 
284.018		357.457 	 17.5522977655 	 -174.156419317 	 1 	 0 	 1 	 0 
284.018		2.54292 	 214.996947717 	 -139.340836355 	 0 	 0 	 1 	 1 
286.236		7.58909 	 -164.630832299 	 73.4384457985 	 1 	 1 	 1 	 -1 
290.619		12.5198 	 357.210514579 	 -47.9208246069 	 0 	 1 	 1 	 0 
297.071		17.2695 	 176.369919282 	 -165.564064511 	 1 	 0 	 1 	 0 
305.457		21.7868 	 25.3742079758 	 -86.4111518709 	 0 	 0 	 1 	 0 
315.62		26.0368 	 17.9904259908 	 -155.714558123 	 0 	 0 	 1 	 1 
327.39		30 	 -151.149631018 	 18.6002355405 	 1 	 0 	 1 	 0 
305.457		38.2132 	 -49.6914803262 	 -121.622782347 	 1 	 0 	 1 	 -1 
297.071		42.7305 	 -61.9087874483 	 137.223440947 	 0 	 0 	 1 	 0 
290.619		47.4802 	 -102.582200319 	 -164.866130682 	 0 	 0 	 1 	 -1 
286.236		52.4109 	 339.197939263 	 122.4769688 	 1 	 0 	 1 	 -1 
284.018		57.4571 	 -45.7793610916 	 153.886027365 	 1 	 0 	 1 	 -1 
284.018		62.5429 	 31.885476031 	 11.3183106997 	 1 	 0 	 1 	 0 
286.236		67.5891 	 -124.655160665 	 -99.8718035167 	 0 	 1 	 1 	 -1 
290.619		72.5198 	 84.4295009675 	 -21.6306128014 	 0 	 1 	 1 	 0 
297.071		77.2695 	 -330.283751138 	 -72.4349956023 	 0 	 0 	 1 	 0 
305.457		81.7868 	 54.2415889975 	 101.431587257 	 0 	 0 	 1 	 -1 
315.62		86.0368 	 239.852509099 	 39.6970961146 	 1 	 0 	 1 	 0 
327.39		90 	 -118.015204592 	 170.374364785 	 1 	 1 	 1 	 0 
315.62		93.9632 	 139.196561155 	 -82.5814527251 	 1 	 0 	 1 	 -1 
305.457		98.2132 	 162.301261654 	 -137.751795606 	 1 	 0 	 1 	 0 
297.071		102.731 	 -130.126863455 	 76.1213920193 	 1 	 0 	 1 	 0 
290.619		107.48 	 49.6897073659 	 173.356529612 	 0 	 1 	 1 	 1 
286.236		112.411 	 -23.853529676 	 -148.610207682 	 1 	 1 	 1 	 -1 
284.018		117.457 	 8.85005859695 	 127.305846315 	 0 	 1 	 1 	 1 
284.018		122.543 	 70.1850708769 	 54.7965664901 	 1 	 1 	 1 	 1 
286.236		127.589 	 -47.8782391159 	 -110.185119023 	 0 	 0 	 1 	 0 
290.62		132.52 	 53.8559150216 	 89.400559576 	 0 	 0 	 1 	 0 
297.071		137.269 	 105.013388682 	 -67.2334225249 	 0 	 0 	 1 	 0 
305.457		141.787 	 -100.793629953 	 135.366920584 	 1 	 1 	 1 	 -1 
315.62		146.037 	 84.9821880367 	 -92.7289621973 	 0 	 1 	 1 	 0 
327.39		150 	 116.076609557 	 106.123543208 	 1 	 1 	 1 	 0 
315.619		153.963 	 173.807019305 	 -48.2701564956 	 0 	 1 	 1 	 1 
305.457		158.213 	 32.1579551853 	 -149.952273807 	 1 	 0 	 1 	 0 
297.071		162.731 	 19.3095959938 	 -30.6638754277 	 0 	 1 	 1 	 0 
290.62		167.48 	 -84.6309982082 	 49.1167867973 	 0 	 0 	 1 	 1 
286.236		172.411 	 115.488374816 	 -47.9260846871 	 0 	 0 	 1 	 -1 
284.019		177.457 	 39.3231476148 	 28.9110053949 	 1 	 0 	 1 	 -1 
284.019		182.543 	 -583.942613487 	 77.982050242 	 1 	 1 	 1 	 1 
286.236		187.589 	 -45.6604864512 	 -140.324946266 	 0 	 1 	 1 	 0 
290.62		192.52 	 237.420016046 	 -109.338063973 	 0 	 0 	 1 	 1 
297.071		197.269 	 166.529972822 	 -10.7449164418 	 1 	 1 	 1 	 1 
305.457		201.787 	 -165.987013785 	 -153.763131759 	 0 	 1 	 1 	 0 
315.62		206.037 	 268.077298722 	 120.03949662 	 1 	 1 	 1 	 0 
327.39		210 	 -212.406709329 	 -24.6497979056 	 0 	 0 	 1 	 0 
315.62		213.963 	 166.776881731 	 -166.021899182 	 0 	 1 	 1 	 -1 
305.457		218.213 	 89.349489507 	 37.3881230576 	 0 	 0 	 1 	 1 
297.071		222.731 	 27.60274436 	 -101.112019248 	 1 	 1 	 1 	 1 
290.619		227.48 	 111.320891338 	 -22.3340310033 	 0 	 1 	 1 	 0 
286.236		232.411 	 -138.432004048 	 69.0043554553 	 0 	 1 	 1 	 0 
284.018		237.457 	 30.1819843175 	 96.770713687 	 0 	 1 	 1 	 -1 
284.019		242.543 	 -99.71672132 	 177.551660742 	 1 	 1 	 1 	 -1 
286.236		247.589 	 102.863628997 	 26.3887567796 	 1 	 1 	 1 	 0 
290.62		252.52 	 188.856649495 	 39.8083515342 	 1 	 0 	 1 	 -1 
297.071		257.269 	 -48.109036943 	 47.6596406976 	 1 	 0 	 1 	 0 
305.457		261.787 	 -5.80513155909 	 -169.4241749 	 0 	 1 	 1 	 1 
315.62		266.037 	 155.554259539 	 51.4107869931 	 1 	 0 	 1 	 0 
327.39		270 	 13.4111022266 	 88.9353149231 	 1 	 0 	 1 	 -1 
315.62		273.963 	 -116.778681494 	 50.8587294203 	 0 	 1 	 1 	 0 
305.457		278.213 	 222.856143715 	 155.573295019 	 1 	 1 	 1 	 0 
297.071		282.731 	 3.69693896344 	 -88.725821561 	 1 	 0 	 1 	 1 
290.62		287.48 	 125.798074002 	 -176.829110797 	 1 	 1 	 1 	 1 
286.236		292.411 	 -174.413153317 	 169.184561443 	 1 	 0 	 1 	 0 
284.019		297.457 	 -5.75805265002 	 152.949061542 	 1 	 1 	 1 	 0 
284.018		302.543 	 -231.749409871 	 133.393650118 	 1 	 0 	 1 	 1 
286.236		307.589 	 -285.295387639 	 -64.1157271256 	 0 	 0 	 1 	 1 
290.619		312.52 	 -106.869072487 	 2.73306447847 	 1 	 0 	 1 	 1 
297.071		317.269 	 152.517044138 	 -124.609714082 	 0 	 0 	 1 	 0 
305.457		321.787 	 -446.818923971 	 80.6759640837 	 0 	 1 	 1 	 0 
327.39		330 	 -192.075590264 	 99.0676100016 	 0 	 0 	 1 	 0 
340.597		333.67 	 169.137284807 	 -16.4105672263 	 1 	 1 	 1 	 -1 
330.266		337.589 	 101.452962599 	 96.9561217658 	 0 	 0 	 1 	 1 
321.56		341.742 	 66.1258661899 	 -157.078207873 	 1 	 1 	 1 	 0 
314.619		346.102 	 121.819684241 	 -54.4697089556 	 0 	 1 	 1 	 -1 
309.563		350.633 	 136.310745522 	 -148.570765872 	 1 	 0 	 1 	 1 
306.489		355.285 	 311.673104717 	 161.913717945 	 0 	 0 	 1 	 -1 
305.457		0 	 117.498597686 	 -120.274487069 	 1 	 1 	 1 	 0 
306.489		4.715 	 234.654667977 	 144.715690942 	 1 	 1 	 1 	 -1 
309.563		9.367 	 21.3733852159 	 33.6731424244 	 0 	 1 	 1 	 1 
314.619		13.8979 	 -82.3364973518 	 81.6966526109 	 1 	 1 	 1 	 -1 
321.56		18.2585 	 77.2169190769 	 -114.348009631 	 0 	 0 	 1 	 -1 
330.266		22.4109 	 124.073828801 	 -4.12983017517 	 1 	 0 	 1 	 1 
340.597		26.3295 	 249.068868853 	 -44.2294565352 	 1 	 1 	 1 	 0 
352.406		30 	 -178.412537563 	 8.30742802017 	 1 	 0 	 1 	 0 
340.597		33.6705 	 163.612465788 	 23.4197574383 	 1 	 1 	 1 	 1 
330.266		37.5891 	 38.2798814388 	 -103.805962033 	 1 	 1 	 1 	 1 
321.56		41.7415 	 29.494934947 	 -0.129270652957 	 1 	 1 	 1 	 -1 
314.619		46.1021 	 -49.2846406633 	 90.6513503932 	 0 	 0 	 1 	 1 
309.563		50.633 	 53.0030280459 	 175.852368111 	 1 	 1 	 1 	 0 
306.489		55.285 	 -8.66791533368 	 -166.824591455 	 1 	 1 	 1 	 1 
305.457		60 	 -214.132691036 	 7.07003786184 	 1 	 0 	 1 	 0 
306.489		64.715 	 218.25831885 	 43.3935478427 	 0 	 0 	 1 	 -1 
309.563		69.367 	 119.188241338 	 -151.401875316 	 1 	 0 	 1 	 -1 
314.619		73.8979 	 211.239819934 	 98.3963425891 	 0 	 0 	 1 	 0 
321.56		78.2585 	 -16.7108456789 	 124.36062411 	 0 	 0 	 1 	 -1 
330.266		82.4109 	 128.678083803 	 66.072132805 	 1 	 0 	 1 	 1 
340.597		86.3295 	 -143.808831521 	 178.39223069 	 0 	 1 	 1 	 -1 
352.406		90 	 -234.954206558 	 -86.157515529 	 0 	 1 	 1 	 -1 
340.597		93.6705 	 -41.9914879443 	 -120.941293842 	 1 	 1 	 1 	 0 
330.266		97.5891 	 0.73350942612 	 -163.597947432 	 0 	 0 	 1 	 -1 
321.56		101.742 	 267.690598736 	 -72.6142637342 	 0 	 1 	 1 	 1 
314.619		106.102 	 -49.1914092367 	 -20.438886515 	 1 	 1 	 1 	 -1 
309.563		110.633 	 -109.446045443 	 -35.2553754515 	 1 	 1 	 1 	 1 
306.489		115.285 	 -69.3058147148 	 74.0750074742 	 0 	 0 	 1 	 1 
305.457		120 	 34.0246147759 	 155.371545446 	 0 	 0 	 1 	 1 
306.489		124.715 	 31.2333844262 	 -165.300205022 	 0 	 0 	 1 	 -1 
309.563		129.367 	 -27.7492867705 	 -174.703510907 	 0 	 0 	 1 	 -1 
314.619		133.898 	 -56.5461123295 	 43.2274878246 	 1 	 0 	 1 	 1 
321.56		138.258 	 -11.3740664761 	 -45.5449527995 	 1 	 1 	 1 	 1 
330.266		142.411 	 14.3736354013 	 -166.244884058 	 1 	 1 	 1 	 0 
340.597		146.329 	 176.20253167 	 -43.4556513492 	 0 	 1 	 1 	 1 
352.406		150 	 97.8842168245 	 129.827834548 	 1 	 0 	 1 	 0 
340.597		153.671 	 167.853819568 	 -75.9125626411 	 0 	 0 	 1 	 -1 
330.266		157.589 	 60.835625852 	 -162.872353549 	 0 	 1 	 1 	 -1 
321.561		161.742 	 136.457520143 	 -14.5650179678 	 0 	 1 	 1 	 -1 
314.618		166.102 	 -107.114038125 	 162.489921362 	 1 	 0 	 1 	 1 
309.563		170.633 	 -56.2723365841 	 172.773757562 	 0 	 0 	 1 	 0 
306.488		175.285 	 -181.532977014 	 -18.7934556908 	 1 	 1 	 1 	 1 
305.457		180 	 -362.139414767 	 -128.410214117 	 1 	 1 	 1 	 0 
306.488		184.715 	 78.0575355874 	 73.8459526915 	 0 	 0 	 1 	 1 
309.563		189.367 	 -307.927929208 	 -79.0900842668 	 0 	 0 	 1 	 0 
314.618		193.898 	 494.362120863 	 57.2575316981 	 0 	 1 	 1 	 0 
321.561		198.258 	 85.1512963845 	 43.9087406001 	 1 	 1 	 1 	 0 
330.266		202.411 	 -33.5961265088 	 114.00494058 	 1 	 1 	 1 	 1 
340.597		206.329 	 -51.8546699023 	 -160.90498882 	 1 	 1 	 1 	 1 
352.406		210 	 188.292661911 	 -101.749527774 	 1 	 1 	 1 	 -1 
330.266		217.589 	 100.545608163 	 83.8108810046 	 0 	 0 	 1 	 -1 
321.56		221.742 	 60.7711073728 	 25.3448410204 	 0 	 1 	 1 	 -1 
314.619		226.102 	 79.0302618213 	 24.0775808205 	 0 	 1 	 1 	 1 
309.563		230.633 	 -116.874416571 	 97.0736079652 	 0 	 0 	 1 	 -1 
306.489		235.285 	 31.3718984992 	 35.666012819 	 1 	 1 	 1 	 0 
305.456		240 	 41.7299444527 	 -54.9226667615 	 0 	 0 	 1 	 1 
306.488		244.715 	 96.853811787 	 -176.677746988 	 1 	 1 	 1 	 0 
309.563		249.367 	 49.8629467443 	 139.14749861 	 0 	 0 	 1 	 1 
314.619		253.898 	 209.602894311 	 161.432055861 	 0 	 1 	 1 	 -1 
321.56		258.258 	 -63.7901296474 	 -127.935528455 	 1 	 0 	 1 	 -1 
330.266		262.411 	 -68.1123625387 	 179.308851365 	 0 	 1 	 1 	 -1 
340.597		266.33 	 46.254021243 	 2.05387415736 	 1 	 1 	 1 	 1 
340.597		273.671 	 -202.232286857 	 105.831263481 	 0 	 1 	 1 	 -1 
330.266		277.589 	 -79.9808727548 	 -155.901442387 	 1 	 1 	 1 	 1 
321.56		281.742 	 -11.8194777171 	 8.78559143336 	 1 	 0 	 1 	 -1 
314.619		286.102 	 66.9765671822 	 143.181967154 	 0 	 1 	 1 	 0 
309.563		290.633 	 111.378317295 	 -57.2672880863 	 1 	 1 	 1 	 -1 
306.488		295.285 	 -16.8959436216 	 -139.209204305 	 0 	 1 	 1 	 -1 
305.457		300 	 -139.902210843 	 -39.5402232209 	 0 	 1 	 1 	 -1 
306.489		304.715 	 8.03796746384 	 -142.906177759 	 0 	 1 	 1 	 1 
309.563		309.367 	 -159.011066627 	 -14.8672726862 	 0 	 1 	 1 	 1 
314.619		313.898 	 79.622045484 	 118.397212715 	 0 	 1 	 1 	 0 
321.56		318.258 	 21.2752769789 	 -117.885989349 	 1 	 1 	 1 	 0 
330.266		322.411 	 -244.053373262 	 73.1944990222 	 1 	 1 	 1 	 1 
340.597		326.33 	 27.2559213365 	 11.5210834742 	 0 	 0 	 1 	 0 
352.406		330 	 36.6892264081 	 -179.553617217 	 1 	 1 	 1 	 0 
365.546		333.418 	 6.64847255873 	 99.4674669734 	 0 	 1 	 1 	 0 
355.074		337.053 	 194.431787092 	 53.2019668839 	 0 	 1 	 1 	 1 
346.099		340.893 	 143.481093855 	 22.1158760502 	 1 	 0 	 1 	 -1 
338.742		344.921 	 -109.045098585 	 170.350707614 	 1 	 1 	 1 	 1 
333.116		349.107 	 -76.1919978661 	 -121.522449434 	 0 	 0 	 1 	 0 
329.31		353.413 	 -64.5461473767 	 36.4271689947 	 0 	 1 	 1 	 0 
327.39		357.796 	 -415.078348053 	 -38.765759658 	 0 	 1 	 1 	 1 
327.39		2.20423 	 -94.9694145327 	 -125.231052578 	 1 	 1 	 1 	 1 
329.31		6.58678 	 -52.9816270535 	 25.6153723094 	 0 	 1 	 1 	 0 
333.116		10.8934 	 -157.09004164 	 -117.559265031 	 0 	 0 	 1 	 0 
338.742		15.0791 	 -235.265416514 	 -79.5773716205 	 1 	 0 	 1 	 1 
346.099		19.1066 	 -92.6295798131 	 -1.18487506096 	 0 	 1 	 1 	 1 
355.074		22.9473 	 227.637448268 	 128.153006515 	 0 	 1 	 1 	 1 
365.546		26.582 	 115.490818161 	 -175.730914037 	 0 	 0 	 1 	 -1 
377.385		30 	 94.8569908811 	 -54.0338593562 	 1 	 1 	 1 	 1 
365.546		33.418 	 76.8223443051 	 3.62587783818 	 0 	 1 	 1 	 1 
355.074		37.0527 	 -143.490153336 	 -15.3931168162 	 0 	 1 	 1 	 1 
346.099		40.8934 	 61.5293368003 	 -108.160803141 	 0 	 0 	 1 	 -1 
338.743		44.9209 	 -2.82256765164 	 48.5679721305 	 0 	 0 	 1 	 1 
333.116		49.1066 	 104.427763322 	 19.7174953467 	 1 	 1 	 1 	 0 
329.31		53.4132 	 11.0301195308 	 115.041738724 	 0 	 1 	 1 	 0 
327.39		57.7958 	 -19.1057777404 	 162.920028792 	 1 	 0 	 1 	 1 
327.39		62.2042 	 -83.9251252652 	 -3.80884863316 	 1 	 1 	 1 	 1 
329.31		66.5868 	 12.2234622068 	 45.6252472275 	 0 	 1 	 1 	 -1 
333.116		70.8934 	 86.4173438054 	 88.6170137213 	 1 	 0 	 1 	 -1 
338.742		75.0791 	 231.221553338 	 -169.846946887 	 0 	 1 	 1 	 1 
346.099		79.1066 	 150.977474336 	 126.505267228 	 0 	 1 	 1 	 -1 
355.074		82.9473 	 222.920709134 	 -116.828969674 	 0 	 1 	 1 	 1 
