25.2587		30 	 261.195855989 	 270.303742202 	 0 	 0 	 1 	 0 
25.2587		90 	 294.424775397 	 264.308847507 	 1 	 0 	 1 	 0 
25.2587		150 	 245.02424349 	 262.258908218 	 1 	 1 	 1 	 0 
25.2587		210 	 290.511615796 	 265.163054841 	 1 	 0 	 1 	 1 
25.2587		270 	 238.263219105 	 276.226509359 	 0 	 1 	 1 	 1 
43.7478		0 	 268.346996453 	 275.47396436 	 0 	 1 	 1 	 1 
50.5147		30 	 290.75081393 	 279.349296492 	 1 	 0 	 1 	 -1 
43.7478		60 	 275.665444608 	 269.260333887 	 0 	 1 	 1 	 -1 
50.5147		90 	 264.027848882 	 279.972757198 	 1 	 1 	 1 	 1 
43.7478		120 	 263.441758745 	 271.064191673 	 0 	 1 	 1 	 -1 
50.5147		150 	 289.426347121 	 274.322342352 	 1 	 0 	 1 	 1 
43.7478		180 	 302.814349838 	 269.535047687 	 1 	 1 	 1 	 1 
50.5147		210 	 293.661872353 	 265.751218863 	 1 	 1 	 1 	 -1 
43.7478		240 	 264.35258683 	 266.54086998 	 0 	 1 	 1 	 0 
43.7478		300 	 286.361517745 	 269.110060221 	 1 	 1 	 1 	 -1 
50.5148		330 	 284.760294234 	 279.945933786 	 0 	 1 	 1 	 1 
66.8212		349.107 	 249.480193081 	 267.187090522 	 1 	 0 	 1 	 -1 
66.8212		10.8934 	 298.69176643 	 278.084256887 	 1 	 1 	 1 	 1 
75.7654		30 	 268.817189903 	 268.839506236 	 1 	 1 	 1 	 -1 
66.8212		49.1066 	 303.391195777 	 272.066608492 	 1 	 1 	 1 	 -1 
66.8212		70.8934 	 296.382337314 	 277.043073035 	 0 	 0 	 1 	 0 
75.7654		90 	 285.130443356 	 271.769233882 	 0 	 0 	 1 	 1 
66.8212		109.107 	 267.995847157 	 270.678614859 	 1 	 1 	 1 	 -1 
66.8212		130.893 	 247.694636153 	 273.737771797 	 1 	 1 	 1 	 0 
75.7654		150 	 249.631220129 	 270.823489564 	 0 	 1 	 1 	 0 
66.8212		169.107 	 263.27478657 	 274.668711988 	 1 	 1 	 1 	 1 
66.8212		190.893 	 252.383010895 	 273.971990629 	 1 	 0 	 1 	 0 
66.8212		229.107 	 267.567815235 	 262.258674843 	 0 	 1 	 1 	 1 
66.8212		250.893 	 237.358591571 	 277.025792206 	 1 	 0 	 1 	 0 
75.7654		270 	 241.309392444 	 277.878227855 	 1 	 1 	 1 	 -1 
66.8212		289.107 	 256.528072586 	 270.050292249 	 0 	 0 	 1 	 1 
66.8212		310.893 	 232.002315166 	 267.527576148 	 1 	 1 	 1 	 1 
75.7654		330 	 279.165224986 	 266.854452515 	 1 	 0 	 1 	 1 
91.0523		343.898 	 308.225074568 	 270.839029464 	 0 	 0 	 1 	 1 
87.4818		0 	 270.938822023 	 265.018090899 	 1 	 1 	 1 	 -1 
91.0523		16.1021 	 278.286248115 	 260.847175826 	 1 	 1 	 1 	 -1 
101.008		30 	 288.101891814 	 278.595826747 	 1 	 0 	 1 	 -1 
91.0523		43.8979 	 256.309406519 	 275.972418783 	 1 	 1 	 1 	 -1 
87.4818		60 	 260.41927347 	 271.413343588 	 1 	 1 	 1 	 1 
91.0523		76.1021 	 277.310870698 	 271.045018048 	 1 	 1 	 1 	 0 
91.0523		103.898 	 229.31301119 	 269.337806215 	 0 	 1 	 1 	 0 
87.4818		120 	 285.47468784 	 278.770042863 	 0 	 0 	 1 	 0 
91.0523		136.102 	 240.762741436 	 279.053681787 	 0 	 0 	 1 	 1 
91.0523		163.898 	 269.183164915 	 268.699320324 	 1 	 1 	 1 	 0 
87.4818		180 	 267.173961816 	 272.833546962 	 0 	 1 	 1 	 -1 
91.0523		196.102 	 304.923748564 	 266.675591908 	 0 	 1 	 1 	 0 
101.008		210 	 269.2817178 	 277.310128296 	 1 	 0 	 1 	 0 
91.0523		223.898 	 275.764205815 	 269.615060733 	 1 	 1 	 1 	 -1 
87.4818		240 	 276.935003061 	 269.433318574 	 1 	 0 	 1 	 0 
91.0523		256.102 	 244.619327935 	 274.776746191 	 1 	 1 	 1 	 -1 
101.008		270 	 270.824785448 	 261.041995575 	 1 	 1 	 1 	 -1 
91.0523		283.898 	 270.750361362 	 277.408818477 	 0 	 0 	 1 	 -1 
87.4817		300 	 255.26442172 	 273.819731849 	 0 	 1 	 1 	 1 
91.0523		316.102 	 275.891220239 	 273.187606795 	 0 	 0 	 1 	 0 
101.008		330 	 291.534729473 	 277.951998668 	 0 	 0 	 1 	 0 
115.709		340.893 	 267.324515976 	 273.098229935 	 0 	 0 	 1 	 0 
110.065		353.413 	 307.59032825 	 268.604396345 	 1 	 0 	 1 	 0 
110.065		6.58677 	 268.646873599 	 270.68027963 	 0 	 1 	 1 	 1 
115.709		19.1066 	 240.753983289 	 271.189634068 	 0 	 1 	 1 	 0 
126.24		30 	 235.162507078 	 268.178405147 	 1 	 1 	 1 	 -1 
115.709		40.8934 	 265.129726496 	 271.457873969 	 1 	 0 	 1 	 1 
110.065		53.4132 	 301.543547123 	 273.706491726 	 0 	 1 	 1 	 -1 
110.065		66.5868 	 251.768269727 	 272.934458349 	 1 	 1 	 1 	 1 
115.709		79.1066 	 277.21535807 	 272.295493413 	 1 	 0 	 1 	 1 
126.24		90 	 280.538894487 	 270.498173384 	 0 	 0 	 1 	 -1 
115.709		100.893 	 271.409640675 	 270.382563939 	 1 	 1 	 1 	 0 
110.065		113.413 	 259.682742763 	 277.844144434 	 0 	 0 	 1 	 -1 
110.065		126.587 	 260.291191786 	 271.016577433 	 1 	 0 	 1 	 -1 
115.709		139.107 	 262.098238039 	 267.911789806 	 1 	 0 	 1 	 0 
126.24		150 	 271.417469348 	 272.452895319 	 0 	 1 	 1 	 -1 
115.709		160.893 	 263.702157062 	 271.378961903 	 1 	 0 	 1 	 -1 
110.066		173.413 	 228.624375943 	 264.715724969 	 1 	 1 	 1 	 -1 
110.066		186.587 	 306.257633366 	 266.128318327 	 1 	 1 	 1 	 0 
115.709		199.107 	 303.631399767 	 270.755320074 	 1 	 1 	 1 	 1 
126.24		210 	 236.047359617 	 275.837658767 	 0 	 1 	 1 	 1 
115.709		220.893 	 227.752029243 	 272.329896491 	 0 	 0 	 1 	 -1 
110.065		233.413 	 272.0768862 	 263.601283232 	 1 	 1 	 1 	 -1 
110.065		246.587 	 303.355912121 	 274.854573335 	 1 	 0 	 1 	 -1 
115.709		259.107 	 288.68446464 	 273.269499188 	 1 	 0 	 1 	 0 
126.24		270 	 262.294007411 	 272.396897409 	 0 	 0 	 1 	 -1 
115.709		280.893 	 264.594666918 	 269.323340404 	 1 	 1 	 1 	 0 
110.065		293.413 	 299.224496548 	 277.483858809 	 0 	 0 	 1 	 -1 
110.065		306.587 	 243.338157537 	 272.262366382 	 1 	 1 	 1 	 0 
115.709		319.107 	 277.996088984 	 273.334210157 	 1 	 0 	 1 	 0 
126.24		330 	 289.895745102 	 271.364810337 	 0 	 1 	 1 	 1 
140.56		338.948 	 251.382231819 	 275.850964866 	 0 	 1 	 1 	 1 
133.593		349.107 	 240.240745488 	 278.059147974 	 1 	 1 	 1 	 -1 
131.188		0 	 318.223850285 	 272.028604098 	 0 	 1 	 1 	 -1 
133.593		10.8934 	 278.617337457 	 270.82926237 	 0 	 1 	 1 	 1 
140.56		21.0517 	 268.178399548 	 273.163661829 	 1 	 0 	 1 	 0 
151.459		30 	 277.575035098 	 275.404187883 	 0 	 0 	 1 	 0 
140.56		38.9483 	 276.161157192 	 280.70321919 	 1 	 0 	 1 	 1 
133.593		49.1066 	 299.052825345 	 271.952368057 	 1 	 1 	 1 	 0 
131.188		60 	 224.385162503 	 271.259837427 	 0 	 0 	 1 	 -1 
133.593		70.8934 	 285.247896535 	 274.424966773 	 0 	 1 	 1 	 -1 
140.56		81.0517 	 261.116743382 	 272.816621206 	 1 	 0 	 1 	 1 
151.459		90 	 309.644435493 	 266.375546029 	 1 	 1 	 1 	 -1 
140.56		98.9483 	 301.998646637 	 270.313282295 	 0 	 1 	 1 	 0 
133.593		109.107 	 253.766890939 	 265.9340748 	 1 	 0 	 1 	 -1 
131.188		120 	 290.641036284 	 268.697920933 	 1 	 1 	 1 	 1 
133.593		130.893 	 232.169418403 	 267.266879688 	 1 	 0 	 1 	 -1 
140.56		141.052 	 274.197811666 	 267.810358654 	 0 	 1 	 1 	 1 
151.459		150 	 291.088264987 	 278.699017481 	 0 	 1 	 1 	 -1 
140.56		158.948 	 277.232450204 	 269.528555823 	 1 	 1 	 1 	 0 
133.593		169.107 	 285.217822357 	 269.652454674 	 1 	 0 	 1 	 -1 
131.188		180 	 296.306525146 	 266.961435247 	 1 	 0 	 1 	 0 
133.593		190.893 	 241.975878789 	 262.559580022 	 1 	 1 	 1 	 0 
140.56		201.052 	 268.809546867 	 270.745087761 	 1 	 0 	 1 	 -1 
151.459		210 	 300.135939739 	 267.55019227 	 0 	 0 	 1 	 -1 
140.56		218.948 	 282.723097484 	 260.753030539 	 0 	 1 	 1 	 -1 
133.593		229.107 	 270.761018147 	 270.714224688 	 1 	 1 	 1 	 0 
131.188		240 	 289.96584322 	 268.299734178 	 0 	 0 	 1 	 1 
133.592		250.893 	 281.611140805 	 271.988336625 	 0 	 0 	 1 	 1 
140.56		261.052 	 252.491618544 	 273.766286039 	 1 	 0 	 1 	 0 
151.459		270 	 291.770886826 	 268.097120084 	 1 	 0 	 1 	 1 
140.56		278.948 	 240.425141284 	 264.954886444 	 1 	 1 	 1 	 0 
133.592		289.107 	 283.767898376 	 271.125503397 	 0 	 1 	 1 	 -1 
131.188		300 	 255.57044821 	 270.278570564 	 0 	 1 	 1 	 0 
133.593		310.893 	 283.489138606 	 269.987956268 	 0 	 1 	 1 	 0 
140.56		321.052 	 263.535696681 	 270.876421592 	 0 	 0 	 1 	 1 
151.459		330 	 275.41858932 	 272.159165302 	 1 	 1 	 1 	 -1 
165.51		337.589 	 255.3940792 	 275.452440278 	 1 	 1 	 1 	 -1 
157.635		346.102 	 269.181582034 	 270.050015169 	 1 	 0 	 1 	 -1 
153.545		355.285 	 250.336445953 	 278.906036895 	 0 	 0 	 1 	 0 
153.545		4.715 	 275.957902573 	 266.74074508 	 0 	 1 	 1 	 -1 
157.635		13.8979 	 296.700595778 	 271.05045322 	 1 	 0 	 1 	 -1 
165.51		22.4109 	 255.527046926 	 273.646393218 	 1 	 0 	 1 	 0 
176.661		30 	 297.857001955 	 271.287262132 	 0 	 0 	 1 	 0 
165.51		37.5891 	 307.274754661 	 268.618824315 	 0 	 1 	 1 	 -1 
157.635		46.1021 	 290.73091297 	 265.207598525 	 0 	 0 	 1 	 -1 
153.545		55.285 	 259.803935029 	 264.950132152 	 0 	 0 	 1 	 -1 
153.545		64.715 	 258.359331538 	 269.710798538 	 0 	 0 	 1 	 -1 
157.635		73.8979 	 272.794531397 	 271.697110131 	 0 	 0 	 1 	 0 
165.51		82.4109 	 266.63550204 	 271.037082605 	 0 	 0 	 1 	 0 
176.661		90 	 274.891177869 	 270.273209358 	 1 	 1 	 1 	 1 
165.51		97.5891 	 251.654026678 	 271.60233877 	 0 	 0 	 1 	 1 
157.635		106.102 	 283.746491733 	 275.478630318 	 1 	 0 	 1 	 0 
153.545		115.285 	 276.824905996 	 272.525943992 	 1 	 1 	 1 	 -1 
153.545		124.715 	 266.192726053 	 270.879104022 	 1 	 0 	 1 	 1 
157.635		133.898 	 273.275941133 	 270.757056968 	 0 	 0 	 1 	 -1 
165.51		142.411 	 268.921231566 	 267.195705527 	 0 	 0 	 1 	 -1 
176.661		150 	 228.386054943 	 273.805103889 	 1 	 0 	 1 	 -1 
165.509		157.589 	 234.451876291 	 267.054473142 	 1 	 0 	 1 	 0 
157.635		166.102 	 313.472437939 	 272.9317513 	 1 	 0 	 1 	 0 
153.546		175.285 	 304.667598733 	 268.959587506 	 0 	 1 	 1 	 0 
153.546		184.715 	 256.04978314 	 267.691250333 	 1 	 1 	 1 	 0 
157.635		193.898 	 246.307772337 	 268.293894672 	 1 	 0 	 1 	 1 
165.509		202.411 	 265.671103209 	 272.550673388 	 1 	 1 	 1 	 -1 
165.51		217.589 	 299.079889862 	 264.050402228 	 0 	 0 	 1 	 1 
157.635		226.102 	 236.732526149 	 266.888001934 	 0 	 1 	 1 	 0 
153.545		235.285 	 294.877511784 	 274.478612688 	 1 	 0 	 1 	 0 
153.545		244.715 	 291.275435527 	 267.137377226 	 0 	 0 	 1 	 -1 
157.635		253.898 	 300.988579096 	 274.762849407 	 1 	 0 	 1 	 -1 
165.51		262.411 	 228.472702975 	 265.701447925 	 1 	 0 	 1 	 -1 
176.661		270 	 291.270847539 	 267.803520305 	 1 	 0 	 1 	 1 
165.51		277.589 	 254.044904108 	 261.181632555 	 0 	 0 	 1 	 -1 
157.635		286.102 	 292.034989591 	 271.455481932 	 0 	 1 	 1 	 -1 
153.545		295.285 	 271.456731504 	 271.003511906 	 0 	 0 	 1 	 0 
153.545		304.715 	 233.706208118 	 270.865438892 	 1 	 1 	 1 	 -1 
157.635		313.898 	 260.771291406 	 276.08211005 	 0 	 0 	 1 	 0 
165.51		322.411 	 288.614052059 	 268.63783281 	 0 	 0 	 1 	 1 
176.661		330 	 228.500881352 	 276.164899836 	 1 	 1 	 1 	 -1 
190.511		336.587 	 264.97086159 	 264.970939727 	 1 	 0 	 1 	 -1 
181.979		343.898 	 264.258570617 	 267.649092164 	 1 	 1 	 1 	 -1 
176.661		351.787 	 255.20617162 	 268.393864422 	 0 	 1 	 1 	 -1 
174.852		0 	 299.37824496 	 272.827303521 	 0 	 1 	 1 	 -1 
176.661		8.21321 	 277.313699472 	 268.811088595 	 1 	 1 	 1 	 1 
181.979		16.1021 	 286.796535576 	 268.87493926 	 1 	 1 	 1 	 0 
190.511		23.4132 	 269.683163097 	 276.801159163 	 1 	 0 	 1 	 1 
201.845		30 	 297.329422964 	 270.469927988 	 1 	 1 	 1 	 1 
181.979		43.8979 	 283.142233704 	 268.304667794 	 0 	 1 	 1 	 0 
176.661		51.7868 	 274.797839895 	 269.420262021 	 0 	 0 	 1 	 0 
174.852		60 	 243.071923721 	 271.906544759 	 1 	 1 	 1 	 1 
176.661		68.2132 	 302.381984913 	 271.946389186 	 1 	 1 	 1 	 -1 
181.979		76.1021 	 270.785027096 	 271.237530367 	 0 	 0 	 1 	 1 
190.511		83.4132 	 263.80084411 	 271.054803459 	 0 	 0 	 1 	 1 
201.845		90 	 263.584034553 	 269.952075289 	 0 	 0 	 1 	 -1 
190.511		96.5868 	 290.080668006 	 265.467738973 	 1 	 0 	 1 	 1 
181.979		103.898 	 276.108068938 	 270.882166765 	 1 	 0 	 1 	 1 
176.661		111.787 	 264.422584336 	 268.924781405 	 1 	 1 	 1 	 1 
174.852		120 	 243.300653628 	 278.826001157 	 0 	 1 	 1 	 -1 
176.661		128.213 	 234.094525975 	 275.031063052 	 0 	 0 	 1 	 0 
181.979		136.102 	 247.851158734 	 267.778176835 	 1 	 0 	 1 	 1 
190.51		143.413 	 298.857954076 	 264.137726921 	 0 	 0 	 1 	 1 
201.845		150 	 246.041400961 	 264.523423707 	 0 	 1 	 1 	 1 
190.511		156.587 	 266.26467055 	 269.582363122 	 1 	 0 	 1 	 0 
181.979		163.898 	 270.40970364 	 271.305784027 	 0 	 1 	 1 	 1 
176.661		171.787 	 297.579944128 	 278.10757942 	 0 	 0 	 1 	 1 
174.852		180 	 308.668438426 	 272.001721065 	 1 	 1 	 1 	 -1 
176.661		188.213 	 290.057152145 	 262.480979236 	 0 	 1 	 1 	 -1 
181.979		196.102 	 284.464388454 	 274.777522941 	 0 	 1 	 1 	 1 
190.511		203.413 	 274.125318567 	 269.965471905 	 0 	 0 	 1 	 0 
201.845		210 	 268.543298733 	 272.961676122 	 0 	 1 	 1 	 -1 
190.51		216.587 	 279.860864448 	 277.433487625 	 1 	 0 	 1 	 0 
181.979		223.898 	 267.945951487 	 264.082696981 	 0 	 0 	 1 	 -1 
176.661		231.787 	 268.070235719 	 267.770627537 	 1 	 0 	 1 	 -1 
174.853		240 	 302.387173107 	 263.214561575 	 0 	 0 	 1 	 -1 
176.662		248.213 	 279.338064477 	 269.20094774 	 1 	 1 	 1 	 -1 
181.979		256.102 	 269.883290701 	 265.637454942 	 0 	 0 	 1 	 1 
190.511		263.413 	 248.483926814 	 267.702737833 	 0 	 0 	 1 	 1 
190.511		276.587 	 274.697452538 	 271.829791455 	 1 	 0 	 1 	 0 
181.979		283.898 	 279.173062436 	 266.46133575 	 1 	 1 	 1 	 -1 
176.662		291.787 	 275.168362111 	 272.466866522 	 1 	 1 	 1 	 -1 
174.853		300 	 266.26210854 	 270.688084238 	 1 	 0 	 1 	 1 
176.661		308.213 	 225.331163976 	 271.777509933 	 0 	 0 	 1 	 -1 
181.979		316.102 	 247.921438829 	 270.984716113 	 0 	 0 	 1 	 -1 
190.511		323.413 	 265.123925189 	 268.122711654 	 0 	 1 	 1 	 -1 
201.845		330 	 274.704011869 	 263.47403872 	 0 	 1 	 1 	 1 
215.536		335.818 	 249.808068244 	 261.021479269 	 1 	 0 	 1 	 0 
206.511		342.216 	 265.325171874 	 270.846762066 	 0 	 1 	 1 	 -1 
200.265		349.107 	 289.631339305 	 269.91358104 	 1 	 0 	 1 	 1 
197.068		356.329 	 305.632719582 	 277.462715768 	 0 	 0 	 1 	 1 
197.068		3.6705 	 224.462776312 	 270.762505396 	 0 	 0 	 1 	 0 
200.265		10.8934 	 260.555658325 	 264.187581448 	 0 	 1 	 1 	 0 
206.511		17.7836 	 296.957259111 	 265.347036386 	 0 	 0 	 1 	 0 
215.536		24.1825 	 286.067150351 	 266.195517986 	 0 	 1 	 1 	 0 
227.007		30 	 276.53737108 	 270.994222508 	 0 	 1 	 1 	 0 
215.536		35.8175 	 237.830241927 	 266.904181242 	 0 	 0 	 1 	 -1 
206.511		42.2164 	 274.299452471 	 270.500390052 	 1 	 1 	 1 	 1 
200.265		49.1066 	 266.301103138 	 265.907644103 	 0 	 0 	 1 	 1 
197.068		56.3295 	 297.758042538 	 269.594101206 	 1 	 1 	 1 	 -1 
197.068		63.6705 	 300.556139659 	 269.881194555 	 1 	 0 	 1 	 1 
200.265		70.8934 	 245.889210685 	 279.803315207 	 0 	 0 	 1 	 -1 
206.511		77.7836 	 265.652304433 	 265.361707572 	 1 	 0 	 1 	 1 
215.536		84.1825 	 259.72845157 	 270.374241272 	 1 	 0 	 1 	 -1 
227.007		90 	 288.628868299 	 269.650622378 	 0 	 1 	 1 	 1 
215.536		95.8175 	 255.184845187 	 264.813554376 	 0 	 1 	 1 	 -1 
206.511		102.216 	 242.936013892 	 269.960499623 	 1 	 1 	 1 	 0 
200.265		109.107 	 289.524930681 	 271.725150971 	 1 	 0 	 1 	 0 
197.068		116.33 	 271.592254412 	 278.950142931 	 0 	 0 	 1 	 1 
197.068		123.671 	 264.335821055 	 271.925611637 	 1 	 1 	 1 	 0 
200.265		130.893 	 267.599566522 	 272.463091261 	 0 	 1 	 1 	 0 
206.51		137.784 	 252.713708692 	 267.910614761 	 1 	 0 	 1 	 -1 
215.536		144.182 	 297.079464975 	 262.908158392 	 0 	 0 	 1 	 -1 
227.007		150 	 251.220211439 	 262.133576565 	 1 	 0 	 1 	 -1 
215.536		155.818 	 269.77412143 	 274.159704666 	 1 	 1 	 1 	 1 
206.511		162.216 	 306.069534147 	 274.141905157 	 0 	 1 	 1 	 1 
200.266		169.107 	 279.179645127 	 274.621160787 	 1 	 0 	 1 	 -1 
197.068		176.33 	 289.511535309 	 268.706748007 	 1 	 1 	 1 	 1 
197.068		183.671 	 285.095895423 	 271.708622592 	 1 	 0 	 1 	 0 
200.266		190.893 	 297.732298296 	 272.381974838 	 1 	 1 	 1 	 0 
206.511		197.784 	 252.914921339 	 263.59667022 	 0 	 0 	 1 	 -1 
215.536		204.182 	 291.764790069 	 270.416020353 	 1 	 0 	 1 	 0 
227.007		210 	 295.311116284 	 275.964342749 	 1 	 1 	 1 	 0 
215.536		215.818 	 283.584751228 	 270.365083205 	 1 	 0 	 1 	 -1 
206.51		222.216 	 266.64811131 	 261.579875953 	 0 	 0 	 1 	 -1 
200.265		229.107 	 268.281674394 	 270.743620952 	 1 	 1 	 1 	 -1 
197.068		236.329 	 292.408602808 	 264.606356023 	 0 	 0 	 1 	 0 
197.068		243.671 	 276.290574214 	 274.596397121 	 1 	 1 	 1 	 0 
200.265		250.893 	 266.779738745 	 277.110589074 	 1 	 1 	 1 	 -1 
206.51		257.784 	 266.420421553 	 270.057629162 	 0 	 1 	 1 	 0 
215.536		264.182 	 257.329873723 	 270.258283504 	 1 	 0 	 1 	 0 
227.007		270 	 272.241023177 	 270.838196291 	 1 	 1 	 1 	 0 
215.536		275.818 	 264.659110356 	 268.654497644 	 0 	 0 	 1 	 0 
206.51		282.216 	 276.018920075 	 262.880453949 	 0 	 1 	 1 	 -1 
200.265		289.107 	 278.635443289 	 274.489432377 	 1 	 1 	 1 	 1 
197.068		296.329 	 303.745243226 	 266.096896114 	 0 	 1 	 1 	 0 
197.068		303.67 	 313.115935609 	 273.808914973 	 1 	 1 	 1 	 1 
200.265		310.893 	 294.432304282 	 270.313719994 	 0 	 1 	 1 	 -1 
206.511		317.784 	 285.845428463 	 262.609064483 	 0 	 1 	 1 	 -1 
227.008		330 	 270.050555417 	 267.116116767 	 1 	 1 	 1 	 -1 
240.57		335.209 	 223.344162864 	 271.341394161 	 1 	 1 	 1 	 1 
231.161		340.893 	 299.503037591 	 273.579405505 	 0 	 1 	 1 	 1 
224.195		346.996 	 300.202450791 	 275.500059261 	 0 	 0 	 1 	 0 
219.909		353.413 	 289.768678763 	 278.017509852 	 1 	 0 	 1 	 1 
218.461		0 	 234.947552913 	 266.875480477 	 1 	 1 	 1 	 0 
219.909		6.58678 	 253.714808103 	 279.123332762 	 0 	 0 	 1 	 1 
224.195		13.0039 	 270.109621414 	 264.948256112 	 0 	 1 	 1 	 1 
231.161		19.1066 	 274.962423383 	 260.251887135 	 0 	 0 	 1 	 -1 
240.57		24.7913 	 270.003828531 	 270.65646939 	 1 	 1 	 1 	 0 
252.146		30 	 277.187505483 	 277.489114291 	 1 	 0 	 1 	 1 
240.57		35.2087 	 261.936844067 	 273.857623046 	 1 	 0 	 1 	 -1 
231.161		40.8934 	 257.786729667 	 273.304325656 	 0 	 0 	 1 	 0 
224.195		46.9961 	 259.27181204 	 267.745379425 	 1 	 0 	 1 	 0 
219.909		53.4132 	 262.849046699 	 262.273272725 	 0 	 0 	 1 	 -1 
218.461		60 	 317.369046309 	 271.630743207 	 1 	 0 	 1 	 1 
219.909		66.5868 	 267.476219367 	 264.141145106 	 1 	 1 	 1 	 1 
224.195		73.0039 	 300.628665283 	 269.630340448 	 1 	 1 	 1 	 1 
231.161		79.1066 	 272.017450146 	 275.387036282 	 1 	 0 	 1 	 1 
240.57		84.7913 	 266.061685743 	 266.415701701 	 0 	 1 	 1 	 1 
240.57		95.2087 	 270.628186235 	 270.666830893 	 1 	 0 	 1 	 0 
231.161		100.893 	 307.880113089 	 270.727207838 	 1 	 1 	 1 	 0 
224.195		106.996 	 270.27712407 	 274.116801513 	 0 	 0 	 1 	 -1 
219.909		113.413 	 273.061105561 	 268.38858662 	 1 	 1 	 1 	 0 
218.461		120 	 239.130753772 	 272.026904005 	 0 	 0 	 1 	 0 
219.909		126.587 	 257.043464511 	 270.124171038 	 0 	 0 	 1 	 0 
224.195		133.004 	 296.463029177 	 273.812072435 	 0 	 0 	 1 	 0 
231.161		139.107 	 265.069625232 	 271.719615287 	 0 	 1 	 1 	 -1 
252.146		150 	 257.373490424 	 266.864423178 	 1 	 0 	 1 	 -1 
240.57		155.209 	 315.525268299 	 271.776199336 	 0 	 1 	 1 	 -1 
231.16		160.893 	 235.378503704 	 275.877771951 	 1 	 0 	 1 	 0 
224.196		166.996 	 271.254236394 	 270.674778503 	 0 	 1 	 1 	 1 
219.909		173.413 	 288.324075505 	 261.421488443 	 0 	 1 	 1 	 0 
218.461		180 	 262.148727227 	 270.369529347 	 1 	 0 	 1 	 0 
219.909		186.587 	 291.65773115 	 262.869252108 	 0 	 0 	 1 	 0 
224.196		193.004 	 279.85416887 	 268.760345729 	 0 	 1 	 1 	 -1 
231.16		199.107 	 269.30917608 	 269.64133336 	 0 	 1 	 1 	 1 
240.57		204.791 	 252.345560013 	 272.875792677 	 1 	 0 	 1 	 0 
252.146		210 	 282.237813397 	 272.349310255 	 1 	 1 	 1 	 0 
240.57		215.209 	 243.898331738 	 278.231061198 	 1 	 1 	 1 	 0 
231.161		220.893 	 297.684913381 	 266.73299032 	 1 	 1 	 1 	 0 
224.196		226.996 	 267.091683065 	 273.558613742 	 1 	 0 	 1 	 0 
219.909		233.413 	 253.252657991 	 275.663192879 	 1 	 1 	 1 	 -1 
218.461		240 	 292.800240026 	 273.433641862 	 0 	 0 	 1 	 -1 
219.909		246.587 	 223.285994069 	 267.733479236 	 0 	 1 	 1 	 -1 
224.195		253.004 	 306.366962044 	 272.303571809 	 1 	 1 	 1 	 -1 
231.16		259.107 	 279.544074426 	 270.193019759 	 1 	 1 	 1 	 1 
240.57		264.791 	 263.43620627 	 275.680952889 	 1 	 0 	 1 	 -1 
252.146		270 	 223.275392005 	 270.888543315 	 1 	 0 	 1 	 -1 
240.57		275.209 	 264.709457027 	 270.059722249 	 0 	 1 	 1 	 0 
231.16		280.893 	 268.6906202 	 267.652359044 	 0 	 0 	 1 	 -1 
224.195		286.996 	 256.859626948 	 271.146035618 	 1 	 0 	 1 	 0 
219.909		293.413 	 300.936074684 	 273.125627149 	 0 	 1 	 1 	 1 
218.461		300 	 279.432745422 	 270.764234481 	 0 	 0 	 1 	 1 
219.909		306.587 	 296.125763331 	 269.055936163 	 1 	 1 	 1 	 0 
224.196		313.004 	 259.369817619 	 276.270291465 	 1 	 0 	 1 	 1 
231.161		319.107 	 285.469153331 	 267.956719149 	 0 	 1 	 1 	 -1 
240.57		324.791 	 271.454793307 	 270.631738707 	 0 	 1 	 1 	 1 
252.146		330 	 272.535854299 	 270.887492405 	 1 	 0 	 1 	 0 
265.601		334.715 	 272.240956473 	 271.566045885 	 1 	 1 	 1 	 1 
255.886		339.826 	 262.287447662 	 267.49386158 	 1 	 1 	 1 	 1 
248.348		345.295 	 287.068800841 	 262.047353832 	 0 	 1 	 1 	 -1 
243.191		351.052 	 265.895146068 	 260.788409719 	 1 	 1 	 1 	 -1 
240.57		356.996 	 308.178920616 	 264.617553595 	 0 	 1 	 1 	 -1 
240.57		3.00449 	 254.47749057 	 269.278840089 	 1 	 1 	 1 	 -1 
243.191		8.94827 	 275.158599977 	 270.532578691 	 1 	 0 	 1 	 0 
248.348		14.7047 	 274.109901686 	 268.609112496 	 1 	 0 	 1 	 -1 
255.886		20.1736 	 242.51794554 	 271.182372464 	 1 	 1 	 1 	 1 
265.601		25.285 	 287.128941596 	 265.829783533 	 0 	 1 	 1 	 1 
277.258		30 	 280.45508309 	 275.565453722 	 0 	 1 	 1 	 -1 
265.601		34.715 	 240.134932415 	 274.997123045 	 0 	 0 	 1 	 1 
255.887		39.8264 	 272.670846642 	 270.441702397 	 0 	 1 	 1 	 0 
248.348		45.2953 	 293.88761633 	 266.284704325 	 1 	 1 	 1 	 -1 
243.191		51.0517 	 263.090286506 	 271.756460099 	 1 	 1 	 1 	 1 
240.57		56.9955 	 301.906683691 	 272.032821091 	 1 	 1 	 1 	 -1 
240.57		63.0045 	 227.00486282 	 268.901824458 	 0 	 0 	 1 	 1 
243.191		68.9483 	 280.317450601 	 271.136663851 	 1 	 0 	 1 	 -1 
248.348		74.7047 	 261.477046639 	 271.601866177 	 1 	 1 	 1 	 1 
255.887		80.1736 	 281.257262151 	 273.763628156 	 1 	 0 	 1 	 1 
265.601		85.285 	 248.00588874 	 273.549736379 	 1 	 1 	 1 	 -1 
277.257		90 	 283.622486072 	 277.702734409 	 1 	 1 	 1 	 -1 
265.601		94.715 	 283.80729211 	 270.964168041 	 1 	 0 	 1 	 1 
255.887		99.8264 	 271.602048267 	 270.651930084 	 1 	 0 	 1 	 -1 
248.348		105.295 	 242.406840085 	 263.231929322 	 0 	 0 	 1 	 0 
243.191		111.052 	 313.009080412 	 268.338134896 	 0 	 0 	 1 	 1 
240.57		116.996 	 308.628807512 	 268.572950062 	 0 	 1 	 1 	 1 
240.57		123.005 	 316.79234504 	 268.245093733 	 0 	 1 	 1 	 0 
243.191		128.948 	 308.945775254 	 271.386318691 	 0 	 1 	 1 	 1 
248.348		134.705 	 253.289564259 	 270.165850718 	 1 	 1 	 1 	 -1 
255.887		140.174 	 284.635633705 	 269.306372012 	 1 	 1 	 1 	 -1 
265.6		145.285 	 233.403074086 	 268.706743134 	 1 	 1 	 1 	 0 
277.257		150 	 266.595340431 	 279.061007278 	 0 	 1 	 1 	 0 
265.601		154.715 	 264.403556713 	 277.15312448 	 0 	 1 	 1 	 1 
255.886		159.826 	 290.330186091 	 262.792334273 	 0 	 1 	 1 	 -1 
248.348		165.295 	 277.759266311 	 271.549188138 	 1 	 1 	 1 	 1 
243.191		171.052 	 260.889093832 	 280.613824647 	 0 	 1 	 1 	 0 
240.57		176.996 	 286.537681408 	 269.84768683 	 0 	 1 	 1 	 1 
240.57		183.005 	 275.287563564 	 271.374662326 	 0 	 0 	 1 	 -1 
243.191		188.948 	 301.880593721 	 271.571787048 	 0 	 1 	 1 	 0 
248.348		194.705 	 276.811822296 	 269.443990617 	 1 	 1 	 1 	 1 
255.886		200.174 	 275.177039757 	 272.401928719 	 0 	 0 	 1 	 -1 
265.601		205.285 	 271.277925564 	 270.643328951 	 0 	 1 	 1 	 -1 
277.258		210 	 274.761831668 	 269.607504506 	 0 	 0 	 1 	 0 
265.6		214.715 	 269.262929151 	 269.380934073 	 1 	 1 	 1 	 1 
255.887		219.826 	 290.727007763 	 278.016096145 	 0 	 0 	 1 	 0 
248.348		225.295 	 305.245280936 	 265.24654422 	 1 	 1 	 1 	 -1 
243.191		231.052 	 249.388815265 	 267.725880413 	 1 	 0 	 1 	 -1 
240.57		236.995 	 306.239451912 	 269.070832451 	 1 	 0 	 1 	 1 
240.57		243.004 	 240.499113942 	 277.335838892 	 1 	 1 	 1 	 -1 
243.19		248.948 	 288.586988562 	 267.008434179 	 0 	 1 	 1 	 -1 
248.348		254.705 	 275.805851484 	 271.820939272 	 1 	 1 	 1 	 0 
255.886		260.174 	 280.391431174 	 277.958043368 	 0 	 0 	 1 	 0 
265.601		265.285 	 271.805199239 	 272.882002318 	 1 	 0 	 1 	 0 
277.258		270 	 259.065086241 	 274.880347612 	 1 	 0 	 1 	 1 
265.601		274.715 	 269.271213623 	 271.462244305 	 1 	 1 	 1 	 1 
255.886		279.826 	 281.367008085 	 273.495916573 	 0 	 1 	 1 	 1 
248.348		285.295 	 292.99923978 	 262.631729619 	 0 	 0 	 1 	 -1 
243.19		291.052 	 273.569027729 	 270.474092948 	 0 	 1 	 1 	 0 
240.57		296.996 	 261.031976627 	 274.134238001 	 0 	 0 	 1 	 0 
240.57		303.004 	 289.269061757 	 272.80651673 	 1 	 1 	 1 	 1 
243.191		308.948 	 234.723050329 	 272.934373255 	 0 	 1 	 1 	 -1 
248.348		314.705 	 258.385877062 	 273.017078142 	 0 	 1 	 1 	 -1 
255.886		320.174 	 303.333240145 	 266.111790145 	 0 	 0 	 1 	 -1 
265.6		325.285 	 261.742032651 	 273.743438383 	 0 	 1 	 1 	 0 
277.258		330 	 268.532454823 	 270.685985641 	 1 	 0 	 1 	 0 
290.619		334.307 	 301.921690417 	 268.250156134 	 0 	 1 	 1 	 1 
280.659		338.948 	 298.463000342 	 278.005176871 	 0 	 0 	 1 	 0 
272.656		343.898 	 285.035231876 	 272.265336357 	 1 	 0 	 1 	 1 
266.79		349.107 	 255.632059314 	 269.650477241 	 1 	 1 	 1 	 0 
263.206		354.504 	 283.297735936 	 267.626751175 	 1 	 0 	 1 	 1 
262.001		0 	 256.143159875 	 276.351999735 	 1 	 1 	 1 	 -1 
263.206		5.49637 	 256.884382661 	 270.251696073 	 0 	 1 	 1 	 0 
266.79		10.8934 	 264.500400564 	 278.785778364 	 1 	 0 	 1 	 -1 
272.656		16.1021 	 292.574405926 	 274.818796338 	 0 	 0 	 1 	 1 
280.659		21.0517 	 259.253036735 	 264.016723896 	 1 	 1 	 1 	 1 
290.619		25.6934 	 226.614211865 	 270.263324945 	 0 	 0 	 1 	 0 
302.34		30 	 291.566591582 	 276.611732389 	 0 	 0 	 1 	 0 
290.619		34.3066 	 226.26245236 	 267.469573737 	 1 	 1 	 1 	 1 
280.659		38.9483 	 263.461556432 	 265.933903676 	 1 	 1 	 1 	 1 
272.656		43.8979 	 290.891330705 	 268.284720861 	 1 	 0 	 1 	 -1 
266.789		49.1066 	 252.888174879 	 265.506256676 	 0 	 0 	 1 	 1 
263.206		54.5036 	 261.97483609 	 262.489731443 	 0 	 0 	 1 	 0 
262.001		60 	 258.907473931 	 277.926204339 	 0 	 0 	 1 	 1 
263.206		65.4964 	 297.207212172 	 265.757612423 	 1 	 0 	 1 	 1 
266.79		70.8934 	 271.178494664 	 270.576703567 	 1 	 1 	 1 	 -1 
272.656		76.1021 	 254.81658277 	 279.691153167 	 0 	 1 	 1 	 -1 
280.659		81.0517 	 271.231530701 	 270.36717308 	 0 	 1 	 1 	 -1 
290.619		85.6934 	 239.734545797 	 269.503195794 	 0 	 1 	 1 	 -1 
302.34		90 	 286.445753201 	 273.380515987 	 0 	 1 	 1 	 1 
290.619		94.3066 	 284.530007678 	 261.104319153 	 1 	 0 	 1 	 0 
280.659		98.9483 	 283.249009472 	 270.357903657 	 0 	 1 	 1 	 1 
272.655		103.898 	 287.44219725 	 272.938348715 	 1 	 0 	 1 	 0 
266.79		109.107 	 274.366383725 	 271.084136433 	 0 	 0 	 1 	 1 
263.206		114.504 	 282.941300424 	 273.006322777 	 0 	 1 	 1 	 1 
262		120 	 261.914028002 	 279.058025607 	 0 	 1 	 1 	 1 
263.206		125.496 	 293.06219264 	 266.755283254 	 0 	 0 	 1 	 0 
266.79		130.893 	 241.239144432 	 277.820425572 	 0 	 1 	 1 	 -1 
272.655		136.102 	 263.621347728 	 263.056610399 	 0 	 0 	 1 	 0 
280.659		141.052 	 228.954277158 	 275.32285765 	 0 	 1 	 1 	 1 
290.619		145.693 	 240.618152406 	 278.344576718 	 1 	 0 	 1 	 1 
302.34		150 	 277.477495817 	 275.901627254 	 0 	 0 	 1 	 1 
290.619		154.307 	 276.921182571 	 270.995820435 	 0 	 1 	 1 	 -1 
280.659		158.948 	 307.170868525 	 267.742364525 	 0 	 0 	 1 	 -1 
272.656		163.898 	 291.420729023 	 278.436323778 	 1 	 0 	 1 	 -1 
266.789		169.107 	 275.388490948 	 271.840904322 	 0 	 1 	 1 	 0 
263.206		174.504 	 267.128617819 	 271.082362449 	 1 	 1 	 1 	 -1 
262.001		180 	 259.588666076 	 274.415125458 	 1 	 1 	 1 	 -1 
263.206		185.496 	 299.837927184 	 269.757637302 	 0 	 1 	 1 	 0 
266.789		190.893 	 260.200940181 	 273.38365503 	 1 	 1 	 1 	 0 
272.656		196.102 	 301.463326402 	 276.8129825 	 1 	 0 	 1 	 -1 
280.659		201.052 	 234.479684294 	 274.579609049 	 0 	 1 	 1 	 -1 
290.619		205.693 	 268.739809101 	 263.479169886 	 1 	 0 	 1 	 0 
302.34		210 	 265.828186228 	 273.538452658 	 0 	 0 	 1 	 1 
290.619		214.307 	 275.30045354 	 270.726567463 	 1 	 1 	 1 	 -1 
280.658		218.948 	 268.626692447 	 273.669918544 	 0 	 0 	 1 	 0 
272.656		223.898 	 234.212040941 	 263.728066283 	 1 	 1 	 1 	 0 
266.79		229.107 	 282.616635438 	 274.141341467 	 0 	 0 	 1 	 0 
263.206		234.504 	 241.168107108 	 278.950742918 	 0 	 1 	 1 	 1 
262		240 	 299.751631854 	 273.35197731 	 0 	 0 	 1 	 -1 
263.206		245.496 	 293.024620948 	 278.44464709 	 1 	 1 	 1 	 -1 
266.789		250.893 	 287.70250144 	 274.979136846 	 1 	 1 	 1 	 -1 
272.656		256.102 	 308.938601056 	 265.434035144 	 0 	 0 	 1 	 1 
280.659		261.052 	 275.562169984 	 271.423616505 	 1 	 1 	 1 	 0 
290.62		265.693 	 271.607901033 	 278.282041652 	 1 	 0 	 1 	 -1 
302.34		270 	 271.817732629 	 270.36954963 	 0 	 0 	 1 	 0 
290.62		274.307 	 274.273389305 	 270.654371051 	 0 	 1 	 1 	 1 
280.659		278.948 	 261.981998926 	 272.222674158 	 0 	 1 	 1 	 0 
272.656		283.898 	 265.934870625 	 261.057282901 	 0 	 0 	 1 	 1 
266.789		289.107 	 273.221835258 	 270.905479766 	 0 	 1 	 1 	 1 
263.206		294.504 	 271.24430699 	 277.602092865 	 1 	 1 	 1 	 1 
262		300 	 294.151530012 	 273.029216934 	 0 	 0 	 1 	 1 
263.206		305.496 	 316.657778664 	 270.185102792 	 1 	 0 	 1 	 -1 
266.79		310.893 	 239.495557606 	 277.097547641 	 1 	 1 	 1 	 1 
272.656		316.102 	 304.743595694 	 267.576990792 	 1 	 0 	 1 	 -1 
280.659		321.052 	 270.246110983 	 265.366881989 	 0 	 0 	 1 	 -1 
290.619		325.693 	 262.450020542 	 272.442369541 	 1 	 1 	 1 	 -1 
302.34		330 	 276.679278647 	 270.002062098 	 1 	 1 	 1 	 -1 
315.62		333.963 	 269.15411306 	 270.569920462 	 1 	 0 	 1 	 1 
305.457		338.213 	 249.68077864 	 267.283212965 	 0 	 1 	 1 	 1 
297.071		342.731 	 269.385518427 	 269.21704177 	 1 	 1 	 1 	 -1 
290.619		347.48 	 255.824687423 	 266.56824027 	 0 	 1 	 1 	 1 
286.236		352.411 	 255.014438159 	 280.606564043 	 0 	 1 	 1 	 0 
284.018		357.457 	 319.712310961 	 269.930272639 	 0 	 1 	 1 	 0 
284.018		2.54292 	 267.631406032 	 268.670487307 	 1 	 1 	 1 	 0 
286.236		7.58909 	 276.097471997 	 270.428253846 	 0 	 1 	 1 	 0 
290.619		12.5198 	 301.205146807 	 268.343985384 	 0 	 0 	 1 	 1 
297.071		17.2695 	 276.145036962 	 270.277972696 	 1 	 0 	 1 	 1 
305.457		21.7868 	 233.436399333 	 272.119480748 	 0 	 0 	 1 	 1 
315.62		26.0368 	 285.342981316 	 269.782152842 	 0 	 0 	 1 	 1 
327.39		30 	 277.988744812 	 271.292439931 	 0 	 1 	 1 	 0 
305.457		38.2132 	 270.814693446 	 272.829576245 	 1 	 1 	 1 	 0 
297.071		42.7305 	 307.873982061 	 265.687736511 	 1 	 1 	 1 	 -1 
290.619		47.4802 	 267.454803097 	 266.945383055 	 0 	 0 	 1 	 0 
286.236		52.4109 	 270.234081178 	 270.482368745 	 1 	 0 	 1 	 0 
284.018		57.4571 	 270.949494924 	 263.866854195 	 0 	 1 	 1 	 -1 
284.018		62.5429 	 269.809772058 	 271.511854511 	 0 	 0 	 1 	 1 
286.236		67.5891 	 273.094294193 	 270.990233459 	 1 	 1 	 1 	 -1 
290.619		72.5198 	 253.299430318 	 276.58902258 	 0 	 1 	 1 	 -1 
297.071		77.2695 	 272.726098683 	 271.342089483 	 0 	 0 	 1 	 -1 
305.457		81.7868 	 260.815336036 	 276.572279783 	 0 	 1 	 1 	 0 
315.62		86.0368 	 225.264699522 	 274.298552084 	 1 	 0 	 1 	 -1 
327.39		90 	 265.942688015 	 269.94568107 	 0 	 1 	 1 	 0 
315.62		93.9632 	 269.298642145 	 280.521915857 	 1 	 1 	 1 	 -1 
305.457		98.2132 	 288.355583495 	 262.86360498 	 1 	 0 	 1 	 0 
297.071		102.731 	 292.27474789 	 272.692629914 	 0 	 0 	 1 	 -1 
290.619		107.48 	 266.899774223 	 273.80870451 	 0 	 1 	 1 	 1 
286.236		112.411 	 294.470055731 	 278.223322742 	 1 	 1 	 1 	 0 
284.018		117.457 	 259.385683912 	 280.655124248 	 0 	 1 	 1 	 -1 
284.018		122.543 	 251.979746333 	 265.198164255 	 0 	 1 	 1 	 0 
286.236		127.589 	 229.934667786 	 270.680227937 	 0 	 0 	 1 	 0 
290.62		132.52 	 258.476110164 	 273.089204701 	 1 	 1 	 1 	 -1 
297.071		137.269 	 249.97946016 	 263.615414608 	 1 	 0 	 1 	 1 
305.457		141.787 	 253.839726256 	 269.93846127 	 0 	 0 	 1 	 1 
315.62		146.037 	 297.059926362 	 264.627434025 	 0 	 0 	 1 	 1 
327.39		150 	 255.138043511 	 270.415264747 	 0 	 1 	 1 	 0 
315.619		153.963 	 280.615181854 	 272.470594394 	 0 	 0 	 1 	 1 
305.457		158.213 	 271.035974441 	 270.63605544 	 0 	 1 	 1 	 -1 
297.071		162.731 	 283.029741945 	 270.715310231 	 1 	 1 	 1 	 -1 
290.62		167.48 	 264.426499969 	 275.646141185 	 0 	 0 	 1 	 0 
286.236		172.411 	 242.615174358 	 270.073555854 	 1 	 1 	 1 	 0 
284.019		177.457 	 288.22206333 	 279.583555112 	 0 	 0 	 1 	 1 
284.019		182.543 	 276.3798585 	 269.385510692 	 0 	 0 	 1 	 -1 
286.236		187.589 	 274.257495104 	 269.447721503 	 0 	 1 	 1 	 1 
290.62		192.52 	 240.981106428 	 273.638417244 	 0 	 1 	 1 	 1 
297.071		197.269 	 267.026266561 	 277.072382103 	 1 	 1 	 1 	 0 
305.457		201.787 	 254.922701305 	 260.464072283 	 0 	 1 	 1 	 -1 
315.62		206.037 	 270.413581621 	 271.026282385 	 1 	 0 	 1 	 -1 
327.39		210 	 225.998146821 	 269.826709861 	 1 	 0 	 1 	 1 
315.62		213.963 	 280.124455911 	 271.386086174 	 1 	 1 	 1 	 0 
305.457		218.213 	 261.139291883 	 270.790314493 	 1 	 1 	 1 	 0 
297.071		222.731 	 261.927884601 	 265.536143844 	 0 	 1 	 1 	 0 
290.619		227.48 	 286.197769414 	 276.410451758 	 1 	 1 	 1 	 -1 
286.236		232.411 	 277.562351193 	 270.328035023 	 1 	 0 	 1 	 -1 
284.018		237.457 	 271.178309756 	 270.670326214 	 0 	 1 	 1 	 1 
284.019		242.543 	 284.273241725 	 273.730415004 	 0 	 1 	 1 	 -1 
286.236		247.589 	 270.386119003 	 270.520871957 	 1 	 1 	 1 	 -1 
290.62		252.52 	 317.263879201 	 273.699764812 	 0 	 1 	 1 	 0 
297.071		257.269 	 309.928220576 	 269.44633709 	 0 	 0 	 1 	 0 
305.457		261.787 	 258.76878562 	 268.790074665 	 1 	 1 	 1 	 -1 
315.62		266.037 	 255.0599785 	 261.090897479 	 0 	 0 	 1 	 -1 
327.39		270 	 275.897810685 	 273.069732755 	 1 	 1 	 1 	 -1 
315.62		273.963 	 274.893885128 	 268.722349309 	 1 	 0 	 1 	 0 
305.457		278.213 	 261.744814179 	 271.245480941 	 0 	 0 	 1 	 1 
297.071		282.731 	 296.438454305 	 268.379920366 	 1 	 1 	 1 	 1 
290.62		287.48 	 260.804149486 	 267.426233355 	 1 	 0 	 1 	 1 
286.236		292.411 	 271.177708269 	 273.710321334 	 0 	 0 	 1 	 0 
284.019		297.457 	 281.502665629 	 265.424576203 	 0 	 1 	 1 	 -1 
284.018		302.543 	 264.729388496 	 277.414241005 	 1 	 0 	 1 	 -1 
286.236		307.589 	 293.987742364 	 270.930663502 	 0 	 0 	 1 	 -1 
290.619		312.52 	 268.470381754 	 271.967114459 	 1 	 1 	 1 	 0 
297.071		317.269 	 226.352677999 	 269.284398291 	 0 	 1 	 1 	 0 
305.457		321.787 	 266.364441774 	 263.506818715 	 0 	 1 	 1 	 1 
327.39		330 	 283.477530298 	 276.507629204 	 0 	 0 	 1 	 -1 
340.597		333.67 	 316.229252253 	 273.183355106 	 0 	 1 	 1 	 0 
330.266		337.589 	 279.294459468 	 267.522046504 	 1 	 0 	 1 	 0 
321.56		341.742 	 284.162023732 	 266.121569965 	 1 	 0 	 1 	 1 
314.619		346.102 	 271.235762402 	 275.135406973 	 1 	 0 	 1 	 0 
309.563		350.633 	 274.647593688 	 270.317368192 	 0 	 0 	 1 	 0 
306.489		355.285 	 288.455160652 	 268.431081149 	 1 	 0 	 1 	 1 
305.457		0 	 294.74927157 	 266.55768965 	 0 	 1 	 1 	 -1 
306.489		4.715 	 315.665856988 	 267.071487961 	 0 	 1 	 1 	 0 
309.563		9.367 	 297.802210279 	 270.314727122 	 1 	 1 	 1 	 1 
314.619		13.8979 	 269.933278306 	 269.112239415 	 0 	 0 	 1 	 1 
321.56		18.2585 	 289.309792514 	 269.962335646 	 1 	 0 	 1 	 -1 
330.266		22.4109 	 259.734850186 	 271.726659751 	 0 	 0 	 1 	 1 
340.597		26.3295 	 262.641737257 	 272.323014044 	 1 	 1 	 1 	 -1 
352.406		30 	 313.655259516 	 270.605874048 	 0 	 1 	 1 	 0 
340.597		33.6705 	 274.755903215 	 269.74111783 	 0 	 0 	 1 	 -1 
330.266		37.5891 	 237.187978039 	 267.665337222 	 1 	 1 	 1 	 0 
321.56		41.7415 	 310.609762275 	 275.847005529 	 0 	 1 	 1 	 1 
314.619		46.1021 	 270.704756461 	 270.563146213 	 1 	 0 	 1 	 1 
309.563		50.633 	 252.809967634 	 270.171556254 	 0 	 1 	 1 	 -1 
306.489		55.285 	 234.538779737 	 269.089779546 	 1 	 0 	 1 	 -1 
305.457		60 	 276.812924744 	 269.101330516 	 1 	 1 	 1 	 0 
306.489		64.715 	 269.536075976 	 267.078372846 	 0 	 1 	 1 	 1 
309.563		69.367 	 286.086095275 	 275.647574377 	 0 	 1 	 1 	 -1 
314.619		73.8979 	 240.889191727 	 262.791671541 	 1 	 0 	 1 	 0 
321.56		78.2585 	 252.720003763 	 266.878380524 	 0 	 0 	 1 	 1 
330.266		82.4109 	 233.582912637 	 274.988199539 	 1 	 1 	 1 	 0 
340.597		86.3295 	 268.797742122 	 265.89093268 	 0 	 1 	 1 	 -1 
352.406		90 	 271.472968679 	 271.488413737 	 0 	 0 	 1 	 0 
340.597		93.6705 	 280.837895793 	 272.74278961 	 0 	 1 	 1 	 1 
330.266		97.5891 	 270.594201648 	 270.943309898 	 1 	 0 	 1 	 1 
321.56		101.742 	 256.544311535 	 266.823721199 	 0 	 1 	 1 	 1 
314.619		106.102 	 254.496794844 	 268.490277354 	 1 	 0 	 1 	 -1 
309.563		110.633 	 271.23076962 	 270.109892427 	 0 	 1 	 1 	 1 
306.489		115.285 	 258.284270919 	 269.682468259 	 1 	 1 	 1 	 0 
305.457		120 	 249.208589524 	 263.444335633 	 0 	 0 	 1 	 1 
306.489		124.715 	 282.905600264 	 269.422199096 	 0 	 1 	 1 	 1 
309.563		129.367 	 261.808244755 	 276.65686507 	 1 	 1 	 1 	 0 
314.619		133.898 	 314.350324238 	 270.015416382 	 0 	 0 	 1 	 -1 
321.56		138.258 	 273.312846934 	 270.268029606 	 1 	 1 	 1 	 1 
330.266		142.411 	 292.373367805 	 262.344156315 	 0 	 0 	 1 	 1 
340.597		146.329 	 292.810590537 	 273.039697076 	 1 	 0 	 1 	 1 
352.406		150 	 245.932298814 	 268.053469108 	 1 	 1 	 1 	 1 
340.597		153.671 	 263.338561446 	 275.949042195 	 1 	 0 	 1 	 0 
330.266		157.589 	 269.03596585 	 270.306500261 	 0 	 1 	 1 	 -1 
321.561		161.742 	 253.203392281 	 270.498840177 	 1 	 0 	 1 	 0 
314.618		166.102 	 304.5745245 	 268.543153052 	 0 	 1 	 1 	 1 
309.563		170.633 	 274.814293456 	 275.650026827 	 0 	 0 	 1 	 1 
306.488		175.285 	 309.820881325 	 275.666721372 	 0 	 0 	 1 	 0 
305.457		180 	 266.621994432 	 271.268674304 	 1 	 1 	 1 	 0 
306.488		184.715 	 266.791668305 	 261.472427251 	 1 	 1 	 1 	 0 
309.563		189.367 	 254.68957254 	 271.675420125 	 1 	 0 	 1 	 -1 
314.618		193.898 	 308.190541555 	 270.035771812 	 1 	 1 	 1 	 -1 
321.561		198.258 	 318.848526561 	 272.963717482 	 0 	 1 	 1 	 0 
330.266		202.411 	 265.193883163 	 275.150449841 	 1 	 0 	 1 	 1 
340.597		206.329 	 249.378787575 	 265.179593647 	 1 	 1 	 1 	 0 
352.406		210 	 271.678427214 	 270.704096721 	 1 	 1 	 1 	 1 
330.266		217.589 	 297.756553701 	 274.394717994 	 1 	 1 	 1 	 1 
321.56		221.742 	 278.790581269 	 262.176096545 	 1 	 0 	 1 	 -1 
314.619		226.102 	 302.737799703 	 268.324362228 	 1 	 1 	 1 	 0 
309.563		230.633 	 274.970728965 	 272.417110005 	 0 	 1 	 1 	 -1 
306.489		235.285 	 276.540728354 	 266.713512484 	 0 	 0 	 1 	 1 
305.456		240 	 298.652241013 	 276.640874653 	 0 	 1 	 1 	 0 
306.488		244.715 	 275.357680239 	 271.284516965 	 0 	 0 	 1 	 1 
309.563		249.367 	 267.904984545 	 262.901757625 	 1 	 0 	 1 	 1 
314.619		253.898 	 260.234747052 	 271.977545974 	 0 	 0 	 1 	 0 
321.56		258.258 	 267.645843618 	 270.386276397 	 1 	 1 	 1 	 0 
330.266		262.411 	 309.82845089 	 273.691756938 	 0 	 0 	 1 	 1 
340.597		266.33 	 276.939111327 	 278.406135974 	 1 	 1 	 1 	 1 
340.597		273.671 	 303.913997193 	 275.122552461 	 0 	 1 	 1 	 -1 
330.266		277.589 	 247.300428124 	 274.805602381 	 0 	 1 	 1 	 0 
321.56		281.742 	 272.924814821 	 272.927961693 	 1 	 0 	 1 	 1 
314.619		286.102 	 222.971351688 	 269.004675349 	 1 	 1 	 1 	 -1 
309.563		290.633 	 261.469268761 	 269.447391691 	 1 	 0 	 1 	 0 
306.488		295.285 	 258.501889812 	 270.336650238 	 1 	 1 	 1 	 -1 
305.457		300 	 305.945936244 	 277.651431876 	 1 	 1 	 1 	 1 
306.489		304.715 	 270.73386454 	 269.310529399 	 1 	 1 	 1 	 -1 
309.563		309.367 	 272.200766848 	 270.905416175 	 1 	 1 	 1 	 0 
314.619		313.898 	 277.234862978 	 270.5011793 	 0 	 0 	 1 	 1 
321.56		318.258 	 271.147641048 	 270.683780311 	 1 	 0 	 1 	 1 
330.266		322.411 	 233.506916782 	 275.457869293 	 0 	 1 	 1 	 0 
340.597		326.33 	 276.934276126 	 274.787955836 	 1 	 1 	 1 	 -1 
352.406		330 	 313.155114222 	 268.030155462 	 1 	 0 	 1 	 0 
365.546		333.418 	 265.556986849 	 269.632193606 	 1 	 1 	 1 	 1 
355.074		337.053 	 275.820538802 	 271.91395982 	 0 	 0 	 1 	 0 
346.099		340.893 	 297.930137273 	 270.059324466 	 1 	 0 	 1 	 1 
338.742		344.921 	 263.424287434 	 265.997434719 	 0 	 1 	 1 	 1 
333.116		349.107 	 229.358855728 	 265.077282449 	 1 	 0 	 1 	 1 
329.31		353.413 	 260.171497319 	 278.246411945 	 0 	 1 	 1 	 1 
327.39		357.796 	 225.58365931 	 270.471589457 	 0 	 0 	 1 	 0 
327.39		2.20423 	 318.215278882 	 268.322728357 	 1 	 1 	 1 	 -1 
329.31		6.58678 	 268.061988534 	 272.671469809 	 1 	 0 	 1 	 0 
333.116		10.8934 	 292.751631627 	 261.718512046 	 1 	 1 	 1 	 1 
338.742		15.0791 	 254.972746864 	 276.99028368 	 0 	 1 	 1 	 0 
346.099		19.1066 	 278.544850992 	 275.876257358 	 1 	 0 	 1 	 -1 
355.074		22.9473 	 257.527880272 	 279.73561398 	 0 	 0 	 1 	 1 
365.546		26.582 	 285.513685878 	 273.95241625 	 0 	 0 	 1 	 1 
377.385		30 	 266.595862153 	 268.195531117 	 1 	 0 	 1 	 -1 
365.546		33.418 	 235.402674411 	 263.005248608 	 1 	 1 	 1 	 0 
355.074		37.0527 	 290.614114405 	 266.751126236 	 0 	 0 	 1 	 0 
346.099		40.8934 	 280.588393193 	 277.532596658 	 1 	 0 	 1 	 0 
338.743		44.9209 	 250.734107768 	 264.212356914 	 0 	 0 	 1 	 -1 
333.116		49.1066 	 296.243895677 	 274.565276364 	 1 	 0 	 1 	 0 
329.31		53.4132 	 303.257392907 	 273.966744118 	 1 	 0 	 1 	 -1 
327.39		57.7958 	 254.593495052 	 279.959801029 	 1 	 1 	 1 	 -1 
327.39		62.2042 	 279.586876819 	 261.650266396 	 1 	 0 	 1 	 0 
329.31		66.5868 	 290.332084286 	 272.396992339 	 1 	 0 	 1 	 0 
333.116		70.8934 	 266.843024889 	 274.209895333 	 1 	 0 	 1 	 -1 
338.742		75.0791 	 288.260743125 	 275.522037946 	 1 	 1 	 1 	 1 
346.099		79.1066 	 272.151297993 	 270.647959336 	 1 	 1 	 1 	 -1 
355.074		82.9473 	 250.823240604 	 270.947978615 	 0 	 0 	 1 	 0 
