25.2587		30 	 264.323136439 	 168.653560117 	 1 	 0 	 1 	 0 
25.2587		90 	 308.46980363 	 167.251641178 	 1 	 1 	 1 	 -1 
25.2587		150 	 273.644866543 	 162.475308696 	 1 	 0 	 1 	 -1 
25.2587		210 	 310.329484592 	 166.19792906 	 0 	 1 	 1 	 -1 
25.2587		270 	 416.245908241 	 164.874434243 	 0 	 1 	 1 	 -1 
43.7478		0 	 294.214167 	 172.76462354 	 0 	 1 	 1 	 0 
50.5147		30 	 304.329650306 	 167.970630275 	 0 	 1 	 1 	 -1 
43.7478		60 	 293.131523192 	 159.430183348 	 1 	 0 	 1 	 0 
50.5147		90 	 282.901806039 	 179.02932538 	 1 	 1 	 1 	 1 
43.7478		120 	 321.111317395 	 169.799140561 	 0 	 1 	 1 	 0 
50.5147		150 	 383.260074705 	 161.144070432 	 0 	 0 	 1 	 1 
43.7478		180 	 305.785579405 	 162.229324574 	 0 	 1 	 1 	 -1 
50.5147		210 	 258.520985764 	 159.710266294 	 0 	 0 	 1 	 0 
43.7478		240 	 311.671176193 	 166.87985549 	 0 	 0 	 1 	 -1 
43.7478		300 	 315.296713555 	 172.302136014 	 1 	 0 	 1 	 -1 
50.5148		330 	 358.296420956 	 158.437894548 	 1 	 1 	 1 	 -1 
66.8212		349.107 	 302.942452234 	 168.172868671 	 0 	 0 	 1 	 1 
66.8212		10.8934 	 312.411782479 	 169.694831519 	 0 	 0 	 1 	 -1 
75.7654		30 	 251.487583192 	 165.67332399 	 0 	 0 	 1 	 -1 
66.8212		49.1066 	 304.310686454 	 166.635108222 	 1 	 0 	 1 	 1 
66.8212		70.8934 	 306.635594224 	 167.240884275 	 0 	 0 	 1 	 1 
75.7654		90 	 295.98111891 	 161.108771438 	 0 	 1 	 1 	 0 
66.8212		109.107 	 290.76749538 	 174.430063724 	 0 	 1 	 1 	 1 
66.8212		130.893 	 267.135771345 	 163.664718134 	 1 	 1 	 1 	 -1 
75.7654		150 	 310.987564291 	 167.256486848 	 1 	 1 	 1 	 -1 
66.8212		169.107 	 316.155497691 	 162.172407496 	 0 	 1 	 1 	 1 
66.8212		190.893 	 293.091845357 	 156.327142607 	 1 	 0 	 1 	 -1 
66.8212		229.107 	 324.03664252 	 170.315552482 	 0 	 1 	 1 	 0 
66.8212		250.893 	 353.679831411 	 174.93747152 	 1 	 0 	 1 	 1 
75.7654		270 	 342.598044625 	 166.674217429 	 0 	 1 	 1 	 0 
66.8212		289.107 	 318.074097685 	 168.280523795 	 0 	 1 	 1 	 1 
66.8212		310.893 	 284.502361429 	 171.035305038 	 0 	 1 	 1 	 1 
75.7654		330 	 281.447189248 	 162.990646566 	 0 	 1 	 1 	 1 
91.0523		343.898 	 283.525799861 	 156.452362246 	 0 	 0 	 1 	 1 
87.4818		0 	 288.338646219 	 161.231825118 	 1 	 0 	 1 	 1 
91.0523		16.1021 	 276.484333447 	 172.025549302 	 0 	 1 	 1 	 -1 
101.008		30 	 309.895237001 	 167.107813771 	 0 	 1 	 1 	 -1 
91.0523		43.8979 	 299.514282983 	 169.258314755 	 0 	 0 	 1 	 1 
87.4818		60 	 270.657997433 	 159.113085273 	 1 	 0 	 1 	 0 
91.0523		76.1021 	 302.035622201 	 164.531447433 	 1 	 0 	 1 	 1 
91.0523		103.898 	 312.124118369 	 167.968210614 	 0 	 0 	 1 	 1 
87.4818		120 	 376.797781149 	 164.126258673 	 1 	 0 	 1 	 1 
91.0523		136.102 	 322.284089635 	 165.74915762 	 1 	 1 	 1 	 0 
91.0523		163.898 	 353.183200314 	 176.901369002 	 1 	 1 	 1 	 0 
87.4818		180 	 330.561471427 	 169.401500904 	 1 	 0 	 1 	 0 
91.0523		196.102 	 325.696052689 	 162.637778475 	 0 	 0 	 1 	 -1 
101.008		210 	 351.258893571 	 183.00149797 	 0 	 0 	 1 	 -1 
91.0523		223.898 	 319.412557139 	 162.652036626 	 1 	 1 	 1 	 1 
87.4818		240 	 297.240732127 	 164.850558374 	 1 	 1 	 1 	 0 
91.0523		256.102 	 297.563216558 	 159.699733316 	 0 	 0 	 1 	 -1 
101.008		270 	 339.664509082 	 168.467548408 	 1 	 1 	 1 	 1 
91.0523		283.898 	 335.966973713 	 172.919329081 	 0 	 1 	 1 	 1 
87.4817		300 	 300.866368668 	 163.744027902 	 1 	 1 	 1 	 -1 
91.0523		316.102 	 271.901261007 	 166.408416245 	 0 	 0 	 1 	 0 
101.008		330 	 334.590651817 	 148.191244769 	 1 	 0 	 1 	 -1 
115.709		340.893 	 310.603550824 	 164.784881338 	 1 	 0 	 1 	 0 
110.065		353.413 	 389.346292001 	 173.930395012 	 1 	 1 	 1 	 0 
110.065		6.58677 	 314.780541871 	 166.256380127 	 1 	 1 	 1 	 -1 
115.709		19.1066 	 267.338582651 	 167.543515387 	 0 	 0 	 1 	 -1 
126.24		30 	 313.031712827 	 171.317574407 	 1 	 0 	 1 	 -1 
115.709		40.8934 	 259.880919275 	 155.924147746 	 0 	 0 	 1 	 0 
110.065		53.4132 	 285.549179839 	 163.288280557 	 1 	 1 	 1 	 0 
110.065		66.5868 	 312.282564336 	 168.267928698 	 1 	 1 	 1 	 1 
115.709		79.1066 	 242.072381915 	 156.773711561 	 0 	 0 	 1 	 -1 
126.24		90 	 319.638834892 	 166.545094023 	 0 	 1 	 1 	 -1 
115.709		100.893 	 363.621321454 	 161.806477003 	 0 	 0 	 1 	 1 
110.065		113.413 	 278.304986921 	 162.249577804 	 1 	 1 	 1 	 1 
110.065		126.587 	 292.301992816 	 166.127303919 	 0 	 1 	 1 	 0 
115.709		139.107 	 334.442983238 	 177.642188687 	 0 	 0 	 1 	 0 
126.24		150 	 330.125382236 	 167.083973246 	 1 	 1 	 1 	 0 
115.709		160.893 	 341.983174965 	 170.537180388 	 0 	 1 	 1 	 0 
110.066		173.413 	 361.00697406 	 158.139388282 	 0 	 1 	 1 	 -1 
110.066		186.587 	 294.125064549 	 182.614626933 	 1 	 1 	 1 	 1 
115.709		199.107 	 309.166990826 	 170.737549152 	 1 	 0 	 1 	 1 
126.24		210 	 307.666325117 	 165.416690071 	 0 	 0 	 1 	 0 
115.709		220.893 	 320.78424487 	 180.372669553 	 0 	 1 	 1 	 -1 
110.065		233.413 	 315.233431578 	 167.746775398 	 0 	 1 	 1 	 1 
110.065		246.587 	 355.584084788 	 167.489298985 	 1 	 0 	 1 	 -1 
115.709		259.107 	 315.772609698 	 171.931647905 	 0 	 1 	 1 	 0 
126.24		270 	 310.53497288 	 166.494702757 	 1 	 1 	 1 	 -1 
115.709		280.893 	 285.197638964 	 166.209983377 	 1 	 0 	 1 	 -1 
110.065		293.413 	 273.634463541 	 181.517648207 	 0 	 0 	 1 	 0 
110.065		306.587 	 289.912262807 	 166.475730667 	 1 	 0 	 1 	 -1 
115.709		319.107 	 260.285097194 	 170.697455163 	 1 	 0 	 1 	 1 
126.24		330 	 350.301033723 	 165.400015914 	 1 	 0 	 1 	 -1 
140.56		338.948 	 339.91857682 	 168.208123624 	 1 	 0 	 1 	 0 
133.593		349.107 	 313.95613183 	 167.435458642 	 1 	 0 	 1 	 1 
131.188		0 	 371.919678847 	 168.085938796 	 1 	 0 	 1 	 -1 
133.593		10.8934 	 322.591776306 	 164.403435761 	 0 	 1 	 1 	 -1 
140.56		21.0517 	 327.869458661 	 175.035555592 	 1 	 1 	 1 	 -1 
151.459		30 	 332.463771118 	 177.068239843 	 1 	 1 	 1 	 -1 
140.56		38.9483 	 256.783060945 	 173.874220868 	 0 	 0 	 1 	 -1 
133.593		49.1066 	 260.463469936 	 165.878071979 	 1 	 0 	 1 	 -1 
131.188		60 	 302.950637146 	 173.740436243 	 0 	 1 	 1 	 -1 
133.593		70.8934 	 303.091067216 	 167.694610118 	 0 	 0 	 1 	 0 
140.56		81.0517 	 371.689236667 	 167.013784755 	 1 	 0 	 1 	 0 
151.459		90 	 350.546823178 	 165.463195229 	 1 	 1 	 1 	 0 
140.56		98.9483 	 304.42367426 	 170.712542615 	 1 	 1 	 1 	 1 
133.593		109.107 	 287.815452116 	 168.30175057 	 1 	 0 	 1 	 0 
131.188		120 	 276.985307521 	 159.594326515 	 1 	 1 	 1 	 1 
133.593		130.893 	 370.499196553 	 172.393347358 	 0 	 0 	 1 	 1 
140.56		141.052 	 310.16166067 	 164.712386759 	 0 	 0 	 1 	 -1 
151.459		150 	 293.883893044 	 169.423898806 	 1 	 0 	 1 	 0 
140.56		158.948 	 312.935798941 	 167.773219915 	 1 	 1 	 1 	 -1 
133.593		169.107 	 343.466662449 	 173.544002848 	 0 	 0 	 1 	 1 
131.188		180 	 317.135986551 	 161.698738527 	 1 	 1 	 1 	 0 
133.593		190.893 	 318.428270276 	 165.064470895 	 1 	 0 	 1 	 -1 
140.56		201.052 	 322.996410034 	 166.823115444 	 0 	 0 	 1 	 1 
151.459		210 	 342.596294799 	 164.30614412 	 0 	 1 	 1 	 1 
140.56		218.948 	 309.42512179 	 167.407502637 	 1 	 0 	 1 	 0 
133.593		229.107 	 245.239961996 	 152.897335526 	 0 	 0 	 1 	 0 
131.188		240 	 256.044749018 	 162.37392319 	 0 	 0 	 1 	 -1 
133.592		250.893 	 313.945947532 	 165.092504161 	 0 	 0 	 1 	 1 
140.56		261.052 	 312.114231773 	 167.24518926 	 0 	 1 	 1 	 1 
151.459		270 	 422.634602132 	 168.816806083 	 0 	 0 	 1 	 1 
140.56		278.948 	 317.503492997 	 163.022254731 	 1 	 1 	 1 	 -1 
133.592		289.107 	 277.019446419 	 175.260635269 	 1 	 1 	 1 	 0 
131.188		300 	 363.711033856 	 171.443466226 	 0 	 0 	 1 	 -1 
133.593		310.893 	 317.052090769 	 165.148017453 	 1 	 1 	 1 	 0 
140.56		321.052 	 427.87508793 	 158.766284405 	 0 	 1 	 1 	 0 
151.459		330 	 336.375402294 	 174.274675022 	 1 	 0 	 1 	 1 
165.51		337.589 	 309.568927942 	 172.870633961 	 0 	 0 	 1 	 -1 
157.635		346.102 	 302.487176176 	 161.811401364 	 0 	 1 	 1 	 0 
153.545		355.285 	 328.561230528 	 167.836810713 	 1 	 1 	 1 	 1 
153.545		4.715 	 290.10266566 	 172.448135755 	 1 	 1 	 1 	 -1 
157.635		13.8979 	 313.33747568 	 166.047286666 	 0 	 1 	 1 	 0 
165.51		22.4109 	 293.568437093 	 169.371857888 	 1 	 1 	 1 	 0 
176.661		30 	 315.230187569 	 174.929970179 	 0 	 0 	 1 	 1 
165.51		37.5891 	 289.338503507 	 169.642512835 	 0 	 0 	 1 	 1 
157.635		46.1021 	 313.936849867 	 165.723908614 	 1 	 1 	 1 	 -1 
153.545		55.285 	 248.252013457 	 162.256080385 	 0 	 1 	 1 	 1 
153.545		64.715 	 407.27205868 	 177.530333856 	 1 	 0 	 1 	 0 
157.635		73.8979 	 309.410270306 	 172.136787789 	 1 	 0 	 1 	 0 
165.51		82.4109 	 313.491579722 	 167.066972212 	 0 	 0 	 1 	 1 
176.661		90 	 304.56961297 	 173.497781415 	 0 	 1 	 1 	 -1 
165.51		97.5891 	 303.281409401 	 165.481034353 	 0 	 0 	 1 	 1 
157.635		106.102 	 327.126932997 	 167.300294441 	 0 	 1 	 1 	 0 
153.545		115.285 	 248.479434853 	 171.813622946 	 0 	 1 	 1 	 0 
153.545		124.715 	 327.48373834 	 150.871748432 	 0 	 0 	 1 	 1 
157.635		133.898 	 294.606034373 	 164.979346744 	 0 	 0 	 1 	 -1 
165.51		142.411 	 309.918914173 	 166.199464129 	 1 	 1 	 1 	 -1 
176.661		150 	 212.390242594 	 171.241715218 	 0 	 0 	 1 	 -1 
165.509		157.589 	 345.792928464 	 179.070237118 	 1 	 1 	 1 	 1 
157.635		166.102 	 356.409577695 	 142.755823529 	 0 	 0 	 1 	 1 
153.546		175.285 	 312.203796154 	 167.364732071 	 0 	 1 	 1 	 1 
153.546		184.715 	 270.434618596 	 154.468796077 	 1 	 0 	 1 	 1 
157.635		193.898 	 296.277478956 	 157.934030102 	 1 	 1 	 1 	 1 
165.509		202.411 	 347.969644149 	 162.59183401 	 1 	 0 	 1 	 -1 
165.51		217.589 	 313.600730289 	 167.30649952 	 1 	 1 	 1 	 0 
157.635		226.102 	 341.957111546 	 171.526159624 	 0 	 1 	 1 	 0 
153.545		235.285 	 257.284128796 	 173.490620648 	 0 	 0 	 1 	 1 
153.545		244.715 	 233.492868815 	 159.375571684 	 0 	 0 	 1 	 1 
157.635		253.898 	 334.792302506 	 172.794904405 	 0 	 1 	 1 	 1 
165.51		262.411 	 301.057381474 	 167.108116887 	 1 	 0 	 1 	 -1 
176.661		270 	 354.221635257 	 172.440102328 	 0 	 0 	 1 	 1 
165.51		277.589 	 311.484134552 	 167.201927932 	 0 	 1 	 1 	 1 
157.635		286.102 	 331.381318341 	 165.02383286 	 1 	 1 	 1 	 0 
153.545		295.285 	 323.433160218 	 165.798343219 	 0 	 0 	 1 	 -1 
153.545		304.715 	 372.629472621 	 158.69860343 	 1 	 1 	 1 	 -1 
157.635		313.898 	 306.328652905 	 163.863025971 	 1 	 0 	 1 	 1 
165.51		322.411 	 335.652915634 	 169.301854969 	 1 	 1 	 1 	 -1 
176.661		330 	 319.290043499 	 171.856556454 	 0 	 0 	 1 	 0 
190.511		336.587 	 295.154833659 	 145.679674735 	 0 	 0 	 1 	 0 
181.979		343.898 	 291.88668362 	 166.571860517 	 1 	 0 	 1 	 0 
176.661		351.787 	 299.343546028 	 167.937861668 	 1 	 1 	 1 	 0 
174.852		0 	 319.652482021 	 166.086530665 	 1 	 1 	 1 	 1 
176.661		8.21321 	 264.303590834 	 162.970914825 	 1 	 0 	 1 	 -1 
181.979		16.1021 	 316.167084001 	 167.827721502 	 0 	 0 	 1 	 0 
190.511		23.4132 	 323.677045989 	 166.27880542 	 0 	 1 	 1 	 1 
201.845		30 	 320.741761489 	 173.524396303 	 1 	 0 	 1 	 0 
181.979		43.8979 	 327.324270005 	 165.821393936 	 1 	 0 	 1 	 -1 
176.661		51.7868 	 312.649613511 	 171.559614663 	 1 	 0 	 1 	 0 
174.852		60 	 272.501796795 	 165.215037241 	 1 	 0 	 1 	 0 
176.661		68.2132 	 295.379388287 	 168.666862961 	 1 	 0 	 1 	 -1 
181.979		76.1021 	 352.480825375 	 170.204367454 	 1 	 1 	 1 	 1 
190.511		83.4132 	 298.880075518 	 164.510661521 	 1 	 1 	 1 	 -1 
201.845		90 	 304.209237575 	 167.078117943 	 0 	 0 	 1 	 -1 
190.511		96.5868 	 320.651304923 	 169.242533531 	 1 	 0 	 1 	 -1 
181.979		103.898 	 298.780505228 	 173.853633019 	 0 	 0 	 1 	 0 
176.661		111.787 	 356.108919134 	 168.328637743 	 1 	 0 	 1 	 -1 
174.852		120 	 273.255587479 	 178.01496343 	 0 	 1 	 1 	 -1 
176.661		128.213 	 269.426100512 	 173.197690408 	 1 	 1 	 1 	 0 
181.979		136.102 	 393.11456814 	 163.781225734 	 1 	 1 	 1 	 1 
190.51		143.413 	 358.054130738 	 170.779508952 	 0 	 1 	 1 	 1 
201.845		150 	 269.276013747 	 176.392367948 	 0 	 1 	 1 	 -1 
190.511		156.587 	 298.059441927 	 165.521852192 	 1 	 0 	 1 	 0 
181.979		163.898 	 272.345111516 	 171.520331977 	 0 	 1 	 1 	 1 
176.661		171.787 	 304.070780893 	 169.624793269 	 1 	 0 	 1 	 -1 
174.852		180 	 290.103306998 	 167.074770931 	 0 	 1 	 1 	 1 
176.661		188.213 	 291.987532761 	 159.528150689 	 0 	 1 	 1 	 0 
181.979		196.102 	 286.730975228 	 162.699368301 	 0 	 0 	 1 	 -1 
190.511		203.413 	 363.708620649 	 157.710466999 	 1 	 1 	 1 	 0 
201.845		210 	 310.423391866 	 167.878766332 	 1 	 1 	 1 	 -1 
190.51		216.587 	 300.494211757 	 171.167705144 	 0 	 1 	 1 	 0 
181.979		223.898 	 283.772331891 	 164.840817275 	 1 	 0 	 1 	 0 
176.661		231.787 	 324.419507594 	 163.833340111 	 0 	 1 	 1 	 -1 
174.853		240 	 246.150241656 	 167.613099822 	 1 	 0 	 1 	 -1 
176.662		248.213 	 301.891083876 	 160.835603631 	 0 	 1 	 1 	 0 
181.979		256.102 	 292.483332469 	 161.776583823 	 1 	 0 	 1 	 -1 
190.511		263.413 	 294.621402448 	 168.373716449 	 1 	 0 	 1 	 0 
190.511		276.587 	 287.472900529 	 165.449811997 	 1 	 0 	 1 	 1 
181.979		283.898 	 367.320198322 	 173.450504808 	 0 	 1 	 1 	 1 
176.662		291.787 	 310.630445551 	 164.105559145 	 0 	 1 	 1 	 1 
174.853		300 	 291.850546391 	 168.066398689 	 0 	 0 	 1 	 -1 
176.661		308.213 	 311.098283547 	 158.505681991 	 1 	 1 	 1 	 -1 
181.979		316.102 	 315.633401137 	 165.634504523 	 1 	 1 	 1 	 0 
190.511		323.413 	 306.370523241 	 170.365570591 	 0 	 0 	 1 	 -1 
201.845		330 	 331.53379643 	 164.057548163 	 0 	 0 	 1 	 0 
215.536		335.818 	 355.454660539 	 168.196520793 	 1 	 0 	 1 	 0 
206.511		342.216 	 319.461451098 	 172.828121427 	 1 	 0 	 1 	 0 
200.265		349.107 	 311.509825615 	 166.355366088 	 1 	 1 	 1 	 -1 
197.068		356.329 	 297.572279092 	 162.128941416 	 1 	 1 	 1 	 0 
197.068		3.6705 	 329.99725773 	 160.4117428 	 0 	 0 	 1 	 -1 
200.265		10.8934 	 330.885188294 	 165.053580012 	 1 	 1 	 1 	 1 
206.511		17.7836 	 330.348543312 	 165.135731373 	 0 	 0 	 1 	 0 
215.536		24.1825 	 297.338946357 	 160.830025588 	 0 	 0 	 1 	 0 
227.007		30 	 298.758341117 	 165.137691158 	 1 	 1 	 1 	 1 
215.536		35.8175 	 333.849268123 	 168.18493826 	 0 	 0 	 1 	 -1 
206.511		42.2164 	 321.994406375 	 164.904428423 	 0 	 1 	 1 	 -1 
200.265		49.1066 	 324.806936283 	 159.861972595 	 0 	 0 	 1 	 1 
197.068		56.3295 	 330.802401553 	 162.230201818 	 1 	 1 	 1 	 1 
197.068		63.6705 	 321.586961336 	 168.948318944 	 0 	 1 	 1 	 -1 
200.265		70.8934 	 310.681634977 	 155.331308618 	 1 	 0 	 1 	 1 
206.511		77.7836 	 307.954507257 	 167.425143314 	 1 	 1 	 1 	 0 
215.536		84.1825 	 356.022824723 	 152.375037421 	 0 	 0 	 1 	 -1 
227.007		90 	 310.116969416 	 167.297563836 	 0 	 1 	 1 	 0 
215.536		95.8175 	 362.177565501 	 166.846363769 	 1 	 1 	 1 	 -1 
206.511		102.216 	 305.233597926 	 177.622215953 	 0 	 1 	 1 	 0 
200.265		109.107 	 312.189012334 	 167.323481869 	 1 	 1 	 1 	 1 
197.068		116.33 	 302.671738431 	 173.99377789 	 0 	 1 	 1 	 1 
197.068		123.671 	 322.495736958 	 165.099685162 	 1 	 0 	 1 	 1 
200.265		130.893 	 225.266816791 	 159.536255695 	 1 	 0 	 1 	 1 
206.51		137.784 	 306.950755658 	 170.52147643 	 1 	 0 	 1 	 1 
215.536		144.182 	 312.443292919 	 166.194132588 	 1 	 0 	 1 	 1 
227.007		150 	 316.648784959 	 167.604150399 	 0 	 1 	 1 	 -1 
215.536		155.818 	 309.175195517 	 167.006695361 	 0 	 1 	 1 	 0 
206.511		162.216 	 300.821731973 	 166.996150049 	 1 	 0 	 1 	 0 
200.266		169.107 	 307.925378877 	 169.090683952 	 1 	 0 	 1 	 0 
197.068		176.33 	 310.413834082 	 168.678478754 	 1 	 1 	 1 	 1 
197.068		183.671 	 314.629112587 	 166.976826989 	 1 	 1 	 1 	 -1 
200.266		190.893 	 339.423260931 	 155.489744982 	 1 	 1 	 1 	 -1 
206.511		197.784 	 342.345488037 	 163.26566551 	 0 	 0 	 1 	 1 
215.536		204.182 	 326.960284346 	 160.616365303 	 1 	 1 	 1 	 1 
227.007		210 	 293.612528047 	 164.888847872 	 0 	 1 	 1 	 1 
215.536		215.818 	 294.729739545 	 168.484598226 	 0 	 0 	 1 	 0 
206.51		222.216 	 295.835872343 	 160.746156738 	 0 	 1 	 1 	 0 
200.265		229.107 	 283.052599392 	 160.682767949 	 1 	 0 	 1 	 0 
197.068		236.329 	 268.880074432 	 170.868974793 	 1 	 0 	 1 	 -1 
197.068		243.671 	 291.776412907 	 166.680007061 	 0 	 0 	 1 	 0 
200.265		250.893 	 314.359309123 	 167.013463091 	 0 	 1 	 1 	 0 
206.51		257.784 	 258.36382252 	 165.391390532 	 1 	 0 	 1 	 0 
215.536		264.182 	 314.839268172 	 167.86386873 	 0 	 0 	 1 	 1 
227.007		270 	 297.888501957 	 160.767596885 	 0 	 0 	 1 	 1 
215.536		275.818 	 282.598373632 	 166.585991237 	 1 	 0 	 1 	 0 
206.51		282.216 	 346.320436545 	 163.788005499 	 0 	 1 	 1 	 0 
200.265		289.107 	 309.879228687 	 164.290392888 	 1 	 1 	 1 	 -1 
197.068		296.329 	 308.538779902 	 167.296781372 	 0 	 1 	 1 	 -1 
197.068		303.67 	 304.9928753 	 157.16980153 	 1 	 1 	 1 	 1 
200.265		310.893 	 295.605637688 	 171.216789518 	 1 	 1 	 1 	 1 
206.511		317.784 	 336.775431041 	 166.913741849 	 1 	 0 	 1 	 0 
227.008		330 	 312.142026583 	 169.187930237 	 0 	 1 	 1 	 1 
240.57		335.209 	 367.038916714 	 167.265632034 	 0 	 0 	 1 	 -1 
231.161		340.893 	 267.674377505 	 161.46552663 	 1 	 0 	 1 	 1 
224.195		346.996 	 282.60265157 	 165.376671885 	 0 	 0 	 1 	 -1 
219.909		353.413 	 300.061017539 	 168.347893424 	 1 	 0 	 1 	 0 
218.461		0 	 307.498079672 	 166.707311728 	 0 	 1 	 1 	 0 
219.909		6.58678 	 196.372363645 	 151.135794786 	 1 	 1 	 1 	 1 
224.195		13.0039 	 325.633286725 	 169.273442398 	 0 	 1 	 1 	 1 
231.161		19.1066 	 314.064104648 	 154.50561687 	 1 	 0 	 1 	 0 
240.57		24.7913 	 299.944836272 	 161.313527478 	 1 	 0 	 1 	 0 
252.146		30 	 306.371124634 	 169.162462262 	 1 	 1 	 1 	 -1 
240.57		35.2087 	 418.318638707 	 165.163903809 	 1 	 0 	 1 	 -1 
231.161		40.8934 	 338.917093623 	 165.237407346 	 1 	 1 	 1 	 0 
224.195		46.9961 	 343.686510716 	 168.087450963 	 1 	 1 	 1 	 0 
219.909		53.4132 	 352.777250107 	 166.423242725 	 1 	 1 	 1 	 -1 
218.461		60 	 291.454962292 	 175.428325717 	 0 	 0 	 1 	 -1 
219.909		66.5868 	 310.830194597 	 165.799272943 	 0 	 1 	 1 	 0 
224.195		73.0039 	 341.484527034 	 164.270692494 	 1 	 1 	 1 	 -1 
231.161		79.1066 	 267.672285434 	 163.365601546 	 0 	 1 	 1 	 1 
240.57		84.7913 	 297.730688893 	 165.521135236 	 0 	 0 	 1 	 1 
240.57		95.2087 	 339.493136971 	 171.016507859 	 1 	 0 	 1 	 1 
231.161		100.893 	 341.712064697 	 170.42802954 	 0 	 1 	 1 	 0 
224.195		106.996 	 311.935171177 	 167.675073493 	 1 	 1 	 1 	 -1 
219.909		113.413 	 309.912259791 	 167.406349243 	 0 	 0 	 1 	 -1 
218.461		120 	 301.144211559 	 164.740803166 	 1 	 0 	 1 	 -1 
219.909		126.587 	 331.526619343 	 170.71107908 	 0 	 0 	 1 	 -1 
224.195		133.004 	 291.241356189 	 164.123119741 	 1 	 0 	 1 	 1 
231.161		139.107 	 289.341295747 	 166.133456528 	 1 	 1 	 1 	 -1 
252.146		150 	 375.225093916 	 173.045941354 	 1 	 1 	 1 	 -1 
240.57		155.209 	 350.633626275 	 160.125142006 	 1 	 0 	 1 	 -1 
231.16		160.893 	 325.545174317 	 165.738491814 	 1 	 1 	 1 	 1 
224.196		166.996 	 333.369205849 	 166.503603035 	 1 	 1 	 1 	 -1 
219.909		173.413 	 331.380339166 	 165.732606452 	 0 	 0 	 1 	 1 
218.461		180 	 314.026475993 	 167.146231828 	 0 	 1 	 1 	 1 
219.909		186.587 	 327.019079258 	 172.734533624 	 1 	 0 	 1 	 1 
224.196		193.004 	 285.199373889 	 158.482105353 	 1 	 0 	 1 	 0 
231.16		199.107 	 311.406943036 	 167.186552103 	 1 	 1 	 1 	 -1 
240.57		204.791 	 330.653414366 	 169.962742904 	 0 	 1 	 1 	 -1 
252.146		210 	 260.508410195 	 174.504987792 	 0 	 1 	 1 	 -1 
240.57		215.209 	 300.471070255 	 163.274708852 	 1 	 0 	 1 	 -1 
231.161		220.893 	 302.107574049 	 166.91087835 	 1 	 0 	 1 	 -1 
224.196		226.996 	 324.906960384 	 168.36648602 	 0 	 0 	 1 	 0 
219.909		233.413 	 319.52043717 	 164.060990762 	 0 	 0 	 1 	 1 
218.461		240 	 341.194284592 	 166.58357618 	 1 	 1 	 1 	 0 
219.909		246.587 	 310.737186211 	 160.728395369 	 1 	 1 	 1 	 0 
224.195		253.004 	 355.700123296 	 157.139862551 	 0 	 1 	 1 	 -1 
231.16		259.107 	 315.319463243 	 181.936403794 	 1 	 1 	 1 	 0 
240.57		264.791 	 300.350503015 	 154.310365447 	 1 	 1 	 1 	 0 
252.146		270 	 309.68198019 	 168.400215939 	 0 	 0 	 1 	 0 
240.57		275.209 	 326.692372546 	 171.736254953 	 0 	 0 	 1 	 1 
231.16		280.893 	 298.401662771 	 160.93864519 	 1 	 0 	 1 	 1 
224.195		286.996 	 302.54613211 	 157.654522064 	 0 	 1 	 1 	 1 
219.909		293.413 	 284.203834408 	 172.790634002 	 0 	 0 	 1 	 0 
218.461		300 	 244.635914011 	 156.92869922 	 1 	 0 	 1 	 0 
219.909		306.587 	 310.289719091 	 164.588929891 	 0 	 0 	 1 	 1 
224.196		313.004 	 336.709979735 	 173.734955068 	 0 	 1 	 1 	 0 
231.161		319.107 	 310.937747046 	 166.150615094 	 0 	 1 	 1 	 0 
240.57		324.791 	 302.944121869 	 168.053061438 	 0 	 0 	 1 	 0 
252.146		330 	 389.163504292 	 170.948649218 	 0 	 0 	 1 	 1 
265.601		334.715 	 307.495352199 	 168.088155542 	 0 	 0 	 1 	 0 
255.886		339.826 	 276.843000596 	 168.132503847 	 1 	 1 	 1 	 -1 
248.348		345.295 	 291.628809492 	 180.838257911 	 0 	 1 	 1 	 -1 
243.191		351.052 	 312.809342133 	 167.42645694 	 1 	 0 	 1 	 0 
240.57		356.996 	 266.279682812 	 165.573130774 	 0 	 0 	 1 	 -1 
240.57		3.00449 	 315.592736181 	 165.654568263 	 0 	 1 	 1 	 0 
243.191		8.94827 	 306.628795001 	 172.915189434 	 1 	 1 	 1 	 0 
248.348		14.7047 	 336.574951792 	 163.275862959 	 1 	 1 	 1 	 1 
255.886		20.1736 	 300.516843815 	 163.043223366 	 1 	 0 	 1 	 1 
265.601		25.285 	 333.376840795 	 163.661967037 	 0 	 0 	 1 	 1 
277.258		30 	 375.052034882 	 171.773670824 	 1 	 1 	 1 	 1 
265.601		34.715 	 352.182754219 	 175.815576947 	 1 	 0 	 1 	 -1 
255.887		39.8264 	 341.118383561 	 168.098808244 	 0 	 0 	 1 	 0 
248.348		45.2953 	 223.536807521 	 147.861079749 	 1 	 1 	 1 	 1 
243.191		51.0517 	 268.142941575 	 164.53127407 	 0 	 1 	 1 	 1 
240.57		56.9955 	 324.037649555 	 165.404966161 	 0 	 0 	 1 	 0 
240.57		63.0045 	 304.574944292 	 167.662621658 	 0 	 1 	 1 	 1 
243.191		68.9483 	 298.848488161 	 154.204163433 	 0 	 1 	 1 	 0 
248.348		74.7047 	 354.007467833 	 168.935979075 	 0 	 1 	 1 	 -1 
255.887		80.1736 	 316.934831764 	 158.982850982 	 0 	 1 	 1 	 0 
265.601		85.285 	 313.585637875 	 175.910571972 	 1 	 0 	 1 	 0 
277.257		90 	 312.652616531 	 163.769537933 	 1 	 1 	 1 	 0 
265.601		94.715 	 304.306241471 	 167.441327366 	 0 	 0 	 1 	 0 
255.887		99.8264 	 319.435009701 	 169.155931298 	 0 	 1 	 1 	 1 
248.348		105.295 	 318.225937557 	 176.874202445 	 1 	 0 	 1 	 0 
243.191		111.052 	 275.430195516 	 171.149964419 	 1 	 0 	 1 	 -1 
240.57		116.996 	 383.408602221 	 171.141819622 	 0 	 1 	 1 	 1 
240.57		123.005 	 266.631172377 	 166.058934545 	 0 	 1 	 1 	 0 
243.191		128.948 	 374.706827857 	 153.387900251 	 1 	 1 	 1 	 1 
248.348		134.705 	 319.314846272 	 162.420086358 	 1 	 0 	 1 	 0 
255.887		140.174 	 290.942005062 	 171.740741096 	 0 	 0 	 1 	 1 
265.6		145.285 	 373.83232883 	 173.300890803 	 1 	 1 	 1 	 -1 
277.257		150 	 260.525760654 	 149.388022673 	 1 	 1 	 1 	 0 
265.601		154.715 	 311.372506048 	 186.359504812 	 1 	 0 	 1 	 0 
255.886		159.826 	 304.930099322 	 166.76642144 	 1 	 1 	 1 	 -1 
248.348		165.295 	 385.286352017 	 164.348308222 	 0 	 1 	 1 	 1 
243.191		171.052 	 307.247864767 	 176.730790179 	 1 	 0 	 1 	 -1 
240.57		176.996 	 252.290038046 	 163.910564529 	 1 	 1 	 1 	 0 
240.57		183.005 	 338.419462338 	 178.354703137 	 0 	 0 	 1 	 1 
243.191		188.948 	 310.65133486 	 167.740076314 	 0 	 1 	 1 	 -1 
248.348		194.705 	 351.323996604 	 167.161696701 	 1 	 0 	 1 	 -1 
255.886		200.174 	 331.941592395 	 171.054244664 	 0 	 0 	 1 	 1 
265.601		205.285 	 363.163362692 	 176.588039164 	 0 	 0 	 1 	 -1 
277.258		210 	 309.716122363 	 167.224386153 	 1 	 1 	 1 	 0 
265.6		214.715 	 300.480486182 	 170.107000516 	 1 	 0 	 1 	 1 
255.887		219.826 	 329.855357372 	 171.222442868 	 1 	 1 	 1 	 -1 
248.348		225.295 	 311.098243979 	 167.530163495 	 0 	 0 	 1 	 0 
243.191		231.052 	 293.534106148 	 163.278672317 	 0 	 1 	 1 	 0 
240.57		236.995 	 281.082730044 	 155.562432804 	 1 	 1 	 1 	 1 
240.57		243.004 	 300.778716238 	 165.103271315 	 0 	 0 	 1 	 0 
243.19		248.948 	 298.577174465 	 160.726989618 	 1 	 0 	 1 	 0 
248.348		254.705 	 341.81464118 	 174.582934421 	 1 	 1 	 1 	 0 
255.886		260.174 	 239.750824007 	 169.411834752 	 0 	 0 	 1 	 0 
265.601		265.285 	 341.762951509 	 171.431924865 	 0 	 0 	 1 	 0 
277.258		270 	 320.767666722 	 166.30217918 	 0 	 1 	 1 	 -1 
265.601		274.715 	 328.672829595 	 171.940517617 	 1 	 0 	 1 	 0 
255.886		279.826 	 301.520929436 	 173.444238669 	 1 	 0 	 1 	 0 
248.348		285.295 	 383.864738526 	 171.179860636 	 0 	 0 	 1 	 0 
243.19		291.052 	 335.724535226 	 167.43405192 	 0 	 1 	 1 	 0 
240.57		296.996 	 347.383480235 	 165.182993583 	 0 	 0 	 1 	 0 
240.57		303.004 	 243.385060593 	 162.446671797 	 1 	 0 	 1 	 -1 
243.191		308.948 	 239.661390547 	 164.440708284 	 1 	 1 	 1 	 1 
248.348		314.705 	 293.74472786 	 159.816334553 	 0 	 0 	 1 	 0 
255.886		320.174 	 300.945960411 	 155.948721409 	 0 	 1 	 1 	 -1 
265.6		325.285 	 312.350480871 	 167.299137266 	 1 	 0 	 1 	 -1 
277.258		330 	 398.426616489 	 172.456844587 	 0 	 0 	 1 	 0 
290.619		334.307 	 347.092730378 	 169.645633795 	 1 	 0 	 1 	 1 
280.659		338.948 	 389.329636009 	 166.592551921 	 0 	 1 	 1 	 1 
272.656		343.898 	 315.603863421 	 169.327421457 	 1 	 0 	 1 	 -1 
266.79		349.107 	 270.311976369 	 171.224427321 	 1 	 0 	 1 	 0 
263.206		354.504 	 346.01181092 	 178.174573332 	 1 	 1 	 1 	 0 
262.001		0 	 262.248829346 	 172.577829556 	 0 	 1 	 1 	 -1 
263.206		5.49637 	 301.100713018 	 170.309264852 	 1 	 1 	 1 	 -1 
266.79		10.8934 	 259.398051508 	 161.512402191 	 0 	 0 	 1 	 0 
272.656		16.1021 	 304.727002759 	 172.638216163 	 0 	 0 	 1 	 1 
280.659		21.0517 	 305.416194057 	 170.140396966 	 1 	 1 	 1 	 -1 
290.619		25.6934 	 267.329490598 	 171.673733488 	 0 	 1 	 1 	 0 
302.34		30 	 360.646330521 	 158.307497447 	 1 	 1 	 1 	 0 
290.619		34.3066 	 330.291628031 	 170.728774857 	 1 	 0 	 1 	 -1 
280.659		38.9483 	 321.204758598 	 166.197896937 	 0 	 1 	 1 	 0 
272.656		43.8979 	 359.883341683 	 164.485153528 	 0 	 1 	 1 	 0 
266.789		49.1066 	 313.322234902 	 178.23653268 	 1 	 1 	 1 	 1 
263.206		54.5036 	 309.943919242 	 159.04764763 	 1 	 1 	 1 	 -1 
262.001		60 	 291.993471292 	 160.393193749 	 0 	 1 	 1 	 1 
263.206		65.4964 	 390.247472132 	 166.016374523 	 1 	 1 	 1 	 0 
266.79		70.8934 	 322.764937913 	 166.770447371 	 1 	 0 	 1 	 0 
272.656		76.1021 	 334.218337626 	 163.519593018 	 1 	 1 	 1 	 0 
280.659		81.0517 	 334.423300306 	 167.999536915 	 1 	 1 	 1 	 1 
290.619		85.6934 	 189.477205682 	 174.270715151 	 1 	 1 	 1 	 0 
302.34		90 	 256.436198622 	 169.313799044 	 1 	 0 	 1 	 1 
290.619		94.3066 	 284.772292142 	 162.126896737 	 0 	 1 	 1 	 -1 
280.659		98.9483 	 320.971358083 	 165.436263852 	 0 	 1 	 1 	 0 
272.655		103.898 	 395.135250006 	 154.297921779 	 0 	 0 	 1 	 -1 
266.79		109.107 	 331.971874244 	 166.162506384 	 1 	 0 	 1 	 0 
263.206		114.504 	 374.611671581 	 166.564993786 	 0 	 1 	 1 	 -1 
262		120 	 313.491973205 	 178.978594845 	 1 	 0 	 1 	 0 
263.206		125.496 	 306.336586953 	 157.825584575 	 1 	 1 	 1 	 0 
266.79		130.893 	 266.849115976 	 174.967835668 	 1 	 0 	 1 	 -1 
272.655		136.102 	 307.776770171 	 168.272533183 	 0 	 0 	 1 	 -1 
280.659		141.052 	 329.233480899 	 166.495165986 	 1 	 1 	 1 	 -1 
290.619		145.693 	 299.279162848 	 160.587270972 	 1 	 0 	 1 	 0 
302.34		150 	 319.118188142 	 165.5314949 	 0 	 1 	 1 	 -1 
290.619		154.307 	 337.580344319 	 169.458357418 	 0 	 0 	 1 	 -1 
280.659		158.948 	 302.743253587 	 157.618207974 	 1 	 0 	 1 	 1 
272.656		163.898 	 257.086203921 	 167.863670468 	 1 	 1 	 1 	 -1 
266.789		169.107 	 316.514903263 	 171.082145115 	 1 	 0 	 1 	 -1 
263.206		174.504 	 389.568396169 	 171.646586482 	 1 	 1 	 1 	 -1 
262.001		180 	 276.028841985 	 170.935872627 	 0 	 0 	 1 	 -1 
263.206		185.496 	 312.267409558 	 168.130389151 	 0 	 1 	 1 	 -1 
266.789		190.893 	 314.566155656 	 166.953101506 	 0 	 1 	 1 	 0 
272.656		196.102 	 397.057234791 	 159.95054282 	 1 	 0 	 1 	 1 
280.659		201.052 	 326.351355157 	 170.120228817 	 1 	 1 	 1 	 0 
290.619		205.693 	 271.918305053 	 163.272199836 	 0 	 0 	 1 	 -1 
302.34		210 	 288.808264015 	 173.578993162 	 0 	 1 	 1 	 0 
290.619		214.307 	 238.226100914 	 168.36162204 	 1 	 0 	 1 	 1 
280.658		218.948 	 314.04871503 	 153.428793566 	 0 	 0 	 1 	 -1 
272.656		223.898 	 262.082916962 	 169.075607931 	 0 	 1 	 1 	 -1 
266.79		229.107 	 262.273714138 	 167.532560028 	 1 	 1 	 1 	 0 
263.206		234.504 	 342.293810752 	 155.120949123 	 0 	 0 	 1 	 0 
262		240 	 329.43502845 	 181.6660415 	 0 	 0 	 1 	 1 
263.206		245.496 	 338.404257366 	 161.978198533 	 0 	 0 	 1 	 0 
266.789		250.893 	 305.448659493 	 170.14150087 	 0 	 1 	 1 	 0 
272.656		256.102 	 310.602972588 	 161.976540923 	 1 	 1 	 1 	 0 
280.659		261.052 	 320.484804998 	 171.785166876 	 1 	 0 	 1 	 -1 
290.62		265.693 	 316.03180215 	 175.24667839 	 1 	 1 	 1 	 -1 
302.34		270 	 303.903756415 	 161.451060109 	 1 	 1 	 1 	 1 
290.62		274.307 	 379.027904598 	 169.516779514 	 1 	 0 	 1 	 -1 
280.659		278.948 	 304.892201228 	 176.12350957 	 1 	 0 	 1 	 0 
272.656		283.898 	 299.82784528 	 172.849626352 	 0 	 1 	 1 	 0 
266.789		289.107 	 317.156163053 	 168.120620404 	 0 	 1 	 1 	 0 
263.206		294.504 	 319.991426829 	 169.370666858 	 0 	 1 	 1 	 1 
262		300 	 214.909479045 	 177.261774985 	 1 	 0 	 1 	 -1 
263.206		305.496 	 327.772886628 	 165.215746776 	 0 	 1 	 1 	 1 
266.79		310.893 	 329.594149975 	 164.477679564 	 0 	 1 	 1 	 1 
272.656		316.102 	 310.560285388 	 168.702199306 	 0 	 1 	 1 	 0 
280.659		321.052 	 301.694061059 	 164.721594717 	 1 	 0 	 1 	 -1 
290.619		325.693 	 319.297288005 	 158.92629111 	 1 	 0 	 1 	 1 
302.34		330 	 295.875753178 	 171.876557505 	 0 	 0 	 1 	 -1 
315.62		333.963 	 364.846439508 	 166.060268016 	 1 	 1 	 1 	 1 
305.457		338.213 	 312.632781176 	 174.685953954 	 1 	 1 	 1 	 0 
297.071		342.731 	 309.094929036 	 167.288628783 	 0 	 1 	 1 	 -1 
290.619		347.48 	 364.393882325 	 170.98823713 	 1 	 0 	 1 	 0 
286.236		352.411 	 313.103673332 	 168.659059513 	 0 	 0 	 1 	 0 
284.018		357.457 	 252.315444231 	 148.367222233 	 1 	 1 	 1 	 -1 
284.018		2.54292 	 355.113372961 	 167.682157856 	 1 	 0 	 1 	 0 
286.236		7.58909 	 343.731775765 	 175.452095002 	 0 	 0 	 1 	 0 
290.619		12.5198 	 389.830752383 	 172.149648747 	 1 	 1 	 1 	 -1 
297.071		17.2695 	 280.913253758 	 175.313133129 	 1 	 1 	 1 	 1 
305.457		21.7868 	 334.118624722 	 166.522855247 	 1 	 0 	 1 	 -1 
315.62		26.0368 	 314.135287475 	 167.230688018 	 0 	 1 	 1 	 0 
327.39		30 	 379.529574602 	 151.833476926 	 1 	 0 	 1 	 0 
305.457		38.2132 	 285.032528638 	 163.186808413 	 0 	 1 	 1 	 1 
297.071		42.7305 	 372.644915267 	 161.280319038 	 1 	 0 	 1 	 0 
290.619		47.4802 	 316.297909841 	 178.74750093 	 0 	 1 	 1 	 0 
286.236		52.4109 	 325.586213677 	 173.276775465 	 1 	 1 	 1 	 0 
284.018		57.4571 	 262.945621702 	 154.930082301 	 1 	 0 	 1 	 1 
284.018		62.5429 	 246.199960973 	 165.139195263 	 0 	 0 	 1 	 0 
286.236		67.5891 	 229.821643995 	 159.84263255 	 1 	 0 	 1 	 1 
290.619		72.5198 	 218.365890742 	 163.362850451 	 1 	 1 	 1 	 0 
297.071		77.2695 	 311.131743034 	 167.682462454 	 0 	 1 	 1 	 1 
305.457		81.7868 	 306.566153786 	 167.153257167 	 0 	 0 	 1 	 -1 
315.62		86.0368 	 285.274381572 	 164.324606816 	 1 	 0 	 1 	 0 
327.39		90 	 304.08980394 	 164.342400289 	 1 	 0 	 1 	 1 
315.62		93.9632 	 297.591250103 	 182.415762941 	 0 	 0 	 1 	 -1 
305.457		98.2132 	 313.705505835 	 165.387228949 	 1 	 1 	 1 	 1 
297.071		102.731 	 321.921218457 	 167.564013926 	 1 	 1 	 1 	 -1 
290.619		107.48 	 307.792457601 	 168.194622924 	 1 	 0 	 1 	 -1 
286.236		112.411 	 306.28510953 	 152.223963756 	 1 	 0 	 1 	 1 
284.018		117.457 	 307.141898618 	 166.419529423 	 0 	 1 	 1 	 -1 
284.018		122.543 	 325.279958984 	 185.558567719 	 1 	 1 	 1 	 0 
286.236		127.589 	 298.280888227 	 165.022857923 	 1 	 1 	 1 	 1 
290.62		132.52 	 316.300432855 	 167.801923994 	 1 	 1 	 1 	 0 
297.071		137.269 	 261.324485138 	 169.456435782 	 1 	 0 	 1 	 1 
305.457		141.787 	 277.976651049 	 163.983871434 	 1 	 1 	 1 	 0 
315.62		146.037 	 279.79184912 	 161.493267988 	 0 	 1 	 1 	 0 
327.39		150 	 345.956592586 	 160.789426952 	 1 	 0 	 1 	 1 
315.619		153.963 	 297.809723904 	 163.865620148 	 1 	 1 	 1 	 1 
305.457		158.213 	 292.754891529 	 184.16263451 	 1 	 1 	 1 	 0 
297.071		162.731 	 267.604013742 	 181.07071579 	 1 	 1 	 1 	 1 
290.62		167.48 	 338.948736262 	 171.432169892 	 0 	 0 	 1 	 1 
286.236		172.411 	 408.120835059 	 157.524162022 	 0 	 0 	 1 	 -1 
284.019		177.457 	 297.527614837 	 169.892974411 	 1 	 1 	 1 	 1 
284.019		182.543 	 292.835376236 	 168.528583884 	 1 	 1 	 1 	 1 
286.236		187.589 	 350.716384644 	 165.91871836 	 1 	 0 	 1 	 1 
290.62		192.52 	 287.299597121 	 157.367832783 	 1 	 0 	 1 	 -1 
297.071		197.269 	 297.26444897 	 167.562540496 	 0 	 1 	 1 	 -1 
305.457		201.787 	 335.42051502 	 160.72352644 	 1 	 0 	 1 	 0 
315.62		206.037 	 310.173935078 	 168.015435613 	 1 	 0 	 1 	 1 
327.39		210 	 324.030571269 	 169.200851942 	 1 	 0 	 1 	 -1 
315.62		213.963 	 244.109118192 	 153.855244929 	 1 	 1 	 1 	 0 
305.457		218.213 	 307.406667327 	 167.629237661 	 0 	 0 	 1 	 0 
297.071		222.731 	 320.23833934 	 174.375323257 	 0 	 0 	 1 	 -1 
290.619		227.48 	 315.184894826 	 171.790822963 	 0 	 0 	 1 	 -1 
286.236		232.411 	 382.124260042 	 157.884550639 	 1 	 1 	 1 	 1 
284.018		237.457 	 309.892383359 	 173.830403421 	 1 	 1 	 1 	 0 
284.019		242.543 	 294.64476179 	 172.459454129 	 0 	 0 	 1 	 -1 
286.236		247.589 	 319.14469685 	 164.209896957 	 1 	 0 	 1 	 -1 
290.62		252.52 	 324.824073325 	 166.686622233 	 0 	 0 	 1 	 0 
297.071		257.269 	 312.652911034 	 164.771028118 	 0 	 0 	 1 	 -1 
305.457		261.787 	 341.682179341 	 166.333708093 	 0 	 1 	 1 	 1 
315.62		266.037 	 306.918923108 	 168.783898802 	 1 	 1 	 1 	 0 
327.39		270 	 222.748355365 	 180.403168645 	 0 	 1 	 1 	 1 
315.62		273.963 	 315.726330737 	 162.013650447 	 1 	 0 	 1 	 0 
305.457		278.213 	 423.622992959 	 163.144918543 	 0 	 0 	 1 	 0 
297.071		282.731 	 280.298198335 	 164.78998745 	 1 	 1 	 1 	 0 
290.62		287.48 	 304.853785636 	 166.851840457 	 1 	 0 	 1 	 -1 
286.236		292.411 	 307.525741634 	 150.404185415 	 0 	 0 	 1 	 0 
284.019		297.457 	 353.733996241 	 162.544684136 	 0 	 1 	 1 	 1 
284.018		302.543 	 312.030726726 	 167.476430394 	 0 	 1 	 1 	 0 
286.236		307.589 	 347.819923832 	 174.958441689 	 0 	 0 	 1 	 -1 
290.619		312.52 	 305.083574651 	 168.219543801 	 1 	 1 	 1 	 1 
297.071		317.269 	 285.294469789 	 158.685670112 	 1 	 1 	 1 	 -1 
305.457		321.787 	 331.288463393 	 168.285123807 	 0 	 1 	 1 	 0 
327.39		330 	 257.449935223 	 175.092264968 	 0 	 0 	 1 	 0 
340.597		333.67 	 336.064873095 	 170.640737704 	 0 	 0 	 1 	 0 
330.266		337.589 	 310.519531305 	 166.712309432 	 1 	 1 	 1 	 -1 
321.56		341.742 	 319.51813414 	 169.025587951 	 0 	 0 	 1 	 0 
314.619		346.102 	 311.760179326 	 169.325940922 	 1 	 0 	 1 	 -1 
309.563		350.633 	 310.800856478 	 159.141324466 	 1 	 1 	 1 	 -1 
306.489		355.285 	 380.758498755 	 157.930588305 	 0 	 1 	 1 	 0 
305.457		0 	 261.987457039 	 154.493693114 	 1 	 0 	 1 	 0 
306.489		4.715 	 309.130929308 	 165.088805624 	 1 	 0 	 1 	 1 
309.563		9.367 	 288.148786601 	 173.930249367 	 1 	 0 	 1 	 0 
314.619		13.8979 	 273.37258427 	 176.613979107 	 0 	 1 	 1 	 0 
321.56		18.2585 	 344.91649035 	 156.540377584 	 0 	 0 	 1 	 1 
330.266		22.4109 	 402.466708837 	 164.890489049 	 1 	 1 	 1 	 0 
340.597		26.3295 	 310.365110194 	 165.274757836 	 0 	 0 	 1 	 -1 
352.406		30 	 393.943766614 	 155.37917834 	 1 	 1 	 1 	 0 
340.597		33.6705 	 346.265939248 	 167.900723287 	 0 	 1 	 1 	 1 
330.266		37.5891 	 314.79110465 	 167.259986202 	 0 	 1 	 1 	 0 
321.56		41.7415 	 306.216876783 	 169.894960754 	 1 	 1 	 1 	 1 
314.619		46.1021 	 307.110078236 	 165.035464885 	 0 	 1 	 1 	 1 
309.563		50.633 	 299.724458681 	 163.705457076 	 0 	 1 	 1 	 -1 
306.489		55.285 	 318.859794285 	 166.913039368 	 0 	 1 	 1 	 -1 
305.457		60 	 314.400165726 	 156.864308512 	 1 	 0 	 1 	 -1 
306.489		64.715 	 368.516492326 	 188.576033956 	 1 	 0 	 1 	 1 
309.563		69.367 	 300.440307346 	 168.126380318 	 1 	 0 	 1 	 1 
314.619		73.8979 	 323.816285623 	 170.913818128 	 0 	 0 	 1 	 -1 
321.56		78.2585 	 339.24602086 	 160.137220468 	 1 	 1 	 1 	 1 
330.266		82.4109 	 313.354171247 	 167.619348824 	 0 	 0 	 1 	 1 
340.597		86.3295 	 377.184349897 	 165.17517607 	 1 	 1 	 1 	 0 
352.406		90 	 290.341533544 	 168.647097035 	 1 	 0 	 1 	 0 
340.597		93.6705 	 365.377742862 	 158.191850041 	 1 	 1 	 1 	 1 
330.266		97.5891 	 298.602566569 	 165.084768658 	 0 	 1 	 1 	 1 
321.56		101.742 	 328.620897441 	 169.770961265 	 1 	 1 	 1 	 0 
314.619		106.102 	 301.530269038 	 173.234389343 	 0 	 0 	 1 	 1 
309.563		110.633 	 310.281545156 	 165.498412201 	 1 	 1 	 1 	 1 
306.489		115.285 	 338.049532068 	 171.396752638 	 1 	 0 	 1 	 1 
305.457		120 	 376.846647917 	 164.547485757 	 0 	 0 	 1 	 1 
306.489		124.715 	 313.226710545 	 166.794162569 	 1 	 1 	 1 	 -1 
309.563		129.367 	 356.193214674 	 178.380733821 	 1 	 0 	 1 	 -1 
314.619		133.898 	 249.204658707 	 177.147591212 	 0 	 1 	 1 	 1 
321.56		138.258 	 303.343122735 	 167.031154427 	 1 	 0 	 1 	 0 
330.266		142.411 	 324.424767176 	 171.166539217 	 0 	 0 	 1 	 -1 
340.597		146.329 	 277.684257925 	 170.826541519 	 1 	 1 	 1 	 -1 
352.406		150 	 312.055889814 	 167.45226551 	 0 	 1 	 1 	 1 
340.597		153.671 	 316.319646515 	 171.718246836 	 0 	 1 	 1 	 0 
330.266		157.589 	 378.80037941 	 168.821013575 	 0 	 1 	 1 	 1 
321.561		161.742 	 294.720089491 	 182.240837112 	 1 	 0 	 1 	 -1 
314.618		166.102 	 353.537153679 	 156.283902619 	 0 	 0 	 1 	 -1 
309.563		170.633 	 329.485658609 	 169.222637248 	 1 	 1 	 1 	 -1 
306.488		175.285 	 292.579408503 	 164.346975283 	 1 	 0 	 1 	 0 
305.457		180 	 356.621261592 	 166.457329405 	 0 	 0 	 1 	 0 
306.488		184.715 	 351.919342953 	 156.9176436 	 0 	 1 	 1 	 0 
309.563		189.367 	 207.752388045 	 170.71256246 	 0 	 0 	 1 	 0 
314.618		193.898 	 315.77287026 	 166.732134263 	 1 	 0 	 1 	 -1 
321.561		198.258 	 341.394344907 	 165.110850261 	 1 	 1 	 1 	 1 
330.266		202.411 	 373.62177527 	 170.484789576 	 0 	 1 	 1 	 -1 
340.597		206.329 	 298.614255647 	 166.946859643 	 0 	 1 	 1 	 0 
352.406		210 	 377.077606301 	 162.688679106 	 0 	 0 	 1 	 1 
330.266		217.589 	 317.763041369 	 163.580184226 	 0 	 0 	 1 	 -1 
321.56		221.742 	 310.548019511 	 166.993488608 	 1 	 1 	 1 	 1 
314.619		226.102 	 314.13941435 	 165.411113544 	 0 	 1 	 1 	 -1 
309.563		230.633 	 275.355999583 	 155.829194554 	 0 	 1 	 1 	 1 
306.489		235.285 	 229.697842003 	 162.664097427 	 1 	 1 	 1 	 -1 
305.456		240 	 332.264294733 	 163.260203062 	 1 	 1 	 1 	 -1 
306.488		244.715 	 309.382793505 	 159.736502049 	 1 	 0 	 1 	 0 
309.563		249.367 	 317.119792357 	 165.472329031 	 0 	 0 	 1 	 0 
314.619		253.898 	 308.099690409 	 167.828897008 	 0 	 0 	 1 	 0 
321.56		258.258 	 297.189350346 	 168.084676804 	 0 	 0 	 1 	 1 
330.266		262.411 	 340.817531521 	 161.784063268 	 0 	 1 	 1 	 0 
340.597		266.33 	 304.100600125 	 166.679528544 	 1 	 1 	 1 	 -1 
340.597		273.671 	 304.505778899 	 166.91976914 	 0 	 1 	 1 	 0 
330.266		277.589 	 344.165136512 	 153.647168979 	 0 	 0 	 1 	 1 
321.56		281.742 	 446.333019092 	 165.150669114 	 0 	 0 	 1 	 0 
314.619		286.102 	 309.70983683 	 163.302960995 	 0 	 0 	 1 	 0 
309.563		290.633 	 308.388324545 	 167.687920383 	 0 	 0 	 1 	 1 
306.488		295.285 	 301.97372268 	 167.536175514 	 1 	 1 	 1 	 -1 
305.457		300 	 299.82917082 	 171.646952204 	 1 	 0 	 1 	 -1 
306.489		304.715 	 336.499052411 	 171.157709818 	 0 	 0 	 1 	 0 
309.563		309.367 	 313.138857517 	 168.168076624 	 1 	 1 	 1 	 0 
314.619		313.898 	 310.477315118 	 167.114777499 	 0 	 0 	 1 	 1 
321.56		318.258 	 303.300066432 	 167.90808356 	 1 	 0 	 1 	 0 
330.266		322.411 	 326.758071034 	 168.046349209 	 1 	 1 	 1 	 -1 
340.597		326.33 	 327.139849217 	 177.728724034 	 0 	 1 	 1 	 -1 
352.406		330 	 243.194879234 	 165.890086925 	 0 	 1 	 1 	 -1 
365.546		333.418 	 284.682679623 	 175.3633727 	 0 	 0 	 1 	 -1 
355.074		337.053 	 299.129493231 	 168.234208299 	 1 	 1 	 1 	 1 
346.099		340.893 	 266.1943295 	 162.419565617 	 1 	 0 	 1 	 0 
338.742		344.921 	 358.532409689 	 163.019453954 	 1 	 1 	 1 	 1 
333.116		349.107 	 314.839170165 	 167.035896043 	 0 	 0 	 1 	 -1 
329.31		353.413 	 266.218351311 	 197.315495348 	 1 	 0 	 1 	 0 
327.39		357.796 	 294.521686896 	 164.078825805 	 1 	 0 	 1 	 0 
327.39		2.20423 	 301.729124079 	 162.868798798 	 1 	 0 	 1 	 0 
329.31		6.58678 	 314.687456761 	 167.607088207 	 1 	 1 	 1 	 1 
333.116		10.8934 	 313.316718718 	 165.688613865 	 1 	 0 	 1 	 -1 
338.742		15.0791 	 349.262010099 	 174.805933255 	 0 	 1 	 1 	 -1 
346.099		19.1066 	 221.331865054 	 165.54852298 	 0 	 1 	 1 	 -1 
355.074		22.9473 	 319.942863078 	 166.36304026 	 1 	 1 	 1 	 0 
365.546		26.582 	 375.108201391 	 173.684101928 	 1 	 0 	 1 	 1 
377.385		30 	 317.965638914 	 168.479801307 	 0 	 1 	 1 	 -1 
365.546		33.418 	 219.162292296 	 167.265780521 	 1 	 0 	 1 	 -1 
355.074		37.0527 	 264.228478602 	 171.973961871 	 1 	 0 	 1 	 -1 
346.099		40.8934 	 360.587571151 	 176.250754829 	 1 	 0 	 1 	 1 
338.743		44.9209 	 311.98515373 	 164.80124391 	 1 	 1 	 1 	 1 
333.116		49.1066 	 307.98125203 	 169.877900871 	 1 	 1 	 1 	 0 
329.31		53.4132 	 335.473625557 	 163.390658345 	 1 	 1 	 1 	 -1 
327.39		57.7958 	 336.101972959 	 167.035340543 	 0 	 1 	 1 	 0 
327.39		62.2042 	 316.149456536 	 168.449524032 	 1 	 1 	 1 	 0 
329.31		66.5868 	 321.2749408 	 167.794794082 	 1 	 1 	 1 	 -1 
333.116		70.8934 	 357.551535247 	 164.134156815 	 0 	 0 	 1 	 1 
338.742		75.0791 	 317.723188835 	 166.725133403 	 1 	 1 	 1 	 0 
346.099		79.1066 	 272.702044232 	 164.980887848 	 0 	 0 	 1 	 -1 
355.074		82.9473 	 299.967151169 	 165.464752396 	 0 	 0 	 1 	 -1 
