25.2587		30 	 52.123933305 	 233.30086415 	 0 	 1 	 1 	 -1 
25.2587		90 	 67.8888737848 	 252.258714958 	 1 	 1 	 1 	 0 
25.2587		150 	 54.1166112254 	 223.385627259 	 1 	 0 	 1 	 1 
25.2587		210 	 58.8927052543 	 186.281866521 	 0 	 0 	 1 	 0 
25.2587		270 	 56.1446122196 	 222.365545789 	 1 	 0 	 1 	 0 
43.7478		0 	 36.9398195961 	 205.427282855 	 1 	 1 	 1 	 -1 
50.5147		30 	 76.4312763374 	 227.549676632 	 1 	 0 	 1 	 0 
43.7478		60 	 43.5825607503 	 221.773119198 	 0 	 1 	 1 	 0 
50.5147		90 	 75.2790572018 	 247.984000547 	 1 	 1 	 1 	 1 
43.7478		120 	 18.4473642814 	 270.139818237 	 0 	 1 	 1 	 0 
50.5147		150 	 51.9580451837 	 220.283291122 	 1 	 0 	 1 	 1 
43.7478		180 	 63.5054286172 	 227.009745314 	 0 	 0 	 1 	 1 
50.5147		210 	 60.9617652009 	 225.821958117 	 1 	 0 	 1 	 0 
43.7478		240 	 55.176394361 	 256.756842997 	 0 	 1 	 1 	 0 
43.7478		300 	 80.4407171163 	 187.277605489 	 0 	 1 	 1 	 1 
50.5148		330 	 55.6170502685 	 244.006518898 	 1 	 1 	 1 	 -1 
66.8212		349.107 	 51.992348174 	 223.868030594 	 0 	 1 	 1 	 1 
66.8212		10.8934 	 49.8031036482 	 180.630880765 	 1 	 0 	 1 	 1 
75.7654		30 	 57.91712751 	 233.196762266 	 0 	 1 	 1 	 -1 
66.8212		49.1066 	 86.4911002427 	 231.34976584 	 1 	 0 	 1 	 1 
66.8212		70.8934 	 64.8473592316 	 242.218532009 	 0 	 1 	 1 	 -1 
75.7654		90 	 102.658433473 	 226.552326001 	 1 	 0 	 1 	 -1 
66.8212		109.107 	 49.8715466068 	 233.873172385 	 1 	 0 	 1 	 1 
66.8212		130.893 	 65.3101277034 	 226.001402121 	 1 	 0 	 1 	 1 
75.7654		150 	 27.4805654706 	 268.751229038 	 0 	 1 	 1 	 1 
66.8212		169.107 	 49.3599772347 	 231.448818813 	 0 	 0 	 1 	 1 
66.8212		190.893 	 68.0030483235 	 251.883574553 	 0 	 1 	 1 	 1 
66.8212		229.107 	 48.9161845395 	 225.495815479 	 1 	 1 	 1 	 0 
66.8212		250.893 	 14.2691994687 	 271.294636203 	 0 	 0 	 1 	 1 
75.7654		270 	 60.6314008484 	 202.349011115 	 1 	 1 	 1 	 1 
66.8212		289.107 	 43.2885649136 	 233.012830998 	 0 	 0 	 1 	 0 
66.8212		310.893 	 83.2980023174 	 241.736046066 	 1 	 0 	 1 	 -1 
75.7654		330 	 43.0090773497 	 241.110741342 	 0 	 0 	 1 	 -1 
91.0523		343.898 	 46.547986803 	 269.800863334 	 1 	 1 	 1 	 1 
87.4818		0 	 37.8596948126 	 174.902226156 	 1 	 0 	 1 	 -1 
91.0523		16.1021 	 72.772332982 	 195.75780237 	 1 	 0 	 1 	 -1 
101.008		30 	 60.2793821893 	 228.883390278 	 0 	 0 	 1 	 -1 
91.0523		43.8979 	 74.405242103 	 229.021345704 	 0 	 0 	 1 	 1 
87.4818		60 	 53.177800687 	 199.676107919 	 1 	 0 	 1 	 1 
91.0523		76.1021 	 75.2320711113 	 210.48147042 	 0 	 1 	 1 	 1 
91.0523		103.898 	 61.4516854143 	 227.361905174 	 1 	 1 	 1 	 -1 
87.4818		120 	 15.5857500611 	 229.903842593 	 1 	 0 	 1 	 -1 
91.0523		136.102 	 59.3389568884 	 227.508162602 	 1 	 0 	 1 	 1 
91.0523		163.898 	 58.1193405135 	 210.810313135 	 0 	 1 	 1 	 -1 
87.4818		180 	 68.914644667 	 244.994903051 	 1 	 1 	 1 	 -1 
91.0523		196.102 	 57.6344187184 	 256.573163335 	 1 	 1 	 1 	 0 
101.008		210 	 52.9103679427 	 224.215918301 	 0 	 0 	 1 	 -1 
91.0523		223.898 	 46.1757980829 	 231.317434778 	 1 	 0 	 1 	 0 
87.4818		240 	 62.9168727895 	 203.498019412 	 1 	 1 	 1 	 -1 
91.0523		256.102 	 57.29037807 	 205.975734059 	 0 	 1 	 1 	 0 
101.008		270 	 86.8180726388 	 219.030780623 	 0 	 1 	 1 	 0 
91.0523		283.898 	 66.1924830161 	 238.439278134 	 1 	 0 	 1 	 -1 
87.4817		300 	 44.556970396 	 252.355243804 	 0 	 0 	 1 	 1 
91.0523		316.102 	 22.6490246155 	 263.400185534 	 0 	 1 	 1 	 1 
101.008		330 	 41.3235909333 	 221.075400599 	 0 	 1 	 1 	 0 
115.709		340.893 	 98.2490523905 	 207.673908547 	 1 	 0 	 1 	 -1 
110.065		353.413 	 65.3739952514 	 202.771191576 	 1 	 0 	 1 	 -1 
110.065		6.58677 	 72.4184579116 	 254.742243778 	 1 	 0 	 1 	 0 
115.709		19.1066 	 78.9559072572 	 198.809725917 	 0 	 0 	 1 	 -1 
126.24		30 	 60.556644605 	 212.984635327 	 1 	 1 	 1 	 -1 
115.709		40.8934 	 72.1180356519 	 257.104041058 	 1 	 1 	 1 	 1 
110.065		53.4132 	 59.6838879117 	 209.215700284 	 0 	 0 	 1 	 1 
110.065		66.5868 	 49.411272836 	 212.014484665 	 0 	 0 	 1 	 0 
115.709		79.1066 	 71.9140891402 	 243.901013494 	 0 	 1 	 1 	 -1 
126.24		90 	 56.1817951656 	 228.86006277 	 0 	 0 	 1 	 0 
115.709		100.893 	 46.7226677114 	 226.625116952 	 1 	 1 	 1 	 1 
110.065		113.413 	 49.512167474 	 275.85128749 	 0 	 0 	 1 	 0 
110.065		126.587 	 39.5235264092 	 224.554309011 	 1 	 1 	 1 	 -1 
115.709		139.107 	 94.3699687962 	 221.707520899 	 1 	 1 	 1 	 1 
126.24		150 	 67.7946829744 	 198.351865713 	 0 	 1 	 1 	 1 
115.709		160.893 	 71.0676183267 	 233.397479558 	 1 	 0 	 1 	 0 
110.066		173.413 	 63.7144822924 	 219.281874101 	 0 	 0 	 1 	 -1 
110.066		186.587 	 78.6018962949 	 213.241296772 	 0 	 1 	 1 	 -1 
115.709		199.107 	 53.3537602396 	 236.995843537 	 0 	 1 	 1 	 1 
126.24		210 	 39.1046812859 	 217.863531465 	 0 	 0 	 1 	 -1 
115.709		220.893 	 71.064890775 	 246.347005212 	 1 	 0 	 1 	 1 
110.065		233.413 	 21.1404735277 	 266.14040806 	 1 	 0 	 1 	 -1 
110.065		246.587 	 8.82224448403 	 256.37514588 	 1 	 1 	 1 	 -1 
115.709		259.107 	 46.7878759145 	 235.373270044 	 1 	 1 	 1 	 -1 
126.24		270 	 53.9537382934 	 224.793210571 	 1 	 0 	 1 	 -1 
115.709		280.893 	 52.0771548597 	 230.56290936 	 1 	 0 	 1 	 -1 
110.065		293.413 	 63.9745383024 	 217.932128946 	 1 	 0 	 1 	 1 
110.065		306.587 	 58.6446072235 	 213.321833741 	 1 	 1 	 1 	 0 
115.709		319.107 	 56.0108924694 	 211.038116951 	 0 	 1 	 1 	 -1 
126.24		330 	 62.693059644 	 186.642636395 	 1 	 1 	 1 	 -1 
140.56		338.948 	 72.659610842 	 232.055210589 	 0 	 0 	 1 	 -1 
133.593		349.107 	 18.7718180395 	 285.531987306 	 1 	 1 	 1 	 1 
131.188		0 	 48.2325719451 	 226.926722285 	 1 	 0 	 1 	 -1 
133.593		10.8934 	 71.6208321976 	 204.710217127 	 0 	 1 	 1 	 0 
140.56		21.0517 	 60.3577091752 	 231.173716679 	 1 	 1 	 1 	 -1 
151.459		30 	 95.3439367274 	 222.52866919 	 0 	 0 	 1 	 1 
140.56		38.9483 	 103.410326148 	 232.129786708 	 0 	 1 	 1 	 -1 
133.593		49.1066 	 46.3624158106 	 183.067021964 	 0 	 0 	 1 	 0 
131.188		60 	 43.3432464172 	 205.287198305 	 1 	 1 	 1 	 -1 
133.593		70.8934 	 67.6831399003 	 191.663669785 	 1 	 1 	 1 	 0 
140.56		81.0517 	 54.6723249693 	 216.423323888 	 0 	 0 	 1 	 0 
151.459		90 	 77.2404867793 	 200.693239576 	 0 	 1 	 1 	 0 
140.56		98.9483 	 82.0605822386 	 250.44638227 	 0 	 1 	 1 	 0 
133.593		109.107 	 54.7491572084 	 225.080732335 	 1 	 0 	 1 	 -1 
131.188		120 	 46.5536743518 	 211.99581231 	 0 	 1 	 1 	 1 
133.593		130.893 	 60.2305446129 	 195.642559383 	 0 	 1 	 1 	 0 
140.56		141.052 	 69.3651850212 	 184.717110044 	 0 	 1 	 1 	 0 
151.459		150 	 74.5132499687 	 227.614978295 	 1 	 0 	 1 	 -1 
140.56		158.948 	 29.5672096983 	 255.398973639 	 0 	 1 	 1 	 -1 
133.593		169.107 	 54.9617194546 	 223.928762158 	 0 	 1 	 1 	 0 
131.188		180 	 55.1621464008 	 224.28494151 	 0 	 0 	 1 	 -1 
133.593		190.893 	 66.7623759791 	 232.641957458 	 0 	 1 	 1 	 -1 
140.56		201.052 	 82.82632434 	 196.933490425 	 0 	 0 	 1 	 1 
151.459		210 	 66.6866335541 	 203.999929029 	 0 	 1 	 1 	 1 
140.56		218.948 	 52.1014206931 	 221.921006685 	 0 	 1 	 1 	 -1 
133.593		229.107 	 32.9854363374 	 252.942866809 	 1 	 1 	 1 	 1 
131.188		240 	 46.0352881424 	 203.012964643 	 0 	 0 	 1 	 -1 
133.592		250.893 	 71.6313831068 	 217.736119008 	 0 	 1 	 1 	 -1 
140.56		261.052 	 67.5216724102 	 244.980888742 	 0 	 1 	 1 	 -1 
151.459		270 	 54.7964037941 	 242.045895789 	 1 	 1 	 1 	 0 
140.56		278.948 	 16.5810459598 	 184.111785486 	 0 	 1 	 1 	 0 
133.592		289.107 	 64.7257167269 	 265.011666108 	 1 	 1 	 1 	 1 
131.188		300 	 49.0996341595 	 238.08422724 	 1 	 1 	 1 	 1 
133.593		310.893 	 37.1467951866 	 221.50193261 	 0 	 0 	 1 	 0 
140.56		321.052 	 55.0406272297 	 224.183788083 	 1 	 1 	 1 	 -1 
151.459		330 	 68.3772513047 	 213.638592874 	 0 	 1 	 1 	 -1 
165.51		337.589 	 43.3100644831 	 255.344139778 	 1 	 0 	 1 	 1 
157.635		346.102 	 85.836448196 	 229.635699411 	 0 	 1 	 1 	 1 
153.545		355.285 	 39.6505724942 	 212.644167797 	 1 	 0 	 1 	 -1 
153.545		4.715 	 53.904679718 	 226.677456777 	 1 	 0 	 1 	 1 
157.635		13.8979 	 32.0695539541 	 286.668515866 	 1 	 1 	 1 	 1 
165.51		22.4109 	 54.1132392743 	 224.729734677 	 0 	 0 	 1 	 -1 
176.661		30 	 55.6459386491 	 220.584665234 	 0 	 1 	 1 	 -1 
165.51		37.5891 	 37.552465883 	 259.209054773 	 1 	 0 	 1 	 -1 
157.635		46.1021 	 80.0158694864 	 226.960442124 	 0 	 0 	 1 	 -1 
153.545		55.285 	 46.2520601867 	 203.932601048 	 0 	 1 	 1 	 0 
153.545		64.715 	 43.9629114435 	 196.988263444 	 0 	 0 	 1 	 -1 
157.635		73.8979 	 53.6727770731 	 221.597475837 	 0 	 1 	 1 	 -1 
165.51		82.4109 	 66.9396472174 	 237.802927418 	 0 	 0 	 1 	 0 
176.661		90 	 95.1310962817 	 226.244042324 	 0 	 1 	 1 	 0 
165.51		97.5891 	 45.4401597548 	 206.125937601 	 1 	 0 	 1 	 0 
157.635		106.102 	 38.0716764498 	 167.477213244 	 1 	 1 	 1 	 0 
153.545		115.285 	 65.7638311356 	 244.929523649 	 1 	 0 	 1 	 1 
153.545		124.715 	 68.7043434473 	 236.888370162 	 0 	 0 	 1 	 -1 
157.635		133.898 	 62.511103794 	 213.025701313 	 1 	 1 	 1 	 1 
165.51		142.411 	 59.392597022 	 197.173050307 	 1 	 1 	 1 	 0 
176.661		150 	 51.3017089549 	 187.492020115 	 1 	 0 	 1 	 1 
165.509		157.589 	 42.5703898776 	 220.260559553 	 0 	 0 	 1 	 -1 
157.635		166.102 	 44.9990809011 	 238.866361201 	 0 	 0 	 1 	 1 
153.546		175.285 	 72.978033648 	 218.271554759 	 1 	 1 	 1 	 1 
153.546		184.715 	 76.2737846722 	 251.533142583 	 0 	 0 	 1 	 1 
157.635		193.898 	 51.4781570925 	 216.426808625 	 0 	 0 	 1 	 -1 
165.509		202.411 	 68.1080848528 	 220.450244878 	 1 	 1 	 1 	 0 
165.51		217.589 	 54.8234968876 	 224.404352869 	 0 	 1 	 1 	 0 
157.635		226.102 	 37.6233000184 	 230.659896924 	 0 	 1 	 1 	 1 
153.545		235.285 	 16.4281524683 	 196.287699799 	 1 	 0 	 1 	 -1 
153.545		244.715 	 31.6359135084 	 269.409381647 	 0 	 1 	 1 	 1 
157.635		253.898 	 55.5760864572 	 225.973033645 	 0 	 1 	 1 	 1 
165.51		262.411 	 54.3559018855 	 223.2817183 	 0 	 1 	 1 	 1 
176.661		270 	 38.3644788745 	 229.030802186 	 1 	 0 	 1 	 -1 
165.51		277.589 	 83.5552833509 	 220.747962349 	 1 	 0 	 1 	 0 
157.635		286.102 	 66.9120802304 	 269.236320234 	 1 	 0 	 1 	 1 
153.545		295.285 	 42.6205419018 	 245.56672568 	 0 	 1 	 1 	 0 
153.545		304.715 	 65.5296300995 	 242.562924035 	 0 	 1 	 1 	 -1 
157.635		313.898 	 41.0994875237 	 188.897451838 	 1 	 0 	 1 	 1 
165.51		322.411 	 85.2645805057 	 245.688146275 	 1 	 0 	 1 	 -1 
176.661		330 	 36.6395340849 	 202.254920057 	 0 	 1 	 1 	 0 
190.511		336.587 	 40.6084381621 	 249.393351501 	 0 	 1 	 1 	 -1 
181.979		343.898 	 36.9089128124 	 249.113890617 	 1 	 0 	 1 	 -1 
176.661		351.787 	 47.7341944362 	 171.03366108 	 1 	 0 	 1 	 1 
174.852		0 	 101.959191234 	 230.372287324 	 1 	 1 	 1 	 -1 
176.661		8.21321 	 72.9509606856 	 208.405489857 	 1 	 0 	 1 	 1 
181.979		16.1021 	 58.5360257009 	 227.934698918 	 0 	 1 	 1 	 1 
190.511		23.4132 	 34.4707757922 	 215.149563232 	 0 	 1 	 1 	 0 
201.845		30 	 74.769642809 	 240.77746182 	 0 	 1 	 1 	 0 
181.979		43.8979 	 47.5016312392 	 194.927712358 	 1 	 0 	 1 	 1 
176.661		51.7868 	 62.0544910452 	 193.477820296 	 0 	 1 	 1 	 1 
174.852		60 	 20.2812559212 	 214.58557646 	 0 	 1 	 1 	 -1 
176.661		68.2132 	 88.914781639 	 249.870584121 	 0 	 1 	 1 	 0 
181.979		76.1021 	 30.0438701819 	 207.80601628 	 0 	 1 	 1 	 0 
190.511		83.4132 	 59.0327949453 	 228.653259019 	 0 	 0 	 1 	 -1 
201.845		90 	 100.758012945 	 225.933621539 	 1 	 1 	 1 	 -1 
190.511		96.5868 	 24.7778127063 	 180.564617706 	 1 	 0 	 1 	 1 
181.979		103.898 	 61.0022745127 	 233.852884732 	 0 	 0 	 1 	 -1 
176.661		111.787 	 59.2670881493 	 230.490016425 	 0 	 0 	 1 	 1 
174.852		120 	 49.8064216589 	 231.516077279 	 0 	 0 	 1 	 0 
176.661		128.213 	 80.1173036962 	 187.366046958 	 1 	 1 	 1 	 1 
181.979		136.102 	 71.2238451162 	 193.841423594 	 0 	 0 	 1 	 0 
190.51		143.413 	 69.4412449224 	 253.827079064 	 0 	 1 	 1 	 1 
201.845		150 	 49.0188865322 	 202.367113349 	 1 	 1 	 1 	 1 
190.511		156.587 	 39.9361130054 	 169.104703834 	 1 	 1 	 1 	 1 
181.979		163.898 	 48.7814952926 	 242.252600342 	 0 	 0 	 1 	 1 
176.661		171.787 	 58.8517762211 	 226.627235942 	 1 	 0 	 1 	 0 
174.852		180 	 54.6820011614 	 222.86370064 	 1 	 1 	 1 	 1 
176.661		188.213 	 18.5254583154 	 249.599122274 	 1 	 1 	 1 	 -1 
181.979		196.102 	 81.3670508148 	 241.994758107 	 0 	 0 	 1 	 0 
190.511		203.413 	 44.2692947475 	 220.560746809 	 0 	 0 	 1 	 0 
201.845		210 	 39.5900928667 	 170.066046843 	 1 	 1 	 1 	 -1 
190.51		216.587 	 93.6621693736 	 200.155034282 	 0 	 1 	 1 	 -1 
181.979		223.898 	 57.582255011 	 228.606348916 	 1 	 1 	 1 	 -1 
176.661		231.787 	 64.7437173626 	 258.894630424 	 0 	 1 	 1 	 -1 
174.853		240 	 65.6262865636 	 193.72612864 	 1 	 1 	 1 	 1 
176.662		248.213 	 33.3829218654 	 221.282274098 	 1 	 0 	 1 	 1 
181.979		256.102 	 46.9878860079 	 227.586116653 	 1 	 0 	 1 	 0 
190.511		263.413 	 42.1921584772 	 248.469006298 	 1 	 1 	 1 	 1 
190.511		276.587 	 60.856753571 	 224.303851707 	 0 	 0 	 1 	 1 
181.979		283.898 	 54.300870927 	 224.482546562 	 0 	 1 	 1 	 1 
176.662		291.787 	 71.8292050884 	 203.076482663 	 1 	 0 	 1 	 -1 
174.853		300 	 58.3566810641 	 205.814772464 	 0 	 0 	 1 	 0 
176.661		308.213 	 35.3511399731 	 230.454560257 	 0 	 0 	 1 	 0 
181.979		316.102 	 36.1931933428 	 266.190541803 	 0 	 1 	 1 	 0 
190.511		323.413 	 55.958708037 	 240.822035698 	 0 	 0 	 1 	 1 
201.845		330 	 80.2007026783 	 223.952587372 	 0 	 0 	 1 	 1 
215.536		335.818 	 30.8098657499 	 277.38802699 	 0 	 1 	 1 	 0 
206.511		342.216 	 54.4325266567 	 267.502031574 	 0 	 1 	 1 	 1 
200.265		349.107 	 52.1758742947 	 193.515634605 	 0 	 0 	 1 	 -1 
197.068		356.329 	 55.6861767706 	 235.464262132 	 0 	 0 	 1 	 0 
197.068		3.6705 	 82.2317022351 	 212.102498913 	 1 	 1 	 1 	 -1 
200.265		10.8934 	 93.9393895729 	 218.462643437 	 1 	 0 	 1 	 1 
206.511		17.7836 	 54.7934509695 	 224.75492093 	 1 	 1 	 1 	 0 
215.536		24.1825 	 64.7041894344 	 221.940494618 	 0 	 1 	 1 	 0 
227.007		30 	 53.6944263599 	 224.61326486 	 1 	 1 	 1 	 1 
215.536		35.8175 	 48.0504357558 	 198.713117457 	 1 	 1 	 1 	 0 
206.511		42.2164 	 62.7195836995 	 237.293442612 	 1 	 1 	 1 	 -1 
200.265		49.1066 	 54.7594343618 	 260.594044562 	 0 	 0 	 1 	 0 
197.068		56.3295 	 60.2390509433 	 221.731797512 	 0 	 0 	 1 	 -1 
197.068		63.6705 	 60.4727010921 	 237.106908314 	 0 	 1 	 1 	 -1 
200.265		70.8934 	 55.8379149196 	 223.397467636 	 1 	 1 	 1 	 -1 
206.511		77.7836 	 85.3742712223 	 211.117676256 	 0 	 0 	 1 	 0 
215.536		84.1825 	 60.6992763881 	 243.013290958 	 0 	 0 	 1 	 0 
227.007		90 	 56.9294672157 	 225.623575822 	 0 	 1 	 1 	 0 
215.536		95.8175 	 39.8331646701 	 231.092339435 	 0 	 0 	 1 	 0 
206.511		102.216 	 77.8983841901 	 212.524871902 	 1 	 0 	 1 	 1 
200.265		109.107 	 72.6694419117 	 188.897305964 	 1 	 0 	 1 	 0 
197.068		116.33 	 50.1132429989 	 205.716350947 	 1 	 0 	 1 	 0 
197.068		123.671 	 11.7032319264 	 256.376742766 	 1 	 1 	 1 	 0 
200.265		130.893 	 41.8847553835 	 211.505750947 	 0 	 1 	 1 	 1 
206.51		137.784 	 71.8903119003 	 238.531206655 	 0 	 0 	 1 	 1 
215.536		144.182 	 94.0958015865 	 204.255434065 	 1 	 0 	 1 	 0 
227.007		150 	 54.6943611682 	 225.147379301 	 1 	 1 	 1 	 -1 
215.536		155.818 	 59.0076081147 	 228.899909796 	 0 	 1 	 1 	 -1 
206.511		162.216 	 65.3207779654 	 263.057102716 	 1 	 0 	 1 	 0 
200.266		169.107 	 75.2114979942 	 223.123253068 	 0 	 1 	 1 	 0 
197.068		176.33 	 57.1635301615 	 207.857478385 	 0 	 0 	 1 	 -1 
197.068		183.671 	 29.3259143539 	 194.576703208 	 1 	 0 	 1 	 -1 
200.266		190.893 	 72.7480760035 	 227.902570566 	 1 	 1 	 1 	 0 
206.511		197.784 	 38.3975073919 	 175.316404031 	 1 	 1 	 1 	 1 
215.536		204.182 	 38.9789134321 	 237.94840125 	 1 	 1 	 1 	 -1 
227.007		210 	 73.0984843168 	 245.459162841 	 1 	 1 	 1 	 1 
215.536		215.818 	 55.2175753738 	 224.499232477 	 0 	 1 	 1 	 0 
206.51		222.216 	 35.4789178459 	 278.382980715 	 1 	 1 	 1 	 -1 
200.265		229.107 	 43.1498559568 	 219.363652215 	 0 	 1 	 1 	 1 
197.068		236.329 	 81.4791266301 	 249.454378546 	 1 	 1 	 1 	 -1 
197.068		243.671 	 70.4079031509 	 194.859070399 	 0 	 1 	 1 	 -1 
200.265		250.893 	 56.7573466814 	 206.970224479 	 0 	 0 	 1 	 -1 
206.51		257.784 	 34.6971115332 	 240.209823922 	 1 	 0 	 1 	 0 
215.536		264.182 	 56.3310753668 	 238.52254563 	 0 	 1 	 1 	 0 
227.007		270 	 40.9986982026 	 206.869201151 	 1 	 1 	 1 	 1 
215.536		275.818 	 52.2505641872 	 262.105670734 	 1 	 1 	 1 	 1 
206.51		282.216 	 93.1186671128 	 246.726045944 	 0 	 0 	 1 	 1 
200.265		289.107 	 49.6884052852 	 250.124968751 	 1 	 1 	 1 	 -1 
197.068		296.329 	 38.6557387532 	 236.366529094 	 1 	 0 	 1 	 -1 
197.068		303.67 	 88.8753769741 	 234.401339201 	 0 	 1 	 1 	 -1 
200.265		310.893 	 55.6257516742 	 212.80558289 	 0 	 1 	 1 	 1 
206.511		317.784 	 41.2156984935 	 190.866800221 	 0 	 0 	 1 	 -1 
227.008		330 	 62.8356059116 	 236.376032069 	 0 	 1 	 1 	 -1 
240.57		335.209 	 95.8810645081 	 215.62758992 	 0 	 1 	 1 	 -1 
231.161		340.893 	 92.2338517694 	 240.082155179 	 1 	 0 	 1 	 -1 
224.195		346.996 	 47.9567453147 	 217.844692991 	 1 	 1 	 1 	 0 
219.909		353.413 	 57.1806386538 	 196.612225558 	 0 	 0 	 1 	 0 
218.461		0 	 50.5307839379 	 227.106199397 	 0 	 0 	 1 	 0 
219.909		6.58678 	 48.7160411544 	 220.736317285 	 1 	 0 	 1 	 -1 
224.195		13.0039 	 97.0510176937 	 224.83225403 	 1 	 1 	 1 	 -1 
231.161		19.1066 	 48.5262476266 	 279.008092419 	 0 	 1 	 1 	 1 
240.57		24.7913 	 56.9651925793 	 252.599087064 	 0 	 1 	 1 	 1 
252.146		30 	 58.7517799432 	 225.489755886 	 0 	 1 	 1 	 -1 
240.57		35.2087 	 54.7268182752 	 240.512218841 	 0 	 0 	 1 	 1 
231.161		40.8934 	 69.5120235145 	 227.320926856 	 0 	 0 	 1 	 1 
224.195		46.9961 	 41.8942684116 	 252.754436454 	 1 	 1 	 1 	 0 
219.909		53.4132 	 71.2014394111 	 215.548112781 	 0 	 1 	 1 	 0 
218.461		60 	 32.7796707016 	 218.076645055 	 1 	 0 	 1 	 1 
219.909		66.5868 	 52.6004339488 	 243.487860711 	 0 	 0 	 1 	 -1 
224.195		73.0039 	 73.1353467271 	 239.783890897 	 1 	 1 	 1 	 -1 
231.161		79.1066 	 56.2293505035 	 222.850074213 	 0 	 0 	 1 	 -1 
240.57		84.7913 	 47.8561000746 	 265.994330809 	 0 	 0 	 1 	 0 
240.57		95.2087 	 42.3553721553 	 246.42831426 	 0 	 0 	 1 	 1 
231.161		100.893 	 30.7545543423 	 261.272490289 	 0 	 0 	 1 	 1 
224.195		106.996 	 62.0195161764 	 228.601658669 	 1 	 1 	 1 	 -1 
219.909		113.413 	 58.3952204462 	 257.085039036 	 0 	 1 	 1 	 -1 
218.461		120 	 51.8999720073 	 272.264601057 	 1 	 1 	 1 	 0 
219.909		126.587 	 32.4356074517 	 227.920128503 	 0 	 0 	 1 	 0 
224.195		133.004 	 52.3959695391 	 227.558006632 	 1 	 0 	 1 	 -1 
231.161		139.107 	 76.3077770882 	 223.58228066 	 1 	 0 	 1 	 1 
252.146		150 	 36.1896414489 	 259.762457002 	 0 	 0 	 1 	 0 
240.57		155.209 	 78.5565920447 	 199.224084032 	 0 	 0 	 1 	 1 
231.16		160.893 	 80.8658428197 	 221.34479774 	 1 	 1 	 1 	 0 
224.196		166.996 	 90.2672548619 	 232.761186673 	 1 	 0 	 1 	 1 
219.909		173.413 	 61.4219079879 	 237.258972799 	 1 	 0 	 1 	 0 
218.461		180 	 37.2228524446 	 206.419981591 	 0 	 0 	 1 	 -1 
219.909		186.587 	 62.913199205 	 194.365493826 	 1 	 1 	 1 	 -1 
224.196		193.004 	 47.614099235 	 209.210985591 	 0 	 0 	 1 	 1 
231.16		199.107 	 73.2434316427 	 230.51400036 	 0 	 1 	 1 	 -1 
240.57		204.791 	 58.8122562976 	 217.793335896 	 1 	 1 	 1 	 -1 
252.146		210 	 58.352521267 	 227.113247755 	 0 	 1 	 1 	 1 
240.57		215.209 	 50.5778740547 	 232.570120475 	 0 	 1 	 1 	 -1 
231.161		220.893 	 54.4623797227 	 184.113837113 	 0 	 0 	 1 	 0 
224.196		226.996 	 55.9915468313 	 210.551192934 	 0 	 1 	 1 	 1 
219.909		233.413 	 53.2231044201 	 220.235407927 	 0 	 0 	 1 	 -1 
218.461		240 	 18.0598689363 	 236.257547504 	 0 	 1 	 1 	 0 
219.909		246.587 	 79.727631062 	 216.844799342 	 1 	 0 	 1 	 -1 
224.195		253.004 	 84.4606055055 	 201.630508172 	 0 	 1 	 1 	 0 
231.16		259.107 	 22.1868299471 	 262.114741356 	 0 	 1 	 1 	 1 
240.57		264.791 	 31.8449743405 	 180.66356338 	 1 	 0 	 1 	 -1 
252.146		270 	 94.9509533035 	 218.170234727 	 0 	 1 	 1 	 0 
240.57		275.209 	 37.5500623687 	 249.891794439 	 0 	 1 	 1 	 -1 
231.16		280.893 	 74.7977185536 	 263.443643611 	 0 	 1 	 1 	 1 
224.195		286.996 	 61.710313609 	 211.847875584 	 1 	 0 	 1 	 1 
219.909		293.413 	 56.846193792 	 226.239798886 	 1 	 1 	 1 	 0 
218.461		300 	 94.6046173 	 227.540780823 	 0 	 1 	 1 	 0 
219.909		306.587 	 60.1053762303 	 214.867138058 	 1 	 1 	 1 	 -1 
224.196		313.004 	 64.5616287572 	 234.543427354 	 1 	 1 	 1 	 0 
231.161		319.107 	 102.549136544 	 231.045246702 	 1 	 0 	 1 	 -1 
240.57		324.791 	 44.3984917459 	 221.950629037 	 1 	 0 	 1 	 -1 
252.146		330 	 68.3686508768 	 256.868107123 	 0 	 1 	 1 	 -1 
265.601		334.715 	 16.1021957529 	 198.911064923 	 1 	 1 	 1 	 1 
255.886		339.826 	 34.7015544506 	 218.762082355 	 0 	 0 	 1 	 1 
248.348		345.295 	 63.9984199199 	 188.527974796 	 1 	 1 	 1 	 0 
243.191		351.052 	 103.038115348 	 226.358424222 	 1 	 1 	 1 	 1 
240.57		356.996 	 65.6576236382 	 226.668757936 	 1 	 1 	 1 	 0 
240.57		3.00449 	 35.3163398338 	 228.497029372 	 0 	 0 	 1 	 -1 
243.191		8.94827 	 71.8142615947 	 229.999071483 	 1 	 0 	 1 	 -1 
248.348		14.7047 	 27.2933215425 	 276.391429032 	 0 	 1 	 1 	 1 
255.886		20.1736 	 87.6540818431 	 224.019601294 	 0 	 0 	 1 	 0 
265.601		25.285 	 55.1856553481 	 223.605670279 	 0 	 0 	 1 	 0 
277.258		30 	 84.3051282623 	 240.421368595 	 1 	 0 	 1 	 -1 
265.601		34.715 	 34.4855213186 	 279.661296834 	 1 	 0 	 1 	 1 
255.887		39.8264 	 76.8817086493 	 233.308159707 	 0 	 1 	 1 	 1 
248.348		45.2953 	 65.5817440823 	 227.743121589 	 1 	 1 	 1 	 -1 
243.191		51.0517 	 45.9234033649 	 231.811959602 	 0 	 1 	 1 	 -1 
240.57		56.9955 	 56.1477379574 	 234.51627473 	 1 	 1 	 1 	 1 
240.57		63.0045 	 52.7709552014 	 257.275894113 	 0 	 0 	 1 	 1 
243.191		68.9483 	 48.4401455922 	 226.782685606 	 0 	 0 	 1 	 1 
248.348		74.7047 	 34.4896913778 	 262.697665515 	 0 	 1 	 1 	 -1 
255.887		80.1736 	 72.5747988715 	 218.617085579 	 1 	 1 	 1 	 0 
265.601		85.285 	 41.5687444795 	 233.429030089 	 0 	 0 	 1 	 -1 
277.257		90 	 65.7875440792 	 252.453900197 	 1 	 1 	 1 	 1 
265.601		94.715 	 71.4098731133 	 267.830582778 	 1 	 0 	 1 	 0 
255.887		99.8264 	 59.0345456957 	 238.55729582 	 1 	 0 	 1 	 0 
248.348		105.295 	 92.3910811783 	 209.649529101 	 1 	 0 	 1 	 -1 
243.191		111.052 	 49.1459675444 	 274.733281046 	 1 	 1 	 1 	 0 
240.57		116.996 	 40.8485022693 	 170.282973826 	 0 	 0 	 1 	 1 
240.57		123.005 	 100.71485789 	 212.426216956 	 0 	 1 	 1 	 0 
243.191		128.948 	 48.9151367781 	 218.149619801 	 1 	 0 	 1 	 -1 
248.348		134.705 	 67.6112268698 	 197.927050899 	 0 	 1 	 1 	 1 
255.887		140.174 	 10.5923017051 	 167.657254417 	 0 	 0 	 1 	 1 
265.6		145.285 	 39.7645593044 	 276.597193385 	 1 	 0 	 1 	 0 
277.257		150 	 60.7383439018 	 231.864082418 	 1 	 0 	 1 	 -1 
265.601		154.715 	 50.3297854329 	 263.744493202 	 0 	 0 	 1 	 1 
255.886		159.826 	 45.9719781482 	 200.604240164 	 0 	 0 	 1 	 0 
248.348		165.295 	 56.5164740555 	 254.183209154 	 1 	 1 	 1 	 -1 
243.191		171.052 	 53.9517025104 	 275.466333891 	 1 	 0 	 1 	 0 
240.57		176.996 	 76.0516378716 	 211.728713264 	 0 	 0 	 1 	 1 
240.57		183.005 	 91.210818526 	 245.493497816 	 0 	 0 	 1 	 -1 
243.191		188.948 	 56.9043171935 	 277.400276368 	 1 	 1 	 1 	 1 
248.348		194.705 	 63.1203400288 	 237.43718359 	 1 	 0 	 1 	 -1 
255.886		200.174 	 71.9837890074 	 192.228112091 	 1 	 0 	 1 	 0 
265.601		205.285 	 30.1794379218 	 163.083692885 	 0 	 1 	 1 	 1 
277.258		210 	 52.4222566364 	 251.81846177 	 0 	 1 	 1 	 0 
265.6		214.715 	 62.5437405285 	 240.794106516 	 1 	 1 	 1 	 1 
255.887		219.826 	 88.2788996747 	 228.888553901 	 0 	 1 	 1 	 -1 
248.348		225.295 	 75.9186293164 	 241.70729731 	 1 	 1 	 1 	 -1 
243.191		231.052 	 41.6247000835 	 266.67502669 	 0 	 1 	 1 	 0 
240.57		236.995 	 73.0746037269 	 225.612116643 	 1 	 1 	 1 	 0 
240.57		243.004 	 66.1636004378 	 232.825368588 	 1 	 0 	 1 	 0 
243.19		248.948 	 95.4636429669 	 225.409972525 	 1 	 0 	 1 	 0 
248.348		254.705 	 39.2030763903 	 216.831052041 	 1 	 0 	 1 	 0 
255.886		260.174 	 62.6758542157 	 224.657780949 	 1 	 1 	 1 	 -1 
265.601		265.285 	 43.4384386575 	 189.430932716 	 1 	 1 	 1 	 0 
277.258		270 	 62.4153295113 	 224.262399862 	 1 	 1 	 1 	 1 
265.601		274.715 	 72.3779198128 	 239.399914269 	 1 	 1 	 1 	 0 
255.886		279.826 	 69.4984045527 	 238.786997841 	 0 	 0 	 1 	 1 
248.348		285.295 	 79.0007437243 	 217.961510357 	 0 	 0 	 1 	 0 
243.19		291.052 	 64.5483230498 	 215.200190981 	 1 	 0 	 1 	 1 
240.57		296.996 	 80.6463423245 	 189.396547081 	 1 	 1 	 1 	 -1 
240.57		303.004 	 43.0006466403 	 226.15278028 	 0 	 0 	 1 	 1 
243.191		308.948 	 34.7357108732 	 161.573750227 	 1 	 1 	 1 	 -1 
248.348		314.705 	 50.8694171737 	 265.416689836 	 1 	 1 	 1 	 -1 
255.886		320.174 	 19.1689652895 	 208.52063353 	 1 	 1 	 1 	 0 
265.6		325.285 	 28.660153586 	 256.265152963 	 1 	 0 	 1 	 0 
277.258		330 	 56.9786000042 	 245.518478957 	 0 	 1 	 1 	 1 
290.619		334.307 	 69.6388243571 	 226.295925446 	 0 	 0 	 1 	 0 
280.659		338.948 	 56.2042623875 	 191.277412723 	 1 	 0 	 1 	 1 
272.656		343.898 	 70.688830807 	 200.040886483 	 1 	 0 	 1 	 0 
266.79		349.107 	 94.6799640896 	 225.123767118 	 0 	 1 	 1 	 0 
263.206		354.504 	 72.5001939392 	 232.741101163 	 1 	 0 	 1 	 -1 
262.001		0 	 49.0771950702 	 200.315432077 	 0 	 1 	 1 	 0 
263.206		5.49637 	 61.6371610223 	 227.399765067 	 1 	 0 	 1 	 1 
266.79		10.8934 	 52.5547305586 	 218.093515423 	 0 	 1 	 1 	 1 
272.656		16.1021 	 54.6004063508 	 215.656654857 	 0 	 0 	 1 	 -1 
280.659		21.0517 	 68.8736074738 	 208.706943694 	 0 	 1 	 1 	 -1 
290.619		25.6934 	 56.136674313 	 220.181992546 	 0 	 1 	 1 	 0 
302.34		30 	 41.3345426178 	 217.275687349 	 1 	 1 	 1 	 0 
290.619		34.3066 	 71.4463380567 	 250.986456564 	 0 	 0 	 1 	 1 
280.659		38.9483 	 52.7867773243 	 221.850536414 	 1 	 1 	 1 	 0 
272.656		43.8979 	 53.7505048336 	 222.454678216 	 1 	 0 	 1 	 -1 
266.789		49.1066 	 55.0671624681 	 224.741357869 	 1 	 1 	 1 	 1 
263.206		54.5036 	 47.4871774925 	 223.531921491 	 0 	 0 	 1 	 -1 
262.001		60 	 76.4544713754 	 214.301526814 	 0 	 0 	 1 	 1 
263.206		65.4964 	 55.2748786708 	 237.539685248 	 0 	 0 	 1 	 -1 
266.79		70.8934 	 49.8747160595 	 209.260474349 	 0 	 1 	 1 	 1 
272.656		76.1021 	 44.7636827746 	 179.367936246 	 0 	 0 	 1 	 1 
280.659		81.0517 	 51.5649256239 	 242.726354634 	 1 	 1 	 1 	 0 
290.619		85.6934 	 55.9186491254 	 224.008131209 	 1 	 1 	 1 	 0 
302.34		90 	 51.4604394261 	 225.298126422 	 0 	 1 	 1 	 1 
290.619		94.3066 	 100.672043758 	 223.137711665 	 1 	 1 	 1 	 0 
280.659		98.9483 	 56.9329143814 	 231.989375488 	 1 	 0 	 1 	 1 
272.655		103.898 	 32.6296493672 	 199.914892012 	 1 	 0 	 1 	 1 
266.79		109.107 	 41.3289740604 	 257.482172451 	 0 	 1 	 1 	 0 
263.206		114.504 	 61.267914842 	 215.382001771 	 0 	 1 	 1 	 0 
262		120 	 53.1790099487 	 217.225365648 	 1 	 1 	 1 	 1 
263.206		125.496 	 70.1434728236 	 236.632685516 	 0 	 1 	 1 	 0 
266.79		130.893 	 92.7457900342 	 241.833091388 	 1 	 1 	 1 	 0 
272.655		136.102 	 58.9929972345 	 260.170669107 	 0 	 0 	 1 	 1 
280.659		141.052 	 53.1972042811 	 216.229477055 	 0 	 0 	 1 	 -1 
290.619		145.693 	 73.4417336978 	 219.836250976 	 1 	 1 	 1 	 0 
302.34		150 	 57.714139484 	 271.280108739 	 1 	 1 	 1 	 -1 
290.619		154.307 	 44.3939267993 	 206.569685979 	 1 	 1 	 1 	 -1 
280.659		158.948 	 89.0954538901 	 216.971878504 	 1 	 1 	 1 	 0 
272.656		163.898 	 59.7757247075 	 213.405860167 	 0 	 0 	 1 	 0 
266.789		169.107 	 49.8894666651 	 262.605356915 	 1 	 1 	 1 	 -1 
263.206		174.504 	 47.3823415841 	 248.084889995 	 0 	 1 	 1 	 0 
262.001		180 	 62.8375289704 	 206.815063014 	 1 	 0 	 1 	 1 
263.206		185.496 	 57.6594917635 	 219.895577406 	 1 	 1 	 1 	 -1 
266.789		190.893 	 74.9763731379 	 223.985668805 	 1 	 0 	 1 	 0 
272.656		196.102 	 58.807986233 	 217.695056995 	 0 	 0 	 1 	 0 
280.659		201.052 	 77.8809997936 	 229.442365442 	 1 	 0 	 1 	 1 
290.619		205.693 	 96.0651592836 	 237.043044898 	 1 	 1 	 1 	 1 
302.34		210 	 54.6067777259 	 224.569752521 	 1 	 0 	 1 	 -1 
290.619		214.307 	 63.6164522456 	 177.089289733 	 0 	 1 	 1 	 0 
280.658		218.948 	 68.0716605554 	 250.132917306 	 0 	 0 	 1 	 0 
272.656		223.898 	 54.7276825769 	 226.148052452 	 0 	 1 	 1 	 0 
266.79		229.107 	 40.2747712567 	 197.111801508 	 0 	 1 	 1 	 0 
263.206		234.504 	 57.4384487156 	 217.566796484 	 1 	 0 	 1 	 1 
262		240 	 62.3285117163 	 183.510440328 	 1 	 1 	 1 	 1 
263.206		245.496 	 54.9704579606 	 237.699223129 	 1 	 0 	 1 	 1 
266.789		250.893 	 47.4213825112 	 232.353781096 	 1 	 1 	 1 	 1 
272.656		256.102 	 75.9407076106 	 194.387335178 	 0 	 0 	 1 	 1 
280.659		261.052 	 65.4916211885 	 203.481766322 	 1 	 0 	 1 	 0 
290.62		265.693 	 16.4583382819 	 247.562588872 	 0 	 1 	 1 	 -1 
302.34		270 	 79.0816161565 	 223.675036374 	 0 	 0 	 1 	 1 
290.62		274.307 	 91.0984169898 	 231.279715884 	 1 	 0 	 1 	 1 
280.659		278.948 	 50.9693111735 	 220.464702888 	 1 	 1 	 1 	 0 
272.656		283.898 	 36.9772622677 	 205.501153471 	 0 	 0 	 1 	 0 
266.789		289.107 	 53.7132777022 	 240.566396428 	 1 	 0 	 1 	 1 
263.206		294.504 	 68.9098352305 	 206.141102713 	 1 	 0 	 1 	 0 
262		300 	 58.2063340303 	 200.086079877 	 0 	 0 	 1 	 1 
263.206		305.496 	 72.6025273356 	 266.84920813 	 0 	 1 	 1 	 1 
266.79		310.893 	 58.6787367016 	 213.730976396 	 1 	 1 	 1 	 -1 
272.656		316.102 	 67.7543482478 	 224.333379239 	 0 	 0 	 1 	 1 
280.659		321.052 	 48.4933938041 	 227.544360456 	 1 	 1 	 1 	 1 
290.619		325.693 	 78.1718734316 	 253.421387006 	 0 	 0 	 1 	 1 
302.34		330 	 69.4656092117 	 222.905142647 	 1 	 0 	 1 	 1 
315.62		333.963 	 79.121908666 	 213.006824303 	 0 	 1 	 1 	 0 
305.457		338.213 	 34.6800245449 	 194.019746718 	 0 	 1 	 1 	 0 
297.071		342.731 	 68.0453189202 	 197.32024182 	 1 	 0 	 1 	 1 
290.619		347.48 	 98.9555578549 	 235.166393549 	 1 	 1 	 1 	 0 
286.236		352.411 	 59.0241244057 	 218.275288839 	 1 	 1 	 1 	 1 
284.018		357.457 	 38.934327222 	 228.053332189 	 0 	 1 	 1 	 1 
284.018		2.54292 	 76.2473123069 	 214.368415706 	 1 	 0 	 1 	 0 
286.236		7.58909 	 58.288779749 	 199.288614853 	 1 	 1 	 1 	 1 
290.619		12.5198 	 62.3863679308 	 187.511663141 	 0 	 1 	 1 	 1 
297.071		17.2695 	 66.7986473684 	 235.863108638 	 1 	 1 	 1 	 -1 
305.457		21.7868 	 57.8059742918 	 267.634198096 	 1 	 1 	 1 	 0 
315.62		26.0368 	 59.0327902805 	 181.787474198 	 0 	 1 	 1 	 -1 
327.39		30 	 36.154280854 	 217.766778494 	 0 	 0 	 1 	 -1 
305.457		38.2132 	 50.5301979316 	 239.51896604 	 0 	 0 	 1 	 1 
297.071		42.7305 	 52.4350568414 	 222.667967088 	 1 	 0 	 1 	 -1 
290.619		47.4802 	 63.6009792803 	 208.912430162 	 1 	 1 	 1 	 1 
286.236		52.4109 	 19.7597239246 	 289.184819666 	 0 	 0 	 1 	 0 
284.018		57.4571 	 59.8860991787 	 174.53348978 	 0 	 0 	 1 	 1 
284.018		62.5429 	 41.8812950238 	 226.623458314 	 1 	 0 	 1 	 -1 
286.236		67.5891 	 59.0038192634 	 195.489630047 	 1 	 0 	 1 	 0 
290.619		72.5198 	 67.6583367722 	 235.456165532 	 0 	 1 	 1 	 1 
297.071		77.2695 	 61.8032505202 	 234.633406819 	 0 	 0 	 1 	 0 
305.457		81.7868 	 91.8069500849 	 205.045255196 	 1 	 1 	 1 	 -1 
315.62		86.0368 	 61.928459352 	 218.459347863 	 0 	 1 	 1 	 -1 
327.39		90 	 37.3909399158 	 177.864282913 	 0 	 1 	 1 	 0 
315.62		93.9632 	 56.1652579312 	 226.401323946 	 1 	 1 	 1 	 -1 
305.457		98.2132 	 84.6640165227 	 250.41700921 	 1 	 1 	 1 	 0 
297.071		102.731 	 17.0828005315 	 282.395791976 	 0 	 1 	 1 	 -1 
290.619		107.48 	 47.7536728869 	 243.756662238 	 1 	 0 	 1 	 0 
286.236		112.411 	 87.8119807207 	 239.275629405 	 0 	 1 	 1 	 1 
284.018		117.457 	 83.7807683519 	 215.768201761 	 0 	 0 	 1 	 1 
284.018		122.543 	 38.3651852962 	 249.26355976 	 0 	 0 	 1 	 0 
286.236		127.589 	 41.9171571179 	 193.188607611 	 0 	 1 	 1 	 -1 
290.62		132.52 	 52.986987838 	 218.312954973 	 1 	 1 	 1 	 0 
297.071		137.269 	 69.3464260555 	 226.712480928 	 1 	 0 	 1 	 1 
305.457		141.787 	 51.1206628641 	 205.905384225 	 1 	 0 	 1 	 -1 
315.62		146.037 	 78.96802734 	 220.671896282 	 0 	 0 	 1 	 0 
327.39		150 	 43.7234022594 	 252.15483782 	 0 	 1 	 1 	 0 
315.619		153.963 	 77.5954847125 	 208.984960557 	 0 	 0 	 1 	 1 
305.457		158.213 	 13.5803542699 	 222.972661988 	 0 	 1 	 1 	 1 
297.071		162.731 	 45.4759329611 	 213.729364572 	 0 	 1 	 1 	 -1 
290.62		167.48 	 59.4692819951 	 222.627332198 	 0 	 0 	 1 	 0 
286.236		172.411 	 77.0262660385 	 214.862388586 	 1 	 1 	 1 	 1 
284.019		177.457 	 57.3800462238 	 225.226130776 	 1 	 0 	 1 	 1 
284.019		182.543 	 76.2222742712 	 212.122796473 	 1 	 1 	 1 	 0 
286.236		187.589 	 50.9611562888 	 199.337470608 	 0 	 1 	 1 	 0 
290.62		192.52 	 59.5749761005 	 218.951297486 	 1 	 0 	 1 	 1 
297.071		197.269 	 27.9267614206 	 219.338734316 	 1 	 0 	 1 	 1 
305.457		201.787 	 36.5228121759 	 227.161272583 	 0 	 0 	 1 	 0 
315.62		206.037 	 60.8862522923 	 220.082979902 	 0 	 0 	 1 	 -1 
327.39		210 	 17.6978374565 	 218.473606128 	 1 	 0 	 1 	 0 
315.62		213.963 	 60.9126119127 	 218.192974284 	 1 	 0 	 1 	 -1 
305.457		218.213 	 41.0478805007 	 248.136197219 	 0 	 1 	 1 	 0 
297.071		222.731 	 68.2130063512 	 248.237366496 	 0 	 1 	 1 	 0 
290.619		227.48 	 71.1332870829 	 253.456387276 	 0 	 0 	 1 	 1 
286.236		232.411 	 52.6767599704 	 255.219450573 	 0 	 0 	 1 	 -1 
284.018		237.457 	 71.7135983682 	 249.74979859 	 1 	 0 	 1 	 0 
284.019		242.543 	 54.8532114154 	 200.537988982 	 1 	 0 	 1 	 -1 
286.236		247.589 	 51.4463542047 	 221.604348626 	 1 	 1 	 1 	 0 
290.62		252.52 	 66.7312718892 	 237.484142903 	 0 	 0 	 1 	 0 
297.071		257.269 	 64.7411784706 	 185.926063257 	 0 	 0 	 1 	 -1 
305.457		261.787 	 60.3703647006 	 229.87298709 	 0 	 0 	 1 	 0 
315.62		266.037 	 53.5730004962 	 223.048280081 	 1 	 0 	 1 	 0 
327.39		270 	 52.8941793707 	 220.853716123 	 0 	 1 	 1 	 1 
315.62		273.963 	 12.0223311568 	 203.732216883 	 1 	 1 	 1 	 -1 
305.457		278.213 	 58.5200167848 	 223.623230986 	 1 	 0 	 1 	 1 
297.071		282.731 	 74.1601778999 	 211.417167771 	 1 	 0 	 1 	 0 
290.62		287.48 	 67.0643629278 	 212.994781292 	 1 	 1 	 1 	 0 
286.236		292.411 	 62.895291262 	 211.795075885 	 1 	 0 	 1 	 1 
284.019		297.457 	 50.1348121866 	 215.303155273 	 1 	 0 	 1 	 -1 
284.018		302.543 	 44.3435488679 	 283.394108572 	 0 	 0 	 1 	 0 
286.236		307.589 	 90.0005494058 	 229.661226174 	 1 	 0 	 1 	 0 
290.619		312.52 	 16.1128382074 	 184.40454107 	 0 	 0 	 1 	 0 
297.071		317.269 	 63.2426784134 	 212.637534357 	 1 	 0 	 1 	 0 
305.457		321.787 	 66.5954594075 	 197.516321515 	 1 	 1 	 1 	 1 
327.39		330 	 41.9054310273 	 166.692702144 	 1 	 0 	 1 	 0 
340.597		333.67 	 63.9314638323 	 187.713114161 	 1 	 0 	 1 	 -1 
330.266		337.589 	 13.3452561576 	 174.534532101 	 0 	 0 	 1 	 -1 
321.56		341.742 	 81.982624421 	 261.116843147 	 0 	 1 	 1 	 -1 
314.619		346.102 	 54.745019845 	 224.510571838 	 0 	 1 	 1 	 0 
309.563		350.633 	 21.8037434301 	 235.510788594 	 1 	 1 	 1 	 -1 
306.489		355.285 	 37.925571133 	 193.608160143 	 0 	 1 	 1 	 -1 
305.457		0 	 52.9962231596 	 218.059298824 	 1 	 0 	 1 	 -1 
306.489		4.715 	 30.400896889 	 233.167475715 	 0 	 1 	 1 	 -1 
309.563		9.367 	 31.4057788325 	 202.793956242 	 1 	 0 	 1 	 -1 
314.619		13.8979 	 39.3855509054 	 208.390694118 	 1 	 0 	 1 	 -1 
321.56		18.2585 	 52.9028482224 	 219.348495544 	 1 	 0 	 1 	 -1 
330.266		22.4109 	 12.3338240165 	 273.791853768 	 1 	 0 	 1 	 -1 
340.597		26.3295 	 24.7310380343 	 239.757728189 	 1 	 0 	 1 	 0 
352.406		30 	 62.4329559158 	 196.344194796 	 0 	 0 	 1 	 -1 
340.597		33.6705 	 42.2571309226 	 274.079964605 	 1 	 0 	 1 	 1 
330.266		37.5891 	 92.9309136741 	 226.449512306 	 1 	 1 	 1 	 -1 
321.56		41.7415 	 100.081069182 	 209.583667528 	 0 	 0 	 1 	 0 
314.619		46.1021 	 69.1605785613 	 190.817808556 	 1 	 1 	 1 	 1 
309.563		50.633 	 21.793111264 	 192.425550535 	 0 	 0 	 1 	 1 
306.489		55.285 	 10.1550670541 	 204.956061765 	 0 	 0 	 1 	 -1 
305.457		60 	 33.2095959215 	 286.983621164 	 0 	 1 	 1 	 1 
306.489		64.715 	 41.2313108713 	 172.531538118 	 0 	 1 	 1 	 0 
309.563		69.367 	 29.4538030346 	 168.125501602 	 0 	 0 	 1 	 -1 
314.619		73.8979 	 11.0034232386 	 178.918770127 	 1 	 1 	 1 	 -1 
321.56		78.2585 	 75.3594064853 	 209.692120313 	 0 	 1 	 1 	 0 
330.266		82.4109 	 87.7426583923 	 213.275877775 	 0 	 1 	 1 	 -1 
340.597		86.3295 	 65.643807932 	 246.769751512 	 1 	 1 	 1 	 0 
352.406		90 	 91.8773874561 	 224.45900296 	 1 	 0 	 1 	 -1 
340.597		93.6705 	 25.731031495 	 235.754429168 	 1 	 1 	 1 	 1 
330.266		97.5891 	 22.3117567604 	 247.564327803 	 0 	 1 	 1 	 1 
321.56		101.742 	 61.0287782928 	 223.324277546 	 1 	 1 	 1 	 1 
314.619		106.102 	 60.3679852327 	 225.969364316 	 0 	 1 	 1 	 -1 
309.563		110.633 	 51.8677418758 	 225.708591193 	 1 	 0 	 1 	 0 
306.489		115.285 	 15.1589773592 	 211.034349595 	 0 	 1 	 1 	 -1 
305.457		120 	 19.3493340523 	 255.310513104 	 0 	 0 	 1 	 -1 
306.489		124.715 	 39.0537564931 	 227.884220086 	 1 	 0 	 1 	 1 
309.563		129.367 	 99.557469252 	 222.535452002 	 1 	 1 	 1 	 0 
314.619		133.898 	 88.8121607272 	 233.093691654 	 0 	 1 	 1 	 0 
321.56		138.258 	 45.8269573684 	 223.490454781 	 1 	 1 	 1 	 0 
330.266		142.411 	 100.185238144 	 215.553599156 	 1 	 1 	 1 	 0 
340.597		146.329 	 57.2579414343 	 221.368725163 	 1 	 0 	 1 	 1 
352.406		150 	 34.2053325931 	 255.751811283 	 1 	 1 	 1 	 0 
340.597		153.671 	 81.0846113267 	 194.687342842 	 0 	 1 	 1 	 0 
330.266		157.589 	 41.6394530669 	 188.84863395 	 1 	 0 	 1 	 0 
321.561		161.742 	 8.20696326067 	 187.52947841 	 1 	 0 	 1 	 -1 
314.618		166.102 	 82.2922684192 	 191.657212544 	 0 	 1 	 1 	 0 
309.563		170.633 	 54.5469949235 	 193.410375361 	 1 	 0 	 1 	 -1 
306.488		175.285 	 34.4541751094 	 204.713252035 	 1 	 1 	 1 	 1 
305.457		180 	 98.1582640336 	 234.372066012 	 0 	 1 	 1 	 1 
306.488		184.715 	 29.2505368678 	 244.525724332 	 1 	 1 	 1 	 1 
309.563		189.367 	 91.9118820185 	 232.1435258 	 1 	 1 	 1 	 -1 
314.618		193.898 	 58.491150924 	 217.874448896 	 0 	 0 	 1 	 1 
321.561		198.258 	 44.1837334826 	 221.932210978 	 0 	 1 	 1 	 1 
330.266		202.411 	 51.868437934 	 229.06492826 	 0 	 1 	 1 	 0 
340.597		206.329 	 32.0195308712 	 189.240175341 	 0 	 1 	 1 	 -1 
352.406		210 	 62.1563751375 	 219.727873838 	 0 	 0 	 1 	 1 
330.266		217.589 	 71.7348229316 	 215.475579494 	 0 	 0 	 1 	 0 
321.56		221.742 	 72.7550904976 	 213.740438344 	 1 	 1 	 1 	 0 
314.619		226.102 	 60.263054216 	 226.493178021 	 1 	 0 	 1 	 1 
309.563		230.633 	 93.032954073 	 237.142571559 	 0 	 1 	 1 	 -1 
306.489		235.285 	 54.8631283672 	 214.698540021 	 0 	 0 	 1 	 1 
305.456		240 	 67.0710560656 	 185.604196045 	 1 	 0 	 1 	 -1 
306.488		244.715 	 75.4140789725 	 240.817012171 	 1 	 1 	 1 	 0 
309.563		249.367 	 56.5281723303 	 215.170077851 	 0 	 1 	 1 	 0 
314.619		253.898 	 78.8700797351 	 200.865818688 	 0 	 0 	 1 	 0 
321.56		258.258 	 60.4366817718 	 238.628445508 	 1 	 1 	 1 	 1 
330.266		262.411 	 24.2110595992 	 234.089202683 	 0 	 0 	 1 	 -1 
340.597		266.33 	 51.5826226715 	 240.248281682 	 0 	 0 	 1 	 0 
340.597		273.671 	 65.7162369961 	 222.326248446 	 1 	 0 	 1 	 -1 
330.266		277.589 	 62.9532663832 	 232.946224223 	 1 	 0 	 1 	 0 
321.56		281.742 	 85.7721622268 	 234.934527753 	 1 	 1 	 1 	 0 
314.619		286.102 	 45.5640638931 	 241.46046399 	 1 	 1 	 1 	 0 
309.563		290.633 	 51.4197604456 	 226.532247675 	 0 	 0 	 1 	 0 
306.488		295.285 	 29.9189879191 	 264.763421231 	 0 	 1 	 1 	 1 
305.457		300 	 55.4643424833 	 270.73936369 	 0 	 0 	 1 	 -1 
306.489		304.715 	 92.7824462973 	 223.422763024 	 1 	 1 	 1 	 -1 
309.563		309.367 	 36.296220167 	 204.010939241 	 1 	 1 	 1 	 0 
314.619		313.898 	 79.0834091979 	 212.645348678 	 0 	 0 	 1 	 0 
321.56		318.258 	 66.2221260296 	 203.981208779 	 1 	 0 	 1 	 0 
330.266		322.411 	 56.0649579706 	 249.938974667 	 1 	 0 	 1 	 0 
340.597		326.33 	 13.3855826384 	 184.561588217 	 1 	 1 	 1 	 1 
352.406		330 	 26.4916699686 	 185.196598754 	 1 	 0 	 1 	 1 
365.546		333.418 	 72.3411707755 	 244.261791836 	 0 	 1 	 1 	 1 
355.074		337.053 	 52.3542428872 	 240.679210837 	 1 	 0 	 1 	 -1 
346.099		340.893 	 35.1798212851 	 174.422280847 	 1 	 0 	 1 	 0 
338.742		344.921 	 32.6707538636 	 253.741025797 	 0 	 1 	 1 	 -1 
333.116		349.107 	 51.2947544294 	 276.325716333 	 0 	 1 	 1 	 -1 
329.31		353.413 	 82.4619633262 	 210.916793279 	 1 	 0 	 1 	 0 
327.39		357.796 	 55.7396811509 	 222.418751101 	 1 	 1 	 1 	 0 
327.39		2.20423 	 40.4500348324 	 202.647957275 	 1 	 1 	 1 	 -1 
329.31		6.58678 	 29.3507881684 	 282.932546069 	 1 	 1 	 1 	 -1 
333.116		10.8934 	 61.5883106524 	 224.77902941 	 1 	 0 	 1 	 0 
338.742		15.0791 	 68.2225429541 	 258.899753143 	 1 	 0 	 1 	 1 
346.099		19.1066 	 52.2491814558 	 211.544033117 	 0 	 0 	 1 	 0 
355.074		22.9473 	 59.9416163788 	 219.979616252 	 1 	 1 	 1 	 -1 
365.546		26.582 	 42.424175751 	 225.489857638 	 0 	 1 	 1 	 -1 
377.385		30 	 61.0360921337 	 210.617278166 	 0 	 0 	 1 	 -1 
365.546		33.418 	 61.8760619053 	 204.357454072 	 0 	 0 	 1 	 1 
355.074		37.0527 	 78.1498386779 	 216.898519897 	 1 	 0 	 1 	 0 
346.099		40.8934 	 46.7510245693 	 245.355327193 	 0 	 0 	 1 	 0 
338.743		44.9209 	 74.3020542594 	 230.269262073 	 1 	 0 	 1 	 1 
333.116		49.1066 	 78.6722354422 	 217.363919075 	 1 	 1 	 1 	 0 
329.31		53.4132 	 87.7639728785 	 223.884789974 	 1 	 0 	 1 	 -1 
327.39		57.7958 	 17.963914535 	 220.57600348 	 0 	 1 	 1 	 -1 
327.39		62.2042 	 12.2652904007 	 223.608411506 	 0 	 1 	 1 	 1 
329.31		66.5868 	 79.9222153029 	 203.387573877 	 0 	 0 	 1 	 1 
333.116		70.8934 	 49.9348806636 	 206.115459531 	 0 	 0 	 1 	 1 
338.742		75.0791 	 73.084017583 	 234.608812408 	 0 	 0 	 1 	 -1 
346.099		79.1066 	 30.2488167739 	 254.437516436 	 1 	 1 	 1 	 -1 
355.074		82.9473 	 41.5602545763 	 213.384478076 	 0 	 0 	 1 	 0 
