25.2587		30 	 207.264574863 	 228.740795629 	 0 	 1 	 1 	 1 
25.2587		90 	 183.252651515 	 228.482309774 	 0 	 1 	 1 	 0 
25.2587		150 	 160.986245828 	 226.817911431 	 0 	 1 	 1 	 -1 
25.2587		210 	 204.061705956 	 232.003103191 	 1 	 1 	 1 	 0 
25.2587		270 	 201.26214743 	 231.645166582 	 1 	 1 	 1 	 0 
43.7478		0 	 196.947059806 	 233.19307183 	 0 	 1 	 1 	 -1 
50.5147		30 	 240.085053579 	 227.072995313 	 1 	 1 	 1 	 0 
43.7478		60 	 222.680273146 	 228.854665335 	 1 	 0 	 1 	 1 
50.5147		90 	 188.076889494 	 233.59834937 	 0 	 0 	 1 	 0 
43.7478		120 	 210.468896511 	 233.191495983 	 0 	 1 	 1 	 1 
50.5147		150 	 235.809801076 	 224.529244024 	 1 	 1 	 1 	 0 
43.7478		180 	 232.677316229 	 230.097148896 	 1 	 1 	 1 	 -1 
50.5147		210 	 215.82549277 	 220.603251474 	 1 	 0 	 1 	 -1 
43.7478		240 	 179.857694924 	 239.550351317 	 0 	 0 	 1 	 0 
43.7478		300 	 199.61021149 	 231.47194302 	 1 	 0 	 1 	 -1 
50.5148		330 	 200.132507578 	 231.072362457 	 1 	 0 	 1 	 -1 
66.8212		349.107 	 168.125500437 	 228.150668686 	 1 	 1 	 1 	 1 
66.8212		10.8934 	 190.88741155 	 226.041447134 	 1 	 0 	 1 	 -1 
75.7654		30 	 210.668198314 	 225.200191145 	 1 	 0 	 1 	 0 
66.8212		49.1066 	 211.859335103 	 223.824234986 	 1 	 0 	 1 	 1 
66.8212		70.8934 	 171.420795197 	 240.180508384 	 0 	 0 	 1 	 1 
75.7654		90 	 206.243659634 	 228.224873474 	 0 	 0 	 1 	 0 
66.8212		109.107 	 170.880887189 	 242.507556953 	 1 	 0 	 1 	 0 
66.8212		130.893 	 200.653501814 	 233.190001564 	 0 	 1 	 1 	 1 
75.7654		150 	 192.697082701 	 223.351547892 	 1 	 0 	 1 	 1 
66.8212		169.107 	 203.569583323 	 229.864450245 	 1 	 0 	 1 	 1 
66.8212		190.893 	 229.578787467 	 237.253542607 	 0 	 0 	 1 	 1 
66.8212		229.107 	 180.025766739 	 237.000387008 	 1 	 0 	 1 	 -1 
66.8212		250.893 	 203.363861225 	 229.531820714 	 1 	 1 	 1 	 0 
75.7654		270 	 238.03957042 	 229.862968027 	 1 	 1 	 1 	 0 
66.8212		289.107 	 221.151229489 	 232.003783503 	 0 	 0 	 1 	 1 
66.8212		310.893 	 223.870265408 	 234.496411522 	 1 	 0 	 1 	 -1 
75.7654		330 	 201.565016258 	 230.793407811 	 1 	 0 	 1 	 0 
91.0523		343.898 	 225.072502985 	 220.714913399 	 1 	 0 	 1 	 0 
87.4818		0 	 197.249353295 	 233.059636339 	 0 	 0 	 1 	 0 
91.0523		16.1021 	 200.005831253 	 219.3328176 	 1 	 1 	 1 	 1 
101.008		30 	 236.195760204 	 234.520251356 	 1 	 1 	 1 	 -1 
91.0523		43.8979 	 199.59461018 	 219.152004588 	 1 	 0 	 1 	 0 
87.4818		60 	 234.238759325 	 233.304496927 	 1 	 1 	 1 	 0 
91.0523		76.1021 	 248.435501722 	 229.60957589 	 1 	 0 	 1 	 -1 
91.0523		103.898 	 220.792146859 	 239.009322974 	 0 	 1 	 1 	 1 
87.4818		120 	 203.963101312 	 224.706752101 	 1 	 1 	 1 	 0 
91.0523		136.102 	 226.866176299 	 224.616866474 	 1 	 1 	 1 	 -1 
91.0523		163.898 	 198.221152795 	 219.503902744 	 0 	 1 	 1 	 0 
87.4818		180 	 199.713930052 	 241.748572356 	 0 	 1 	 1 	 0 
91.0523		196.102 	 229.35806541 	 227.734596305 	 1 	 1 	 1 	 0 
101.008		210 	 236.689124632 	 232.065662449 	 1 	 1 	 1 	 0 
91.0523		223.898 	 203.943622244 	 227.596191208 	 0 	 1 	 1 	 1 
87.4818		240 	 198.421974056 	 234.50075169 	 0 	 0 	 1 	 0 
91.0523		256.102 	 166.778345971 	 230.178320032 	 0 	 0 	 1 	 -1 
101.008		270 	 219.392307121 	 221.559139279 	 1 	 0 	 1 	 -1 
91.0523		283.898 	 174.051678502 	 225.901709886 	 0 	 1 	 1 	 -1 
87.4817		300 	 188.490040299 	 244.427649157 	 0 	 1 	 1 	 0 
91.0523		316.102 	 199.940812129 	 235.390071639 	 0 	 1 	 1 	 0 
101.008		330 	 210.591741111 	 226.900306958 	 0 	 0 	 1 	 -1 
115.709		340.893 	 202.035274318 	 224.986599405 	 1 	 1 	 1 	 -1 
110.065		353.413 	 221.822497 	 224.137706927 	 1 	 1 	 1 	 0 
110.065		6.58677 	 201.696089608 	 230.751885631 	 1 	 1 	 1 	 0 
115.709		19.1066 	 206.261814183 	 223.945105518 	 1 	 0 	 1 	 1 
126.24		30 	 198.966046617 	 233.313626149 	 1 	 0 	 1 	 1 
115.709		40.8934 	 202.950832027 	 231.548452862 	 1 	 1 	 1 	 0 
110.065		53.4132 	 225.112488658 	 233.747934862 	 0 	 0 	 1 	 1 
110.065		66.5868 	 191.790370398 	 234.709697881 	 0 	 0 	 1 	 -1 
115.709		79.1066 	 204.272002847 	 230.739801927 	 0 	 1 	 1 	 -1 
126.24		90 	 199.436803883 	 232.756931782 	 0 	 1 	 1 	 0 
115.709		100.893 	 228.911446308 	 223.720596881 	 1 	 0 	 1 	 1 
110.065		113.413 	 202.217572615 	 231.324793472 	 1 	 0 	 1 	 1 
110.065		126.587 	 166.994095281 	 228.607522342 	 0 	 1 	 1 	 -1 
115.709		139.107 	 241.64008817 	 233.857368529 	 1 	 0 	 1 	 0 
126.24		150 	 231.306578539 	 222.420665036 	 0 	 0 	 1 	 1 
115.709		160.893 	 212.801879939 	 239.353738105 	 0 	 0 	 1 	 -1 
110.066		173.413 	 186.022494218 	 226.658569431 	 1 	 1 	 1 	 1 
110.066		186.587 	 189.135915676 	 241.43965617 	 0 	 1 	 1 	 1 
115.709		199.107 	 181.093403422 	 236.680075406 	 1 	 1 	 1 	 0 
126.24		210 	 185.555409328 	 243.519669022 	 0 	 0 	 1 	 -1 
115.709		220.893 	 192.689229053 	 235.264294793 	 1 	 1 	 1 	 -1 
110.065		233.413 	 213.535709586 	 237.791143792 	 0 	 0 	 1 	 1 
110.065		246.587 	 208.043149234 	 228.512585537 	 0 	 0 	 1 	 0 
115.709		259.107 	 181.89972128 	 241.385970641 	 0 	 0 	 1 	 -1 
126.24		270 	 188.214703808 	 242.764143681 	 1 	 0 	 1 	 -1 
115.709		280.893 	 206.528054933 	 241.334009882 	 0 	 0 	 1 	 1 
110.065		293.413 	 203.808875354 	 241.892742341 	 0 	 1 	 1 	 1 
110.065		306.587 	 243.513244917 	 236.25675013 	 1 	 0 	 1 	 1 
115.709		319.107 	 244.631954064 	 231.193503977 	 0 	 1 	 1 	 1 
126.24		330 	 220.270914818 	 230.290666681 	 1 	 0 	 1 	 1 
140.56		338.948 	 169.97265277 	 235.817751344 	 1 	 1 	 1 	 0 
133.593		349.107 	 205.928304688 	 240.198734741 	 1 	 0 	 1 	 1 
131.188		0 	 198.080935942 	 233.118979307 	 1 	 1 	 1 	 1 
133.593		10.8934 	 204.882216417 	 229.297753389 	 0 	 1 	 1 	 -1 
140.56		21.0517 	 185.443333424 	 231.850750572 	 1 	 1 	 1 	 1 
151.459		30 	 240.98629504 	 232.261851964 	 0 	 1 	 1 	 -1 
140.56		38.9483 	 206.200535152 	 232.758161385 	 0 	 0 	 1 	 -1 
133.593		49.1066 	 209.605748073 	 235.873145588 	 1 	 1 	 1 	 0 
131.188		60 	 177.324119321 	 243.58726454 	 0 	 1 	 1 	 1 
133.593		70.8934 	 245.286470003 	 224.688861759 	 0 	 0 	 1 	 -1 
140.56		81.0517 	 204.059358799 	 226.657613574 	 1 	 1 	 1 	 0 
151.459		90 	 228.449324094 	 237.05415263 	 1 	 1 	 1 	 0 
140.56		98.9483 	 232.042841925 	 232.279711682 	 1 	 1 	 1 	 -1 
133.593		109.107 	 200.870527144 	 230.793981739 	 1 	 0 	 1 	 1 
131.188		120 	 237.795230828 	 238.151548794 	 0 	 1 	 1 	 -1 
133.593		130.893 	 189.895787423 	 242.360015524 	 0 	 0 	 1 	 -1 
140.56		141.052 	 187.831210098 	 243.915089026 	 0 	 1 	 1 	 -1 
151.459		150 	 204.437593482 	 237.254656563 	 0 	 0 	 1 	 -1 
140.56		158.948 	 169.756204697 	 220.927543341 	 1 	 1 	 1 	 1 
133.593		169.107 	 180.784760542 	 239.463435649 	 1 	 0 	 1 	 -1 
131.188		180 	 223.591614627 	 231.287883702 	 1 	 0 	 1 	 -1 
133.593		190.893 	 190.914217921 	 229.559631021 	 0 	 1 	 1 	 1 
140.56		201.052 	 180.505510439 	 225.635885908 	 0 	 1 	 1 	 0 
151.459		210 	 221.923466656 	 234.697536505 	 1 	 1 	 1 	 1 
140.56		218.948 	 202.899130581 	 233.729035913 	 0 	 0 	 1 	 1 
133.593		229.107 	 220.678699595 	 220.040287456 	 1 	 1 	 1 	 0 
131.188		240 	 203.613245537 	 236.200018685 	 1 	 0 	 1 	 1 
133.592		250.893 	 198.55451344 	 229.453964238 	 0 	 1 	 1 	 0 
140.56		261.052 	 213.159961975 	 221.438081333 	 0 	 0 	 1 	 1 
151.459		270 	 221.887312034 	 234.20957776 	 0 	 0 	 1 	 0 
140.56		278.948 	 202.117395653 	 230.093847786 	 0 	 0 	 1 	 1 
133.592		289.107 	 249.931619822 	 232.468554659 	 1 	 0 	 1 	 -1 
131.188		300 	 164.474842544 	 223.130795915 	 0 	 1 	 1 	 1 
133.593		310.893 	 196.794363605 	 224.606258016 	 1 	 1 	 1 	 0 
140.56		321.052 	 161.442926819 	 238.945870888 	 0 	 1 	 1 	 -1 
151.459		330 	 224.138202082 	 230.508125559 	 0 	 1 	 1 	 -1 
165.51		337.589 	 207.818077866 	 234.756757644 	 0 	 1 	 1 	 -1 
157.635		346.102 	 186.044777384 	 230.243519936 	 1 	 1 	 1 	 0 
153.545		355.285 	 180.421967668 	 229.194221373 	 1 	 1 	 1 	 0 
153.545		4.715 	 209.79694232 	 232.338744029 	 1 	 1 	 1 	 0 
157.635		13.8979 	 228.049362742 	 227.732840228 	 0 	 1 	 1 	 -1 
165.51		22.4109 	 230.136009925 	 235.338955162 	 1 	 0 	 1 	 -1 
176.661		30 	 190.751774763 	 223.637915124 	 0 	 0 	 1 	 0 
165.51		37.5891 	 204.030877436 	 230.463826239 	 0 	 1 	 1 	 -1 
157.635		46.1021 	 205.141238807 	 229.903323223 	 0 	 1 	 1 	 0 
153.545		55.285 	 245.776898737 	 232.637580927 	 0 	 0 	 1 	 1 
153.545		64.715 	 193.757408348 	 230.558178376 	 0 	 0 	 1 	 -1 
157.635		73.8979 	 206.178621498 	 230.741432119 	 0 	 0 	 1 	 0 
165.51		82.4109 	 217.473436388 	 240.833915166 	 0 	 0 	 1 	 1 
176.661		90 	 203.53153166 	 230.203667529 	 0 	 0 	 1 	 -1 
165.51		97.5891 	 202.374273221 	 229.62854854 	 1 	 1 	 1 	 -1 
157.635		106.102 	 222.302629573 	 226.087983872 	 0 	 0 	 1 	 0 
153.545		115.285 	 207.022530608 	 224.052751187 	 1 	 0 	 1 	 -1 
153.545		124.715 	 215.364175728 	 235.084391241 	 1 	 1 	 1 	 0 
157.635		133.898 	 218.19169385 	 226.779789496 	 1 	 1 	 1 	 0 
165.51		142.411 	 219.378539815 	 235.190454195 	 1 	 0 	 1 	 -1 
176.661		150 	 208.775072786 	 231.014135376 	 0 	 1 	 1 	 0 
165.509		157.589 	 210.866414294 	 236.572017772 	 0 	 1 	 1 	 0 
157.635		166.102 	 210.83295138 	 235.482390916 	 1 	 1 	 1 	 1 
153.546		175.285 	 205.107389672 	 230.853853847 	 0 	 0 	 1 	 0 
153.546		184.715 	 197.390709544 	 237.47831813 	 0 	 1 	 1 	 1 
157.635		193.898 	 198.029359607 	 235.83428003 	 0 	 1 	 1 	 -1 
165.509		202.411 	 246.473448137 	 225.834207358 	 0 	 1 	 1 	 1 
165.51		217.589 	 221.452803552 	 240.298716968 	 1 	 1 	 1 	 1 
157.635		226.102 	 197.302499366 	 228.019022788 	 0 	 0 	 1 	 1 
153.545		235.285 	 182.790407569 	 228.229663857 	 1 	 0 	 1 	 -1 
153.545		244.715 	 197.166314264 	 229.419165349 	 1 	 0 	 1 	 1 
157.635		253.898 	 194.726891495 	 219.442595743 	 0 	 0 	 1 	 0 
165.51		262.411 	 196.079203603 	 235.542336123 	 0 	 0 	 1 	 -1 
176.661		270 	 201.421812676 	 232.188483018 	 1 	 0 	 1 	 1 
165.51		277.589 	 209.585950133 	 232.651902749 	 0 	 1 	 1 	 1 
157.635		286.102 	 202.234297812 	 239.667734884 	 0 	 1 	 1 	 1 
153.545		295.285 	 220.255325833 	 229.741730642 	 0 	 0 	 1 	 1 
153.545		304.715 	 214.664789347 	 230.362910179 	 0 	 0 	 1 	 0 
157.635		313.898 	 213.258573858 	 229.102772003 	 0 	 0 	 1 	 1 
165.51		322.411 	 230.978285449 	 231.131990306 	 0 	 1 	 1 	 -1 
176.661		330 	 247.905346137 	 232.704033578 	 0 	 1 	 1 	 1 
190.511		336.587 	 200.316627553 	 230.601397848 	 1 	 0 	 1 	 1 
181.979		343.898 	 214.617752586 	 230.943609226 	 0 	 1 	 1 	 -1 
176.661		351.787 	 209.301550864 	 235.450983503 	 0 	 1 	 1 	 -1 
174.852		0 	 201.197688288 	 231.46627904 	 0 	 1 	 1 	 1 
176.661		8.21321 	 206.865026145 	 233.173577514 	 1 	 1 	 1 	 1 
181.979		16.1021 	 211.980814011 	 235.594504763 	 1 	 0 	 1 	 1 
190.511		23.4132 	 220.090187187 	 233.282670749 	 0 	 0 	 1 	 0 
201.845		30 	 181.101037022 	 238.911532997 	 0 	 1 	 1 	 1 
181.979		43.8979 	 203.070840598 	 231.321335815 	 1 	 1 	 1 	 -1 
176.661		51.7868 	 216.095979727 	 236.356840176 	 1 	 0 	 1 	 0 
174.852		60 	 201.194771908 	 228.858063922 	 1 	 1 	 1 	 -1 
176.661		68.2132 	 244.651335477 	 236.06543888 	 1 	 1 	 1 	 1 
181.979		76.1021 	 185.391390001 	 223.658375429 	 1 	 1 	 1 	 1 
190.511		83.4132 	 212.498217799 	 243.6512181 	 1 	 0 	 1 	 -1 
201.845		90 	 207.61717058 	 229.054015658 	 0 	 0 	 1 	 -1 
190.511		96.5868 	 189.823984622 	 229.78830286 	 0 	 1 	 1 	 -1 
181.979		103.898 	 213.250093524 	 231.107651976 	 1 	 1 	 1 	 -1 
176.661		111.787 	 227.579471452 	 220.924541771 	 0 	 0 	 1 	 1 
174.852		120 	 232.652769436 	 227.587344943 	 1 	 0 	 1 	 0 
176.661		128.213 	 201.983117076 	 230.824312222 	 1 	 1 	 1 	 1 
181.979		136.102 	 194.757472936 	 217.227674626 	 1 	 1 	 1 	 1 
190.51		143.413 	 233.735632292 	 221.816167254 	 1 	 0 	 1 	 0 
201.845		150 	 200.858298095 	 230.860166258 	 1 	 1 	 1 	 0 
190.511		156.587 	 206.611462265 	 231.641405173 	 0 	 0 	 1 	 1 
181.979		163.898 	 180.961805711 	 235.28299565 	 1 	 0 	 1 	 1 
176.661		171.787 	 218.58040102 	 240.832247139 	 0 	 1 	 1 	 1 
174.852		180 	 165.520511518 	 239.250140636 	 1 	 1 	 1 	 -1 
176.661		188.213 	 218.28293212 	 228.142708559 	 1 	 1 	 1 	 -1 
181.979		196.102 	 219.965048425 	 231.424990283 	 0 	 0 	 1 	 1 
190.511		203.413 	 228.872225717 	 231.371317316 	 1 	 1 	 1 	 -1 
201.845		210 	 215.678919017 	 226.394554012 	 1 	 1 	 1 	 0 
190.51		216.587 	 193.95221652 	 218.107052784 	 1 	 1 	 1 	 -1 
181.979		223.898 	 189.140177617 	 240.305954734 	 1 	 1 	 1 	 -1 
176.661		231.787 	 218.198387543 	 233.833853868 	 0 	 1 	 1 	 -1 
174.853		240 	 172.422709324 	 218.555633588 	 0 	 1 	 1 	 -1 
176.662		248.213 	 178.490112682 	 234.96373312 	 1 	 1 	 1 	 1 
181.979		256.102 	 193.301937305 	 233.800927647 	 1 	 1 	 1 	 -1 
190.511		263.413 	 159.297971529 	 239.090971811 	 1 	 0 	 1 	 -1 
190.511		276.587 	 210.500479752 	 231.079627485 	 0 	 1 	 1 	 1 
181.979		283.898 	 204.029882246 	 229.190765112 	 1 	 0 	 1 	 0 
176.662		291.787 	 182.427041863 	 228.729257882 	 1 	 0 	 1 	 -1 
174.853		300 	 202.170901759 	 220.741828641 	 0 	 0 	 1 	 0 
176.661		308.213 	 215.331202409 	 224.835892534 	 0 	 0 	 1 	 -1 
181.979		316.102 	 213.624155537 	 226.518299662 	 0 	 1 	 1 	 -1 
190.511		323.413 	 190.82133042 	 216.788430216 	 0 	 1 	 1 	 1 
201.845		330 	 205.382965065 	 228.049802147 	 1 	 0 	 1 	 -1 
215.536		335.818 	 175.672721919 	 235.844928891 	 1 	 1 	 1 	 1 
206.511		342.216 	 192.260552492 	 228.649639411 	 0 	 1 	 1 	 -1 
200.265		349.107 	 179.115182631 	 224.522049329 	 1 	 1 	 1 	 -1 
197.068		356.329 	 192.225768536 	 217.484673606 	 0 	 0 	 1 	 1 
197.068		3.6705 	 189.326489041 	 224.11883648 	 1 	 0 	 1 	 -1 
200.265		10.8934 	 205.633001736 	 235.168916775 	 1 	 1 	 1 	 -1 
206.511		17.7836 	 200.821920674 	 232.747653786 	 0 	 0 	 1 	 0 
215.536		24.1825 	 215.604401228 	 227.949067528 	 1 	 0 	 1 	 1 
227.007		30 	 195.515553452 	 228.745866001 	 1 	 0 	 1 	 1 
215.536		35.8175 	 174.091772598 	 231.567461303 	 1 	 1 	 1 	 0 
206.511		42.2164 	 189.265703735 	 229.117896456 	 0 	 0 	 1 	 0 
200.265		49.1066 	 201.532603413 	 230.842245946 	 1 	 0 	 1 	 0 
197.068		56.3295 	 196.407784216 	 219.623436418 	 1 	 1 	 1 	 -1 
197.068		63.6705 	 212.826801469 	 227.765978161 	 0 	 1 	 1 	 0 
200.265		70.8934 	 219.609555155 	 220.520481865 	 0 	 0 	 1 	 0 
206.511		77.7836 	 181.571693374 	 223.324431875 	 0 	 1 	 1 	 0 
215.536		84.1825 	 197.195451723 	 232.454406751 	 1 	 0 	 1 	 0 
227.007		90 	 191.947609825 	 232.742231163 	 0 	 0 	 1 	 -1 
215.536		95.8175 	 198.79904129 	 229.116974038 	 1 	 0 	 1 	 1 
206.511		102.216 	 197.08843852 	 227.415948545 	 0 	 1 	 1 	 0 
200.265		109.107 	 201.24368279 	 235.974934016 	 0 	 1 	 1 	 -1 
197.068		116.33 	 244.387838241 	 234.525349033 	 1 	 0 	 1 	 -1 
197.068		123.671 	 204.437104467 	 232.03554552 	 0 	 1 	 1 	 1 
200.265		130.893 	 201.18228972 	 230.135887653 	 1 	 1 	 1 	 0 
206.51		137.784 	 247.47217145 	 234.168680586 	 1 	 1 	 1 	 1 
215.536		144.182 	 195.707345531 	 236.652713445 	 1 	 1 	 1 	 0 
227.007		150 	 212.867445613 	 241.607866041 	 0 	 0 	 1 	 1 
215.536		155.818 	 207.751131138 	 230.77816362 	 0 	 1 	 1 	 1 
206.511		162.216 	 177.676327026 	 237.646073867 	 0 	 1 	 1 	 1 
200.266		169.107 	 180.254315523 	 219.327930213 	 1 	 0 	 1 	 -1 
197.068		176.33 	 179.451866973 	 239.083734384 	 1 	 1 	 1 	 1 
197.068		183.671 	 204.524111188 	 219.175642637 	 1 	 1 	 1 	 -1 
200.266		190.893 	 206.222475743 	 234.532086843 	 0 	 0 	 1 	 -1 
206.511		197.784 	 154.837774322 	 226.889077469 	 1 	 1 	 1 	 0 
215.536		204.182 	 182.951548976 	 222.178868707 	 1 	 0 	 1 	 1 
227.007		210 	 177.152233987 	 224.59178653 	 1 	 0 	 1 	 -1 
215.536		215.818 	 240.581978137 	 236.519061157 	 0 	 0 	 1 	 1 
206.51		222.216 	 232.417888058 	 234.538478376 	 0 	 1 	 1 	 0 
200.265		229.107 	 209.839099228 	 223.186335402 	 0 	 1 	 1 	 0 
197.068		236.329 	 205.646285125 	 226.178133487 	 0 	 1 	 1 	 1 
197.068		243.671 	 203.308618886 	 229.512381594 	 0 	 1 	 1 	 1 
200.265		250.893 	 204.995312463 	 228.453468031 	 0 	 1 	 1 	 0 
206.51		257.784 	 227.530270567 	 233.977974559 	 1 	 1 	 1 	 -1 
215.536		264.182 	 224.306866292 	 223.424177103 	 1 	 1 	 1 	 -1 
227.007		270 	 204.985380002 	 230.566865071 	 0 	 0 	 1 	 0 
215.536		275.818 	 174.393390359 	 242.621408062 	 1 	 0 	 1 	 -1 
206.51		282.216 	 192.11179829 	 229.324939925 	 1 	 0 	 1 	 -1 
200.265		289.107 	 197.999709331 	 230.207487187 	 1 	 0 	 1 	 1 
197.068		296.329 	 198.964449667 	 228.847597526 	 0 	 1 	 1 	 -1 
197.068		303.67 	 185.89266058 	 217.89592168 	 0 	 1 	 1 	 1 
200.265		310.893 	 188.288464603 	 229.0979351 	 0 	 0 	 1 	 -1 
206.511		317.784 	 225.939736039 	 237.558036813 	 0 	 0 	 1 	 -1 
227.008		330 	 200.627348335 	 226.377351046 	 1 	 0 	 1 	 -1 
240.57		335.209 	 195.201168136 	 228.883959384 	 1 	 1 	 1 	 1 
231.161		340.893 	 164.964124378 	 230.774068096 	 1 	 0 	 1 	 -1 
224.195		346.996 	 231.304461978 	 223.636614697 	 1 	 1 	 1 	 0 
219.909		353.413 	 183.967530077 	 223.086319121 	 0 	 1 	 1 	 1 
218.461		0 	 204.29306266 	 219.70154101 	 0 	 1 	 1 	 0 
219.909		6.58678 	 201.757001292 	 230.845694024 	 1 	 0 	 1 	 -1 
224.195		13.0039 	 198.871317271 	 238.489142923 	 0 	 0 	 1 	 1 
231.161		19.1066 	 232.76938729 	 231.432097395 	 0 	 0 	 1 	 0 
240.57		24.7913 	 216.537032766 	 217.928927339 	 0 	 1 	 1 	 -1 
252.146		30 	 188.256400496 	 220.516174454 	 0 	 1 	 1 	 -1 
240.57		35.2087 	 222.379118907 	 231.47492074 	 1 	 1 	 1 	 1 
231.161		40.8934 	 197.501558511 	 227.387014925 	 0 	 1 	 1 	 0 
224.195		46.9961 	 188.458584992 	 221.88132418 	 0 	 1 	 1 	 -1 
219.909		53.4132 	 157.094147235 	 234.810757059 	 0 	 1 	 1 	 -1 
218.461		60 	 192.355463894 	 226.697018657 	 1 	 0 	 1 	 0 
219.909		66.5868 	 175.600543745 	 231.456370342 	 0 	 0 	 1 	 0 
224.195		73.0039 	 220.849675753 	 227.956952887 	 1 	 1 	 1 	 1 
231.161		79.1066 	 188.31166014 	 235.992362706 	 1 	 1 	 1 	 -1 
240.57		84.7913 	 188.9770453 	 228.792908891 	 0 	 0 	 1 	 0 
240.57		95.2087 	 169.558823496 	 240.736678197 	 0 	 0 	 1 	 1 
231.161		100.893 	 210.564428191 	 237.871360578 	 0 	 1 	 1 	 1 
224.195		106.996 	 173.830254237 	 240.391414507 	 0 	 0 	 1 	 1 
219.909		113.413 	 230.656773102 	 238.024010802 	 1 	 1 	 1 	 1 
218.461		120 	 178.991071456 	 243.43025672 	 1 	 0 	 1 	 0 
219.909		126.587 	 199.059087956 	 232.240194956 	 1 	 0 	 1 	 -1 
224.195		133.004 	 175.148272007 	 228.690676742 	 1 	 1 	 1 	 -1 
231.161		139.107 	 208.480410562 	 228.905313203 	 0 	 0 	 1 	 1 
252.146		150 	 200.581032741 	 237.32113095 	 1 	 0 	 1 	 -1 
240.57		155.209 	 204.323464879 	 232.296446404 	 1 	 1 	 1 	 -1 
231.16		160.893 	 204.384532325 	 236.863318179 	 1 	 0 	 1 	 0 
224.196		166.996 	 200.484446551 	 226.985722614 	 1 	 1 	 1 	 -1 
219.909		173.413 	 201.569224981 	 230.594790464 	 0 	 0 	 1 	 1 
218.461		180 	 218.735979181 	 224.69235512 	 0 	 0 	 1 	 -1 
219.909		186.587 	 174.314870188 	 228.221916192 	 1 	 0 	 1 	 1 
224.196		193.004 	 199.072651223 	 234.997165918 	 0 	 1 	 1 	 1 
231.16		199.107 	 189.805883033 	 243.375660755 	 1 	 1 	 1 	 0 
240.57		204.791 	 235.083665898 	 238.188340039 	 1 	 1 	 1 	 0 
252.146		210 	 234.173559764 	 233.611728367 	 0 	 0 	 1 	 0 
240.57		215.209 	 224.220042701 	 220.97446807 	 0 	 0 	 1 	 1 
231.161		220.893 	 179.045403609 	 229.514466463 	 1 	 1 	 1 	 -1 
224.196		226.996 	 241.259803799 	 237.070231355 	 1 	 0 	 1 	 0 
219.909		233.413 	 189.128387309 	 229.709390997 	 0 	 0 	 1 	 0 
218.461		240 	 200.979063048 	 230.89907048 	 0 	 1 	 1 	 0 
219.909		246.587 	 219.524801388 	 228.736659588 	 0 	 1 	 1 	 0 
224.195		253.004 	 187.463211092 	 225.537699344 	 1 	 1 	 1 	 -1 
231.16		259.107 	 216.107215415 	 226.357611157 	 1 	 0 	 1 	 0 
240.57		264.791 	 193.310520259 	 227.204508242 	 1 	 0 	 1 	 0 
252.146		270 	 207.242637059 	 242.15468241 	 1 	 0 	 1 	 -1 
240.57		275.209 	 220.690706084 	 233.701507145 	 0 	 0 	 1 	 0 
231.16		280.893 	 192.966345038 	 229.309823423 	 1 	 0 	 1 	 -1 
224.195		286.996 	 205.650654917 	 236.998543384 	 1 	 0 	 1 	 -1 
219.909		293.413 	 231.190661726 	 235.851066409 	 0 	 0 	 1 	 0 
218.461		300 	 187.830957875 	 231.163539455 	 0 	 0 	 1 	 0 
219.909		306.587 	 198.730023783 	 228.924380568 	 0 	 1 	 1 	 0 
224.196		313.004 	 233.090183335 	 227.641209186 	 0 	 1 	 1 	 -1 
231.161		319.107 	 202.293170467 	 230.950075782 	 0 	 1 	 1 	 1 
240.57		324.791 	 210.205416362 	 224.442286946 	 1 	 0 	 1 	 1 
252.146		330 	 211.103935397 	 223.058850214 	 1 	 1 	 1 	 -1 
265.601		334.715 	 203.332032695 	 239.068514462 	 1 	 1 	 1 	 -1 
255.886		339.826 	 195.842952187 	 230.390705815 	 1 	 1 	 1 	 0 
248.348		345.295 	 177.822791217 	 238.042193655 	 1 	 0 	 1 	 -1 
243.191		351.052 	 205.429816678 	 232.966477734 	 1 	 0 	 1 	 0 
240.57		356.996 	 222.129010182 	 222.928143412 	 1 	 1 	 1 	 0 
240.57		3.00449 	 201.750712236 	 225.962113995 	 1 	 1 	 1 	 0 
243.191		8.94827 	 221.327869481 	 223.138906553 	 0 	 1 	 1 	 -1 
248.348		14.7047 	 188.380786739 	 231.640229119 	 1 	 0 	 1 	 1 
255.886		20.1736 	 185.45718966 	 221.200358459 	 0 	 0 	 1 	 1 
265.601		25.285 	 199.761241615 	 231.335477468 	 1 	 0 	 1 	 1 
277.258		30 	 177.842650387 	 240.365934385 	 1 	 1 	 1 	 1 
265.601		34.715 	 205.919384189 	 229.548749712 	 0 	 1 	 1 	 0 
255.887		39.8264 	 200.586585733 	 232.526535094 	 0 	 0 	 1 	 1 
248.348		45.2953 	 226.112176493 	 235.754449562 	 1 	 1 	 1 	 0 
243.191		51.0517 	 195.478480229 	 242.786384151 	 1 	 0 	 1 	 -1 
240.57		56.9955 	 217.739218899 	 233.269016844 	 0 	 1 	 1 	 -1 
240.57		63.0045 	 216.084431458 	 241.974647315 	 0 	 1 	 1 	 -1 
243.191		68.9483 	 194.245019624 	 232.656563008 	 1 	 0 	 1 	 0 
248.348		74.7047 	 178.324984253 	 235.047031976 	 1 	 0 	 1 	 -1 
255.887		80.1736 	 227.206152787 	 228.673150711 	 0 	 1 	 1 	 -1 
265.601		85.285 	 200.208147518 	 230.813888333 	 1 	 1 	 1 	 -1 
277.257		90 	 202.02957884 	 231.50611925 	 0 	 0 	 1 	 1 
265.601		94.715 	 203.232582932 	 230.519323703 	 0 	 1 	 1 	 1 
255.887		99.8264 	 183.829008844 	 231.791623033 	 0 	 0 	 1 	 0 
248.348		105.295 	 172.516833237 	 239.97697034 	 0 	 1 	 1 	 -1 
243.191		111.052 	 153.922637839 	 235.08204429 	 0 	 1 	 1 	 1 
240.57		116.996 	 221.665588578 	 229.118366503 	 0 	 1 	 1 	 0 
240.57		123.005 	 208.457582129 	 236.975371466 	 1 	 1 	 1 	 0 
243.191		128.948 	 172.454103171 	 231.558055026 	 1 	 0 	 1 	 0 
248.348		134.705 	 199.368797073 	 228.978506658 	 0 	 1 	 1 	 0 
255.887		140.174 	 191.290618594 	 232.918100062 	 0 	 1 	 1 	 -1 
265.6		145.285 	 189.382397993 	 235.294754466 	 1 	 0 	 1 	 0 
277.257		150 	 186.854594039 	 231.011477518 	 0 	 1 	 1 	 0 
265.601		154.715 	 190.292302136 	 239.87995315 	 1 	 1 	 1 	 1 
255.886		159.826 	 194.160971978 	 228.914503548 	 1 	 0 	 1 	 -1 
248.348		165.295 	 229.915846846 	 227.049683779 	 1 	 0 	 1 	 -1 
243.191		171.052 	 243.443856566 	 227.24555093 	 0 	 0 	 1 	 0 
240.57		176.996 	 206.571699717 	 221.402705707 	 1 	 0 	 1 	 -1 
240.57		183.005 	 215.036852555 	 227.084835036 	 1 	 0 	 1 	 0 
243.191		188.948 	 234.373296054 	 222.82939422 	 1 	 0 	 1 	 -1 
248.348		194.705 	 216.441527732 	 227.113077846 	 0 	 1 	 1 	 0 
255.886		200.174 	 226.383025958 	 236.405865834 	 1 	 1 	 1 	 -1 
265.601		205.285 	 233.837228231 	 240.877257145 	 1 	 0 	 1 	 0 
277.258		210 	 217.630863978 	 232.371437437 	 1 	 1 	 1 	 1 
265.6		214.715 	 237.846143401 	 230.982797422 	 1 	 1 	 1 	 1 
255.887		219.826 	 201.282037623 	 230.338334029 	 0 	 0 	 1 	 0 
248.348		225.295 	 206.139838752 	 228.558814542 	 0 	 1 	 1 	 -1 
243.191		231.052 	 185.660366912 	 233.401301368 	 1 	 0 	 1 	 0 
240.57		236.995 	 201.817751279 	 230.302864355 	 0 	 1 	 1 	 -1 
240.57		243.004 	 190.948130968 	 230.119631974 	 0 	 1 	 1 	 1 
243.19		248.948 	 173.055381008 	 226.445272388 	 1 	 1 	 1 	 1 
248.348		254.705 	 203.060856243 	 242.407779737 	 1 	 1 	 1 	 -1 
255.886		260.174 	 180.347858533 	 242.824173245 	 0 	 0 	 1 	 1 
265.601		265.285 	 204.479165415 	 232.20685539 	 1 	 0 	 1 	 0 
277.258		270 	 249.318139668 	 229.72218088 	 1 	 0 	 1 	 0 
265.601		274.715 	 185.889188425 	 224.94058652 	 0 	 1 	 1 	 1 
255.886		279.826 	 212.777277899 	 237.390933854 	 0 	 0 	 1 	 -1 
248.348		285.295 	 170.764284692 	 231.062671774 	 1 	 0 	 1 	 0 
243.19		291.052 	 201.312973559 	 230.883261066 	 0 	 0 	 1 	 1 
240.57		296.996 	 173.96148548 	 229.023228665 	 0 	 0 	 1 	 -1 
240.57		303.004 	 206.692018592 	 239.9567593 	 1 	 0 	 1 	 1 
243.191		308.948 	 190.957186532 	 240.978554754 	 1 	 1 	 1 	 -1 
248.348		314.705 	 171.733075495 	 231.21030474 	 1 	 1 	 1 	 0 
255.886		320.174 	 205.51589666 	 220.353975955 	 1 	 0 	 1 	 0 
265.6		325.285 	 224.851350232 	 226.243219838 	 0 	 0 	 1 	 0 
277.258		330 	 200.701834137 	 220.210535522 	 1 	 1 	 1 	 1 
290.619		334.307 	 204.019830281 	 222.586183336 	 1 	 0 	 1 	 0 
280.659		338.948 	 191.953458404 	 227.141245242 	 1 	 0 	 1 	 0 
272.656		343.898 	 226.430802208 	 232.205806648 	 0 	 1 	 1 	 0 
266.79		349.107 	 180.645619732 	 233.670998331 	 0 	 1 	 1 	 -1 
263.206		354.504 	 201.458773552 	 224.856236524 	 0 	 0 	 1 	 -1 
262.001		0 	 181.597955852 	 235.723166155 	 0 	 1 	 1 	 0 
263.206		5.49637 	 221.335134686 	 234.898915752 	 0 	 1 	 1 	 -1 
266.79		10.8934 	 206.799276955 	 230.709144958 	 0 	 1 	 1 	 -1 
272.656		16.1021 	 171.519026318 	 226.886342233 	 0 	 0 	 1 	 0 
280.659		21.0517 	 194.965237051 	 228.46056142 	 1 	 1 	 1 	 0 
290.619		25.6934 	 185.444791584 	 244.048367949 	 1 	 0 	 1 	 1 
302.34		30 	 247.352864228 	 231.795329838 	 1 	 1 	 1 	 1 
290.619		34.3066 	 238.025277976 	 228.045279873 	 0 	 0 	 1 	 1 
280.659		38.9483 	 223.993074901 	 240.257593574 	 1 	 1 	 1 	 -1 
272.656		43.8979 	 217.796053567 	 231.210246006 	 1 	 0 	 1 	 -1 
266.789		49.1066 	 211.246565238 	 227.073285501 	 1 	 1 	 1 	 0 
263.206		54.5036 	 176.738086903 	 220.308540552 	 1 	 0 	 1 	 1 
262.001		60 	 184.924640634 	 242.527379904 	 0 	 0 	 1 	 -1 
263.206		65.4964 	 227.728774407 	 231.08623029 	 1 	 1 	 1 	 0 
266.79		70.8934 	 194.865191472 	 234.020279961 	 0 	 1 	 1 	 1 
272.656		76.1021 	 234.29502012 	 231.980927188 	 0 	 1 	 1 	 1 
280.659		81.0517 	 197.987459299 	 216.932473057 	 0 	 0 	 1 	 -1 
290.619		85.6934 	 214.570894965 	 236.026223296 	 0 	 1 	 1 	 1 
302.34		90 	 236.313547756 	 223.14985327 	 0 	 1 	 1 	 0 
290.619		94.3066 	 209.904691008 	 222.883746718 	 1 	 0 	 1 	 -1 
280.659		98.9483 	 172.850477878 	 239.587035879 	 1 	 1 	 1 	 1 
272.655		103.898 	 250.672177496 	 229.458474809 	 1 	 0 	 1 	 0 
266.79		109.107 	 196.335186273 	 238.322025694 	 1 	 0 	 1 	 0 
263.206		114.504 	 201.51534317 	 224.367824514 	 1 	 0 	 1 	 1 
262		120 	 228.2880099 	 238.554616307 	 1 	 0 	 1 	 -1 
263.206		125.496 	 188.708019459 	 226.212850321 	 1 	 0 	 1 	 0 
266.79		130.893 	 199.964279353 	 224.964715403 	 1 	 1 	 1 	 0 
272.655		136.102 	 165.616198623 	 227.417986731 	 0 	 1 	 1 	 -1 
280.659		141.052 	 203.632098238 	 233.342113848 	 1 	 1 	 1 	 -1 
290.619		145.693 	 209.637407313 	 224.003428091 	 1 	 0 	 1 	 0 
302.34		150 	 233.154504708 	 226.008140437 	 1 	 1 	 1 	 -1 
290.619		154.307 	 196.204455436 	 230.104288938 	 1 	 1 	 1 	 -1 
280.659		158.948 	 222.213403682 	 221.872325765 	 0 	 1 	 1 	 0 
272.656		163.898 	 243.066413374 	 229.822158821 	 1 	 1 	 1 	 -1 
266.789		169.107 	 202.938013055 	 224.214386171 	 0 	 0 	 1 	 0 
263.206		174.504 	 203.084933706 	 219.056565382 	 0 	 0 	 1 	 1 
262.001		180 	 171.766945917 	 230.613796641 	 1 	 1 	 1 	 1 
263.206		185.496 	 190.055609737 	 226.52160403 	 0 	 1 	 1 	 -1 
266.789		190.893 	 203.382954723 	 243.763990315 	 1 	 0 	 1 	 0 
272.656		196.102 	 178.868687158 	 231.468070636 	 1 	 1 	 1 	 1 
280.659		201.052 	 221.203975221 	 234.688269629 	 1 	 1 	 1 	 0 
290.619		205.693 	 158.33818858 	 224.870622233 	 1 	 0 	 1 	 -1 
302.34		210 	 157.104406164 	 237.684624974 	 1 	 1 	 1 	 0 
290.619		214.307 	 201.458608496 	 230.824590726 	 1 	 1 	 1 	 1 
280.658		218.948 	 247.005213371 	 232.050733748 	 1 	 1 	 1 	 -1 
272.656		223.898 	 188.43884224 	 230.139104703 	 0 	 1 	 1 	 -1 
266.79		229.107 	 179.669195721 	 224.287681064 	 1 	 0 	 1 	 -1 
263.206		234.504 	 206.563478594 	 230.982498389 	 0 	 1 	 1 	 1 
262		240 	 240.186962375 	 225.542122534 	 1 	 0 	 1 	 0 
263.206		245.496 	 180.771944838 	 229.948102542 	 1 	 1 	 1 	 0 
266.789		250.893 	 211.044280918 	 240.380933156 	 0 	 0 	 1 	 1 
272.656		256.102 	 177.0225248 	 220.416175528 	 1 	 1 	 1 	 -1 
280.659		261.052 	 236.80754229 	 225.385820949 	 1 	 1 	 1 	 1 
290.62		265.693 	 201.824079959 	 231.181996208 	 0 	 1 	 1 	 1 
302.34		270 	 198.653727059 	 229.143699886 	 1 	 0 	 1 	 1 
290.62		274.307 	 188.036742906 	 217.454126193 	 1 	 1 	 1 	 -1 
280.659		278.948 	 194.530783688 	 231.9695518 	 1 	 1 	 1 	 1 
272.656		283.898 	 163.531290064 	 236.535023187 	 1 	 1 	 1 	 -1 
266.789		289.107 	 202.685797505 	 230.411312834 	 1 	 1 	 1 	 0 
263.206		294.504 	 206.60256743 	 218.672164146 	 0 	 1 	 1 	 1 
262		300 	 244.069745775 	 230.975302222 	 1 	 1 	 1 	 1 
263.206		305.496 	 237.1175269 	 237.252003409 	 1 	 1 	 1 	 0 
266.79		310.893 	 170.481904748 	 223.820405927 	 0 	 1 	 1 	 -1 
272.656		316.102 	 180.162544406 	 241.103905264 	 0 	 0 	 1 	 -1 
280.659		321.052 	 207.965731183 	 231.35501242 	 1 	 1 	 1 	 0 
290.619		325.693 	 211.936586295 	 229.955377787 	 1 	 0 	 1 	 0 
302.34		330 	 208.923164721 	 227.485281568 	 0 	 0 	 1 	 1 
315.62		333.963 	 235.818004928 	 234.51150563 	 0 	 1 	 1 	 0 
305.457		338.213 	 173.368540363 	 222.587534493 	 0 	 1 	 1 	 -1 
297.071		342.731 	 171.98096702 	 231.292075956 	 0 	 0 	 1 	 0 
290.619		347.48 	 213.047851158 	 231.098011233 	 0 	 1 	 1 	 -1 
286.236		352.411 	 194.14470441 	 228.643346836 	 1 	 0 	 1 	 1 
284.018		357.457 	 197.14885369 	 234.199024699 	 1 	 1 	 1 	 1 
284.018		2.54292 	 207.788684243 	 239.865590462 	 1 	 1 	 1 	 1 
286.236		7.58909 	 197.212791621 	 231.498690324 	 0 	 1 	 1 	 0 
290.619		12.5198 	 192.944220139 	 231.107811009 	 0 	 1 	 1 	 0 
297.071		17.2695 	 216.239335672 	 241.118471315 	 0 	 1 	 1 	 0 
305.457		21.7868 	 180.664203189 	 230.63883446 	 0 	 1 	 1 	 1 
315.62		26.0368 	 219.513102617 	 227.051681165 	 0 	 1 	 1 	 1 
327.39		30 	 190.060595765 	 227.283466903 	 0 	 0 	 1 	 0 
305.457		38.2132 	 199.121089883 	 227.956262557 	 0 	 0 	 1 	 0 
297.071		42.7305 	 181.615283807 	 233.194712132 	 0 	 1 	 1 	 0 
290.619		47.4802 	 210.56128754 	 232.103784192 	 1 	 1 	 1 	 -1 
286.236		52.4109 	 225.238235751 	 239.430167924 	 0 	 0 	 1 	 0 
284.018		57.4571 	 212.743383812 	 231.540120206 	 1 	 1 	 1 	 1 
284.018		62.5429 	 196.484798744 	 231.589101652 	 1 	 1 	 1 	 0 
286.236		67.5891 	 172.928322635 	 232.069124847 	 0 	 0 	 1 	 0 
290.619		72.5198 	 198.533271866 	 232.681800774 	 1 	 0 	 1 	 1 
297.071		77.2695 	 193.840740948 	 241.205693066 	 0 	 1 	 1 	 1 
305.457		81.7868 	 187.69500044 	 222.435033284 	 1 	 0 	 1 	 -1 
315.62		86.0368 	 200.472153987 	 230.066233877 	 0 	 0 	 1 	 0 
327.39		90 	 181.327482291 	 221.881125475 	 1 	 0 	 1 	 -1 
315.62		93.9632 	 196.9494383 	 229.351935735 	 0 	 0 	 1 	 0 
305.457		98.2132 	 200.958890978 	 231.449923242 	 0 	 0 	 1 	 1 
297.071		102.731 	 175.940931154 	 226.450428747 	 1 	 0 	 1 	 1 
290.619		107.48 	 216.167193931 	 230.708359064 	 1 	 0 	 1 	 0 
286.236		112.411 	 242.689260628 	 235.907150676 	 0 	 1 	 1 	 1 
284.018		117.457 	 196.088884023 	 228.564317621 	 1 	 0 	 1 	 -1 
284.018		122.543 	 202.288819532 	 229.476877424 	 0 	 0 	 1 	 1 
286.236		127.589 	 194.30117399 	 230.191583604 	 1 	 1 	 1 	 0 
290.62		132.52 	 177.151954911 	 240.7861057 	 1 	 1 	 1 	 1 
297.071		137.269 	 203.690852824 	 229.493488361 	 1 	 0 	 1 	 0 
305.457		141.787 	 195.820775961 	 239.142142807 	 1 	 0 	 1 	 0 
315.62		146.037 	 194.323852499 	 225.897276154 	 1 	 0 	 1 	 0 
327.39		150 	 183.21783367 	 223.535507253 	 0 	 1 	 1 	 -1 
315.619		153.963 	 168.683696719 	 227.242304694 	 0 	 0 	 1 	 -1 
305.457		158.213 	 197.416958567 	 228.499331541 	 1 	 0 	 1 	 0 
297.071		162.731 	 221.472370908 	 229.793173571 	 1 	 0 	 1 	 -1 
290.62		167.48 	 171.124402373 	 234.525216814 	 1 	 0 	 1 	 1 
286.236		172.411 	 177.424272718 	 233.636748079 	 0 	 0 	 1 	 -1 
284.019		177.457 	 202.020668335 	 230.979818548 	 0 	 0 	 1 	 1 
284.019		182.543 	 202.333563629 	 230.805588831 	 0 	 1 	 1 	 1 
286.236		187.589 	 198.678342165 	 230.518232706 	 1 	 1 	 1 	 -1 
290.62		192.52 	 194.591866791 	 231.582780188 	 1 	 0 	 1 	 1 
297.071		197.269 	 200.53625848 	 233.275681104 	 0 	 1 	 1 	 1 
305.457		201.787 	 160.585756426 	 234.374249437 	 1 	 0 	 1 	 0 
315.62		206.037 	 161.747853915 	 229.197947077 	 1 	 0 	 1 	 0 
327.39		210 	 240.384094426 	 226.277364251 	 1 	 0 	 1 	 -1 
315.62		213.963 	 210.084424895 	 227.407691071 	 0 	 0 	 1 	 -1 
305.457		218.213 	 200.623472864 	 226.440240033 	 1 	 0 	 1 	 1 
297.071		222.731 	 196.353442536 	 231.015088225 	 1 	 1 	 1 	 1 
290.619		227.48 	 201.363552464 	 230.799688787 	 1 	 1 	 1 	 1 
286.236		232.411 	 183.055399751 	 231.379328279 	 0 	 1 	 1 	 1 
284.018		237.457 	 159.787626351 	 237.115327338 	 1 	 1 	 1 	 0 
284.019		242.543 	 201.431485731 	 234.12685895 	 0 	 1 	 1 	 -1 
286.236		247.589 	 238.077751616 	 231.611142041 	 0 	 0 	 1 	 0 
290.62		252.52 	 242.078471985 	 227.841985796 	 0 	 1 	 1 	 0 
297.071		257.269 	 162.591223365 	 229.154773319 	 0 	 1 	 1 	 0 
305.457		261.787 	 184.465918001 	 236.893658181 	 0 	 1 	 1 	 -1 
315.62		266.037 	 206.32593092 	 231.488266257 	 1 	 0 	 1 	 1 
327.39		270 	 223.123188046 	 237.483096561 	 0 	 0 	 1 	 -1 
315.62		273.963 	 157.434859716 	 229.884445348 	 1 	 0 	 1 	 -1 
305.457		278.213 	 210.876365872 	 233.733083377 	 0 	 0 	 1 	 1 
297.071		282.731 	 205.260346739 	 228.433977242 	 0 	 1 	 1 	 -1 
290.62		287.48 	 207.3652935 	 230.259041998 	 1 	 1 	 1 	 0 
286.236		292.411 	 194.598653032 	 218.743930557 	 1 	 0 	 1 	 0 
284.019		297.457 	 153.900325809 	 227.453156493 	 1 	 1 	 1 	 0 
284.018		302.543 	 193.882852851 	 231.805870756 	 0 	 1 	 1 	 0 
286.236		307.589 	 184.964796315 	 224.777241548 	 1 	 0 	 1 	 -1 
290.619		312.52 	 200.314357551 	 232.299643872 	 1 	 1 	 1 	 -1 
297.071		317.269 	 155.891287795 	 228.851590021 	 1 	 0 	 1 	 1 
305.457		321.787 	 213.441407333 	 228.916765932 	 1 	 0 	 1 	 1 
327.39		330 	 172.852222815 	 238.457068701 	 0 	 0 	 1 	 1 
340.597		333.67 	 162.313809847 	 234.092618184 	 1 	 0 	 1 	 -1 
330.266		337.589 	 220.641967685 	 230.316447453 	 0 	 1 	 1 	 -1 
321.56		341.742 	 231.524684422 	 224.800500626 	 0 	 1 	 1 	 1 
314.619		346.102 	 193.330439009 	 242.711888849 	 0 	 0 	 1 	 0 
309.563		350.633 	 199.431877515 	 236.453409867 	 0 	 1 	 1 	 0 
306.489		355.285 	 196.814163008 	 227.323440263 	 1 	 0 	 1 	 -1 
305.457		0 	 200.614337407 	 224.414982568 	 1 	 1 	 1 	 1 
306.489		4.715 	 203.015845254 	 234.35154086 	 1 	 1 	 1 	 -1 
309.563		9.367 	 223.949720331 	 233.125576207 	 1 	 1 	 1 	 1 
314.619		13.8979 	 169.504703777 	 229.348422057 	 0 	 0 	 1 	 -1 
321.56		18.2585 	 194.370123291 	 221.374599116 	 1 	 0 	 1 	 0 
330.266		22.4109 	 222.888545391 	 232.6659302 	 1 	 0 	 1 	 1 
340.597		26.3295 	 188.938078944 	 244.038806292 	 0 	 1 	 1 	 1 
352.406		30 	 190.688345353 	 226.253883437 	 1 	 0 	 1 	 1 
340.597		33.6705 	 217.8978151 	 228.163719344 	 1 	 1 	 1 	 0 
330.266		37.5891 	 157.091954541 	 224.498656571 	 1 	 0 	 1 	 0 
321.56		41.7415 	 237.295200795 	 238.712581987 	 0 	 1 	 1 	 -1 
314.619		46.1021 	 167.750987587 	 224.227221413 	 1 	 0 	 1 	 1 
309.563		50.633 	 244.842213653 	 231.338299259 	 1 	 0 	 1 	 -1 
306.489		55.285 	 212.337794574 	 236.343983009 	 1 	 1 	 1 	 0 
305.457		60 	 194.278448725 	 231.986683472 	 1 	 0 	 1 	 1 
306.489		64.715 	 178.528094378 	 223.620986403 	 0 	 1 	 1 	 1 
309.563		69.367 	 192.841490096 	 217.740935046 	 1 	 0 	 1 	 0 
314.619		73.8979 	 205.512827712 	 234.550645688 	 1 	 0 	 1 	 1 
321.56		78.2585 	 180.688192526 	 220.884044591 	 0 	 1 	 1 	 0 
330.266		82.4109 	 228.336401967 	 224.388610002 	 0 	 0 	 1 	 -1 
340.597		86.3295 	 204.017846732 	 230.617473833 	 0 	 1 	 1 	 -1 
352.406		90 	 202.452519072 	 222.548576883 	 0 	 1 	 1 	 1 
340.597		93.6705 	 242.663478139 	 233.901472023 	 0 	 1 	 1 	 0 
330.266		97.5891 	 215.149256338 	 224.563933248 	 1 	 0 	 1 	 -1 
321.56		101.742 	 209.965164863 	 228.063662438 	 1 	 0 	 1 	 -1 
314.619		106.102 	 241.729697422 	 223.857927956 	 1 	 0 	 1 	 0 
309.563		110.633 	 198.496423915 	 223.043792193 	 1 	 0 	 1 	 0 
306.489		115.285 	 200.251875029 	 231.07445376 	 1 	 1 	 1 	 1 
305.457		120 	 197.971681864 	 230.868380944 	 0 	 1 	 1 	 1 
306.489		124.715 	 213.657319326 	 218.990053687 	 1 	 1 	 1 	 0 
309.563		129.367 	 233.6531218 	 224.511003558 	 1 	 0 	 1 	 -1 
314.619		133.898 	 210.631944738 	 233.935047637 	 0 	 1 	 1 	 0 
321.56		138.258 	 179.382948062 	 233.683252356 	 0 	 1 	 1 	 -1 
330.266		142.411 	 195.102579179 	 220.903374351 	 0 	 1 	 1 	 0 
340.597		146.329 	 203.426455255 	 227.901400134 	 0 	 0 	 1 	 -1 
352.406		150 	 173.688338044 	 234.956131038 	 1 	 1 	 1 	 -1 
340.597		153.671 	 161.170343041 	 230.745603388 	 0 	 1 	 1 	 -1 
330.266		157.589 	 201.921824636 	 230.036563314 	 1 	 1 	 1 	 1 
321.561		161.742 	 170.490164624 	 233.729751715 	 1 	 1 	 1 	 1 
314.618		166.102 	 204.95415634 	 229.857919355 	 1 	 0 	 1 	 -1 
309.563		170.633 	 161.34075772 	 232.091791963 	 1 	 1 	 1 	 0 
306.488		175.285 	 168.976562992 	 228.746753927 	 0 	 1 	 1 	 1 
305.457		180 	 233.650656872 	 239.004738742 	 0 	 0 	 1 	 1 
306.488		184.715 	 242.759381059 	 237.949165063 	 0 	 1 	 1 	 0 
309.563		189.367 	 197.937864202 	 233.573482526 	 1 	 0 	 1 	 -1 
314.618		193.898 	 208.783290831 	 229.161800799 	 0 	 0 	 1 	 1 
321.561		198.258 	 209.328515314 	 236.545588529 	 0 	 1 	 1 	 -1 
330.266		202.411 	 231.098950058 	 237.25404204 	 1 	 0 	 1 	 1 
340.597		206.329 	 206.4510368 	 228.717007236 	 1 	 1 	 1 	 -1 
352.406		210 	 176.520616419 	 227.651812888 	 1 	 0 	 1 	 0 
330.266		217.589 	 239.083273051 	 222.819048582 	 1 	 1 	 1 	 1 
321.56		221.742 	 179.582662495 	 234.186781465 	 1 	 1 	 1 	 0 
314.619		226.102 	 200.268119124 	 220.133814367 	 0 	 1 	 1 	 0 
309.563		230.633 	 237.053049303 	 229.079460288 	 0 	 0 	 1 	 0 
306.489		235.285 	 208.635788872 	 219.596813704 	 1 	 1 	 1 	 1 
305.456		240 	 194.831138656 	 216.704517142 	 0 	 1 	 1 	 1 
306.488		244.715 	 183.531473267 	 232.292416035 	 0 	 1 	 1 	 -1 
309.563		249.367 	 161.021541284 	 228.149238111 	 1 	 0 	 1 	 1 
314.619		253.898 	 183.536023477 	 234.845235358 	 0 	 0 	 1 	 -1 
321.56		258.258 	 201.428219575 	 230.983705893 	 1 	 0 	 1 	 -1 
330.266		262.411 	 210.967218701 	 234.39499081 	 1 	 0 	 1 	 0 
340.597		266.33 	 204.458275931 	 230.224667359 	 0 	 0 	 1 	 -1 
340.597		273.671 	 164.609549585 	 231.423610414 	 0 	 1 	 1 	 1 
330.266		277.589 	 215.407937974 	 232.14760221 	 1 	 0 	 1 	 1 
321.56		281.742 	 187.416438864 	 230.076397616 	 0 	 0 	 1 	 1 
314.619		286.102 	 185.570980572 	 227.29744672 	 0 	 1 	 1 	 -1 
309.563		290.633 	 214.661700483 	 237.653604225 	 1 	 1 	 1 	 -1 
306.488		295.285 	 209.540415924 	 229.448699612 	 1 	 0 	 1 	 -1 
305.457		300 	 197.071629868 	 237.515249913 	 0 	 0 	 1 	 -1 
306.489		304.715 	 178.557040191 	 229.177788697 	 1 	 1 	 1 	 0 
309.563		309.367 	 215.663216004 	 224.23416977 	 0 	 0 	 1 	 1 
314.619		313.898 	 201.816857623 	 230.740268486 	 0 	 1 	 1 	 -1 
321.56		318.258 	 241.163190044 	 230.505597466 	 1 	 0 	 1 	 -1 
330.266		322.411 	 213.389467207 	 244.274637359 	 0 	 1 	 1 	 0 
340.597		326.33 	 205.72677782 	 228.915379232 	 1 	 0 	 1 	 -1 
352.406		330 	 153.741499346 	 228.288770534 	 1 	 0 	 1 	 1 
365.546		333.418 	 241.600549332 	 228.692205161 	 0 	 0 	 1 	 0 
355.074		337.053 	 224.221399063 	 223.778749705 	 1 	 0 	 1 	 -1 
346.099		340.893 	 209.948294088 	 237.812393533 	 0 	 1 	 1 	 1 
338.742		344.921 	 201.290158947 	 232.404590612 	 1 	 0 	 1 	 1 
333.116		349.107 	 193.038895567 	 227.009301229 	 1 	 0 	 1 	 1 
329.31		353.413 	 157.801825402 	 227.691075717 	 0 	 1 	 1 	 1 
327.39		357.796 	 183.343452026 	 244.687182538 	 0 	 1 	 1 	 -1 
327.39		2.20423 	 238.068936962 	 228.329035419 	 0 	 0 	 1 	 -1 
329.31		6.58678 	 206.180834327 	 229.880575772 	 1 	 0 	 1 	 0 
333.116		10.8934 	 188.688056233 	 221.992723511 	 0 	 0 	 1 	 -1 
338.742		15.0791 	 210.649395627 	 230.590343155 	 0 	 1 	 1 	 1 
346.099		19.1066 	 203.21046663 	 229.871888504 	 0 	 1 	 1 	 0 
355.074		22.9473 	 215.982849718 	 230.024695594 	 1 	 1 	 1 	 -1 
365.546		26.582 	 194.191125274 	 227.788318051 	 1 	 1 	 1 	 -1 
377.385		30 	 167.678901314 	 227.174686262 	 0 	 1 	 1 	 1 
365.546		33.418 	 178.038331914 	 225.696628289 	 0 	 0 	 1 	 -1 
355.074		37.0527 	 229.948780529 	 238.809097579 	 0 	 1 	 1 	 -1 
346.099		40.8934 	 209.71072585 	 221.017719283 	 0 	 0 	 1 	 0 
338.743		44.9209 	 201.983695119 	 235.627897858 	 1 	 1 	 1 	 1 
333.116		49.1066 	 195.328433 	 228.929187984 	 1 	 0 	 1 	 0 
329.31		53.4132 	 221.097949463 	 230.997956135 	 1 	 0 	 1 	 -1 
327.39		57.7958 	 236.20807438 	 225.252438842 	 1 	 0 	 1 	 1 
327.39		62.2042 	 208.035752829 	 230.796957167 	 0 	 0 	 1 	 -1 
329.31		66.5868 	 210.904292826 	 240.87226902 	 1 	 0 	 1 	 -1 
333.116		70.8934 	 233.089023705 	 230.608347021 	 0 	 0 	 1 	 1 
338.742		75.0791 	 183.441858245 	 243.999637654 	 1 	 1 	 1 	 0 
346.099		79.1066 	 167.000079568 	 227.424540966 	 0 	 1 	 1 	 0 
355.074		82.9473 	 202.298530373 	 230.386573688 	 0 	 1 	 1 	 -1 
