25.2587		30 	 169.918325699 	 62.2421284772 	 1 	 0 	 1 	 1 
25.2587		90 	 150.425197994 	 39.7653030989 	 0 	 1 	 1 	 1 
25.2587		150 	 106.29083573 	 88.8345413395 	 1 	 1 	 1 	 -1 
25.2587		210 	 144.752483849 	 43.468238691 	 0 	 1 	 1 	 1 
25.2587		270 	 134.444384374 	 56.3830340394 	 0 	 1 	 1 	 0 
43.7478		0 	 139.722844294 	 50.9239731393 	 1 	 1 	 1 	 0 
50.5147		30 	 89.8805655109 	 38.9721959374 	 0 	 0 	 1 	 1 
43.7478		60 	 132.995568409 	 54.1095510279 	 0 	 0 	 1 	 1 
50.5147		90 	 129.837490365 	 44.5709929808 	 1 	 0 	 1 	 -1 
43.7478		120 	 137.655294905 	 47.2122767862 	 1 	 0 	 1 	 1 
50.5147		150 	 164.654981435 	 38.9123766681 	 0 	 0 	 1 	 0 
43.7478		180 	 175.499340431 	 48.4796763269 	 1 	 1 	 1 	 0 
50.5147		210 	 118.918318177 	 34.4003792405 	 1 	 1 	 1 	 -1 
43.7478		240 	 133.069313362 	 46.8260751217 	 0 	 1 	 1 	 0 
43.7478		300 	 54.1677142186 	 42.8253385125 	 1 	 0 	 1 	 -1 
50.5148		330 	 170.075993177 	 357.9885141 	 1 	 1 	 1 	 -1 
66.8212		349.107 	 129.411640126 	 51.4294796291 	 1 	 1 	 1 	 -1 
66.8212		10.8934 	 132.907658489 	 29.4410661029 	 1 	 1 	 1 	 1 
75.7654		30 	 148.74384485 	 47.1361251313 	 1 	 1 	 1 	 0 
66.8212		49.1066 	 154.642656309 	 54.7917834629 	 0 	 1 	 1 	 0 
66.8212		70.8934 	 77.5083736842 	 34.6802681968 	 0 	 1 	 1 	 0 
75.7654		90 	 141.244931942 	 35.5273267305 	 1 	 0 	 1 	 -1 
66.8212		109.107 	 109.174945179 	 78.7298396674 	 0 	 0 	 1 	 0 
66.8212		130.893 	 61.8899320158 	 51.813103252 	 1 	 0 	 1 	 1 
75.7654		150 	 127.442561473 	 54.7527566294 	 1 	 1 	 1 	 0 
66.8212		169.107 	 132.99865924 	 45.6487887414 	 0 	 1 	 1 	 1 
66.8212		190.893 	 145.708563747 	 90.2920869128 	 0 	 1 	 1 	 1 
66.8212		229.107 	 141.996859228 	 61.8387942706 	 1 	 0 	 1 	 0 
66.8212		250.893 	 154.291421224 	 56.1410960305 	 1 	 1 	 1 	 0 
75.7654		270 	 262.105050155 	 34.2163545897 	 1 	 0 	 1 	 1 
66.8212		289.107 	 148.935680671 	 79.7529350913 	 0 	 1 	 1 	 0 
66.8212		310.893 	 134.785149561 	 50.8924642995 	 1 	 1 	 1 	 1 
75.7654		330 	 160.785830381 	 31.315034773 	 0 	 1 	 1 	 1 
91.0523		343.898 	 101.483992743 	 59.7293163673 	 1 	 0 	 1 	 1 
87.4818		0 	 140.396984195 	 44.9382429741 	 1 	 0 	 1 	 0 
91.0523		16.1021 	 153.069555154 	 47.008460351 	 1 	 1 	 1 	 -1 
101.008		30 	 209.949867009 	 66.1305662673 	 0 	 0 	 1 	 1 
91.0523		43.8979 	 156.609482619 	 57.713316463 	 1 	 0 	 1 	 1 
87.4818		60 	 109.638071014 	 76.154327816 	 0 	 1 	 1 	 0 
91.0523		76.1021 	 140.000314488 	 61.6906501692 	 1 	 0 	 1 	 1 
91.0523		103.898 	 92.8284655948 	 37.6055757096 	 1 	 0 	 1 	 1 
87.4818		120 	 128.86767439 	 41.1382107844 	 0 	 0 	 1 	 0 
91.0523		136.102 	 57.4049515435 	 64.0716065147 	 0 	 0 	 1 	 0 
91.0523		163.898 	 114.870629811 	 52.1728967128 	 1 	 0 	 1 	 -1 
87.4818		180 	 144.128120882 	 57.5842077094 	 1 	 1 	 1 	 0 
91.0523		196.102 	 163.979674277 	 10.8719054596 	 1 	 0 	 1 	 0 
101.008		210 	 126.517758317 	 53.7179193586 	 1 	 0 	 1 	 1 
91.0523		223.898 	 203.829221364 	 66.4765788116 	 1 	 1 	 1 	 1 
87.4818		240 	 130.927043709 	 46.0241170153 	 1 	 1 	 1 	 1 
91.0523		256.102 	 138.344392032 	 47.8724740122 	 1 	 1 	 1 	 1 
101.008		270 	 135.52169652 	 46.2673390095 	 1 	 1 	 1 	 1 
91.0523		283.898 	 110.977506543 	 44.6963369307 	 1 	 1 	 1 	 -1 
87.4817		300 	 166.372322736 	 37.4035984177 	 1 	 1 	 1 	 -1 
91.0523		316.102 	 140.791642611 	 79.0242544618 	 0 	 1 	 1 	 -1 
101.008		330 	 175.989290034 	 54.2345365368 	 0 	 0 	 1 	 0 
115.709		340.893 	 225.804131573 	 39.206294829 	 1 	 0 	 1 	 1 
110.065		353.413 	 74.2825455904 	 41.3666051437 	 0 	 1 	 1 	 1 
110.065		6.58677 	 137.390060711 	 49.8208571423 	 0 	 1 	 1 	 -1 
115.709		19.1066 	 143.269887743 	 30.5025183937 	 0 	 1 	 1 	 -1 
126.24		30 	 152.647916844 	 28.8959609604 	 1 	 0 	 1 	 -1 
115.709		40.8934 	 131.697159793 	 38.2566238386 	 0 	 1 	 1 	 0 
110.065		53.4132 	 137.572272311 	 46.946464313 	 1 	 0 	 1 	 1 
110.065		66.5868 	 123.49190706 	 48.2754072211 	 0 	 0 	 1 	 -1 
115.709		79.1066 	 182.556953743 	 57.377942874 	 0 	 1 	 1 	 1 
126.24		90 	 119.900712962 	 42.3950732071 	 1 	 1 	 1 	 1 
115.709		100.893 	 148.272651027 	 45.4304000927 	 1 	 0 	 1 	 0 
110.065		113.413 	 107.880540774 	 65.2949411216 	 0 	 0 	 1 	 -1 
110.065		126.587 	 129.632794029 	 46.144766233 	 1 	 0 	 1 	 1 
115.709		139.107 	 124.492578088 	 46.8713579904 	 0 	 0 	 1 	 -1 
126.24		150 	 134.382303369 	 51.2516263751 	 1 	 0 	 1 	 0 
115.709		160.893 	 123.323697155 	 51.4668227727 	 0 	 1 	 1 	 -1 
110.066		173.413 	 154.191120969 	 40.2282294518 	 1 	 0 	 1 	 -1 
110.066		186.587 	 62.3501883355 	 59.3617547705 	 0 	 1 	 1 	 0 
115.709		199.107 	 39.2402890693 	 48.4601814997 	 1 	 1 	 1 	 0 
126.24		210 	 144.779694529 	 49.6862452659 	 1 	 0 	 1 	 -1 
115.709		220.893 	 168.144017732 	 57.9887717326 	 1 	 1 	 1 	 1 
110.065		233.413 	 179.404411658 	 54.9044553096 	 1 	 1 	 1 	 -1 
110.065		246.587 	 197.332224247 	 37.5907347552 	 1 	 1 	 1 	 1 
115.709		259.107 	 57.1805493502 	 342.406616436 	 0 	 0 	 1 	 -1 
126.24		270 	 122.652773406 	 55.5862526086 	 1 	 1 	 1 	 -1 
115.709		280.893 	 100.467489719 	 28.1499365564 	 1 	 1 	 1 	 -1 
110.065		293.413 	 144.756690132 	 48.9705505861 	 0 	 0 	 1 	 1 
110.065		306.587 	 141.932889567 	 45.5686052678 	 1 	 1 	 1 	 0 
115.709		319.107 	 120.745630434 	 49.2008899255 	 1 	 1 	 1 	 -1 
126.24		330 	 139.454267343 	 23.5754157878 	 0 	 1 	 1 	 -1 
140.56		338.948 	 219.716977627 	 64.1433039935 	 1 	 1 	 1 	 0 
133.593		349.107 	 136.70548717 	 48.0989850314 	 0 	 0 	 1 	 -1 
131.188		0 	 137.649834887 	 44.9494840416 	 0 	 1 	 1 	 0 
133.593		10.8934 	 133.070783163 	 46.2746944523 	 0 	 0 	 1 	 -1 
140.56		21.0517 	 141.064927846 	 12.2192458124 	 0 	 1 	 1 	 -1 
151.459		30 	 145.956176649 	 67.4954343467 	 1 	 1 	 1 	 0 
140.56		38.9483 	 117.1152131 	 48.1021132035 	 0 	 0 	 1 	 0 
133.593		49.1066 	 111.327404964 	 58.9775782058 	 1 	 1 	 1 	 0 
131.188		60 	 129.335044169 	 50.6702869746 	 0 	 0 	 1 	 0 
133.593		70.8934 	 163.669234035 	 50.5872959134 	 0 	 1 	 1 	 0 
140.56		81.0517 	 133.767798998 	 54.0039740319 	 0 	 1 	 1 	 1 
151.459		90 	 135.811985464 	 46.0988391131 	 1 	 0 	 1 	 -1 
140.56		98.9483 	 90.4836021548 	 87.9566495255 	 1 	 0 	 1 	 1 
133.593		109.107 	 134.644764776 	 47.1760449813 	 1 	 0 	 1 	 -1 
131.188		120 	 110.441961281 	 61.4282819459 	 1 	 1 	 1 	 -1 
133.593		130.893 	 134.465729997 	 57.2677295579 	 0 	 1 	 1 	 -1 
140.56		141.052 	 136.342003434 	 35.6546761291 	 1 	 0 	 1 	 0 
151.459		150 	 159.516150048 	 37.0075233764 	 1 	 0 	 1 	 1 
140.56		158.948 	 132.248077693 	 10.2698539836 	 0 	 0 	 1 	 0 
133.593		169.107 	 131.253831332 	 46.9061024533 	 0 	 1 	 1 	 -1 
131.188		180 	 136.488200254 	 45.9500583654 	 1 	 1 	 1 	 1 
133.593		190.893 	 135.502276818 	 47.2454690139 	 1 	 1 	 1 	 0 
140.56		201.052 	 134.60211864 	 47.3353966945 	 1 	 0 	 1 	 0 
151.459		210 	 135.961972169 	 46.6599821385 	 0 	 0 	 1 	 0 
140.56		218.948 	 105.965038292 	 49.5311777886 	 1 	 0 	 1 	 0 
133.593		229.107 	 170.31519123 	 53.4008377949 	 0 	 0 	 1 	 0 
131.188		240 	 124.230793143 	 64.5113491694 	 0 	 0 	 1 	 0 
133.592		250.893 	 130.304566377 	 37.2407787392 	 0 	 0 	 1 	 -1 
140.56		261.052 	 145.163365476 	 48.0581454472 	 0 	 0 	 1 	 0 
151.459		270 	 226.475159771 	 50.1924483017 	 0 	 1 	 1 	 1 
140.56		278.948 	 147.140557469 	 41.0146529122 	 0 	 1 	 1 	 1 
133.592		289.107 	 144.039185603 	 72.677135322 	 1 	 1 	 1 	 -1 
131.188		300 	 160.42918897 	 44.0225247455 	 1 	 1 	 1 	 -1 
133.593		310.893 	 240.527006923 	 32.8823357944 	 1 	 0 	 1 	 0 
140.56		321.052 	 131.083576499 	 24.6026249748 	 0 	 1 	 1 	 -1 
151.459		330 	 144.932630534 	 41.4783751227 	 0 	 1 	 1 	 0 
165.51		337.589 	 148.092961052 	 50.2142089327 	 0 	 0 	 1 	 1 
157.635		346.102 	 136.782707095 	 47.4587157156 	 1 	 0 	 1 	 -1 
153.545		355.285 	 140.097256566 	 39.8326429148 	 0 	 0 	 1 	 1 
153.545		4.715 	 175.670380511 	 39.4692371809 	 1 	 1 	 1 	 -1 
157.635		13.8979 	 124.128354217 	 44.7250221673 	 1 	 1 	 1 	 0 
165.51		22.4109 	 165.983612303 	 38.9730421207 	 1 	 1 	 1 	 0 
176.661		30 	 169.253194746 	 40.5733953309 	 0 	 0 	 1 	 -1 
165.51		37.5891 	 130.019233585 	 25.9736886381 	 0 	 1 	 1 	 1 
157.635		46.1021 	 121.6338929 	 72.4961803841 	 0 	 0 	 1 	 1 
153.545		55.285 	 183.529847294 	 57.6272293365 	 1 	 0 	 1 	 0 
153.545		64.715 	 145.372498425 	 48.8091878879 	 0 	 1 	 1 	 1 
157.635		73.8979 	 136.208765301 	 45.2733160181 	 0 	 0 	 1 	 -1 
165.51		82.4109 	 86.4896457112 	 80.0463802504 	 1 	 1 	 1 	 1 
176.661		90 	 143.020121352 	 41.1672672964 	 1 	 1 	 1 	 -1 
165.51		97.5891 	 132.14661318 	 26.6898023467 	 0 	 1 	 1 	 0 
157.635		106.102 	 140.033010176 	 33.8523087137 	 1 	 1 	 1 	 0 
153.545		115.285 	 110.346175964 	 50.8764411531 	 0 	 0 	 1 	 -1 
153.545		124.715 	 129.31177756 	 59.3768022268 	 1 	 1 	 1 	 1 
157.635		133.898 	 153.169362423 	 44.5934158913 	 0 	 1 	 1 	 -1 
165.51		142.411 	 161.968383535 	 46.0832204427 	 1 	 0 	 1 	 0 
176.661		150 	 135.267160078 	 47.8214906782 	 0 	 0 	 1 	 0 
165.509		157.589 	 129.444424964 	 44.8471302411 	 1 	 0 	 1 	 1 
157.635		166.102 	 137.42737752 	 68.8084615842 	 1 	 1 	 1 	 -1 
153.546		175.285 	 147.913977704 	 58.3360725195 	 1 	 0 	 1 	 -1 
153.546		184.715 	 129.671146397 	 42.8817385297 	 0 	 0 	 1 	 -1 
157.635		193.898 	 146.903665737 	 42.6124547854 	 0 	 1 	 1 	 1 
165.509		202.411 	 144.440988867 	 15.9004961918 	 0 	 0 	 1 	 1 
165.51		217.589 	 134.599563282 	 68.9985948317 	 1 	 0 	 1 	 1 
157.635		226.102 	 131.683312079 	 57.5965096856 	 1 	 0 	 1 	 -1 
153.545		235.285 	 144.918806893 	 46.9625385964 	 1 	 1 	 1 	 0 
153.545		244.715 	 138.853489451 	 44.2673835338 	 0 	 1 	 1 	 1 
157.635		253.898 	 172.649168515 	 73.0539024667 	 0 	 1 	 1 	 0 
165.51		262.411 	 198.673000974 	 86.9251989583 	 0 	 0 	 1 	 0 
176.661		270 	 89.848727707 	 49.2027457451 	 0 	 0 	 1 	 -1 
165.51		277.589 	 142.264004473 	 52.7710332939 	 1 	 1 	 1 	 -1 
157.635		286.102 	 161.198034462 	 51.9658508205 	 1 	 0 	 1 	 0 
153.545		295.285 	 147.648142273 	 42.6281984219 	 1 	 0 	 1 	 1 
153.545		304.715 	 193.174419015 	 41.743568326 	 0 	 0 	 1 	 0 
157.635		313.898 	 151.056951732 	 53.2973449419 	 0 	 0 	 1 	 1 
165.51		322.411 	 108.180571615 	 16.9416865832 	 0 	 0 	 1 	 0 
176.661		330 	 137.661077813 	 47.7827725047 	 0 	 0 	 1 	 -1 
190.511		336.587 	 129.057955816 	 47.4366577209 	 0 	 1 	 1 	 -1 
181.979		343.898 	 139.991408443 	 46.4739875416 	 1 	 1 	 1 	 1 
176.661		351.787 	 106.642353577 	 52.9962900623 	 0 	 1 	 1 	 1 
174.852		0 	 95.4135101969 	 103.930387613 	 0 	 1 	 1 	 0 
176.661		8.21321 	 114.347486421 	 17.0343836946 	 1 	 0 	 1 	 0 
181.979		16.1021 	 96.7716527772 	 9.09324840467 	 0 	 0 	 1 	 -1 
190.511		23.4132 	 129.844694437 	 44.688296029 	 1 	 1 	 1 	 -1 
201.845		30 	 174.480935467 	 37.464341124 	 0 	 1 	 1 	 -1 
181.979		43.8979 	 134.35432444 	 47.5774867313 	 1 	 0 	 1 	 -1 
176.661		51.7868 	 166.691200456 	 54.3439802155 	 0 	 0 	 1 	 1 
174.852		60 	 117.536418981 	 31.6359837658 	 1 	 0 	 1 	 0 
176.661		68.2132 	 151.94897511 	 60.7474783338 	 0 	 1 	 1 	 1 
181.979		76.1021 	 94.7469597295 	 52.8966947661 	 0 	 1 	 1 	 -1 
190.511		83.4132 	 115.461059038 	 61.558609003 	 1 	 0 	 1 	 1 
201.845		90 	 136.324820642 	 45.7182433006 	 0 	 0 	 1 	 1 
190.511		96.5868 	 141.754274293 	 52.3199947848 	 1 	 0 	 1 	 -1 
181.979		103.898 	 127.376358528 	 50.7333017107 	 1 	 1 	 1 	 0 
176.661		111.787 	 137.802052858 	 25.5209669278 	 1 	 0 	 1 	 0 
174.852		120 	 189.690636146 	 40.8464574801 	 0 	 1 	 1 	 0 
176.661		128.213 	 149.193158193 	 47.1112786976 	 0 	 0 	 1 	 0 
181.979		136.102 	 131.34068641 	 52.5676994236 	 0 	 0 	 1 	 -1 
190.51		143.413 	 115.617949763 	 52.0559303226 	 1 	 0 	 1 	 0 
201.845		150 	 123.041103318 	 48.3257407365 	 0 	 0 	 1 	 1 
190.511		156.587 	 130.148676598 	 49.5824898627 	 0 	 1 	 1 	 1 
181.979		163.898 	 104.876616743 	 36.5555617664 	 0 	 0 	 1 	 1 
176.661		171.787 	 128.447504326 	 39.6876862708 	 1 	 0 	 1 	 1 
174.852		180 	 148.938721232 	 52.9773756322 	 0 	 0 	 1 	 -1 
176.661		188.213 	 115.953040949 	 49.3691437706 	 1 	 0 	 1 	 -1 
181.979		196.102 	 149.212574195 	 32.6481184088 	 1 	 0 	 1 	 -1 
190.511		203.413 	 130.06942849 	 48.9484761094 	 0 	 0 	 1 	 0 
201.845		210 	 135.43697431 	 47.3602284331 	 1 	 0 	 1 	 -1 
190.51		216.587 	 150.201973444 	 53.9962534333 	 0 	 0 	 1 	 0 
181.979		223.898 	 152.069024742 	 47.3919169782 	 0 	 1 	 1 	 1 
176.661		231.787 	 244.882893705 	 50.2515572553 	 1 	 1 	 1 	 1 
174.853		240 	 174.417745618 	 16.2404728804 	 0 	 1 	 1 	 -1 
176.662		248.213 	 62.7865670428 	 92.1895297035 	 0 	 1 	 1 	 0 
181.979		256.102 	 161.766028821 	 41.3453427964 	 1 	 0 	 1 	 1 
190.511		263.413 	 191.604263705 	 33.3285154804 	 1 	 1 	 1 	 0 
190.511		276.587 	 183.183497589 	 78.1407296527 	 0 	 0 	 1 	 0 
181.979		283.898 	 169.681943216 	 17.9273863143 	 0 	 0 	 1 	 0 
176.662		291.787 	 160.925386593 	 45.9920857254 	 1 	 0 	 1 	 1 
174.853		300 	 143.327140429 	 75.6690618478 	 1 	 0 	 1 	 0 
176.661		308.213 	 67.5551090782 	 24.5516000508 	 0 	 0 	 1 	 -1 
181.979		316.102 	 121.583445597 	 55.8735653085 	 0 	 1 	 1 	 -1 
190.511		323.413 	 133.355378108 	 47.3480102434 	 1 	 1 	 1 	 0 
201.845		330 	 138.462503776 	 50.3986942366 	 0 	 1 	 1 	 -1 
215.536		335.818 	 135.988362336 	 46.1564713303 	 0 	 0 	 1 	 -1 
206.511		342.216 	 125.91420021 	 29.1115966215 	 1 	 1 	 1 	 1 
200.265		349.107 	 182.205310506 	 31.0549376517 	 1 	 1 	 1 	 -1 
197.068		356.329 	 129.328062677 	 47.3371374403 	 0 	 0 	 1 	 -1 
197.068		3.6705 	 135.101130649 	 35.705694693 	 1 	 1 	 1 	 -1 
200.265		10.8934 	 166.532176386 	 52.4672575795 	 1 	 0 	 1 	 0 
206.511		17.7836 	 137.852606177 	 45.7723575295 	 0 	 1 	 1 	 0 
215.536		24.1825 	 136.855369304 	 25.2309920329 	 0 	 0 	 1 	 1 
227.007		30 	 154.114558458 	 10.5034998845 	 1 	 1 	 1 	 1 
215.536		35.8175 	 132.180878453 	 69.9928800573 	 0 	 0 	 1 	 -1 
206.511		42.2164 	 184.232819028 	 56.5354400635 	 1 	 1 	 1 	 1 
200.265		49.1066 	 101.813893945 	 46.704067173 	 1 	 1 	 1 	 -1 
197.068		56.3295 	 199.393869138 	 26.0820260716 	 1 	 0 	 1 	 0 
197.068		63.6705 	 139.707896345 	 51.2241821178 	 0 	 1 	 1 	 0 
200.265		70.8934 	 93.8703925927 	 18.1904467069 	 1 	 0 	 1 	 1 
206.511		77.7836 	 135.538777037 	 40.4839314509 	 1 	 0 	 1 	 1 
215.536		84.1825 	 135.597041645 	 42.0116625546 	 1 	 0 	 1 	 0 
227.007		90 	 58.5492987442 	 99.6424622237 	 0 	 0 	 1 	 0 
215.536		95.8175 	 218.849625621 	 56.9512384395 	 1 	 0 	 1 	 1 
206.511		102.216 	 209.893335399 	 52.0445222019 	 0 	 1 	 1 	 1 
200.265		109.107 	 217.879588145 	 67.5784321527 	 0 	 1 	 1 	 0 
197.068		116.33 	 201.394917429 	 47.4805236819 	 1 	 0 	 1 	 -1 
197.068		123.671 	 230.148399492 	 51.6169629818 	 0 	 1 	 1 	 0 
200.265		130.893 	 142.985934833 	 60.0337430323 	 1 	 0 	 1 	 1 
206.51		137.784 	 163.715041942 	 54.9273719707 	 1 	 0 	 1 	 -1 
215.536		144.182 	 160.130703291 	 67.6374675355 	 0 	 1 	 1 	 -1 
227.007		150 	 164.109191551 	 48.1319308896 	 0 	 1 	 1 	 -1 
215.536		155.818 	 122.279555811 	 49.0108009068 	 0 	 0 	 1 	 1 
206.511		162.216 	 226.691905509 	 69.4582108367 	 0 	 1 	 1 	 1 
200.266		169.107 	 173.499727682 	 71.9526947065 	 0 	 0 	 1 	 0 
197.068		176.33 	 151.47039297 	 58.9339185384 	 1 	 0 	 1 	 0 
197.068		183.671 	 146.383708084 	 83.104289798 	 1 	 0 	 1 	 1 
200.266		190.893 	 159.811449261 	 39.0207957061 	 0 	 0 	 1 	 0 
206.511		197.784 	 150.104622182 	 45.0022150391 	 0 	 1 	 1 	 -1 
215.536		204.182 	 106.622108348 	 44.8344609191 	 0 	 1 	 1 	 -1 
227.007		210 	 159.220327555 	 56.6363328084 	 0 	 0 	 1 	 -1 
215.536		215.818 	 130.014208459 	 57.4243193216 	 0 	 0 	 1 	 -1 
206.51		222.216 	 277.196064274 	 38.2545259769 	 1 	 0 	 1 	 0 
200.265		229.107 	 152.148844658 	 73.3386924257 	 0 	 1 	 1 	 0 
197.068		236.329 	 85.6881421032 	 67.938194845 	 1 	 1 	 1 	 0 
197.068		243.671 	 100.236473321 	 59.7354071661 	 0 	 0 	 1 	 -1 
200.265		250.893 	 139.762333075 	 46.0003870842 	 0 	 1 	 1 	 -1 
206.51		257.784 	 106.200334185 	 38.9676868482 	 0 	 1 	 1 	 -1 
215.536		264.182 	 142.309442427 	 49.2153263432 	 1 	 0 	 1 	 -1 
227.007		270 	 125.773313911 	 26.6573853327 	 1 	 0 	 1 	 -1 
215.536		275.818 	 127.861441756 	 45.3106087134 	 0 	 1 	 1 	 0 
206.51		282.216 	 85.1616236183 	 41.4543829771 	 1 	 1 	 1 	 1 
200.265		289.107 	 84.6394698133 	 42.634573405 	 0 	 1 	 1 	 -1 
197.068		296.329 	 141.328064977 	 50.4752119014 	 1 	 1 	 1 	 0 
197.068		303.67 	 95.1541887823 	 55.9278423117 	 1 	 1 	 1 	 0 
200.265		310.893 	 90.9331680858 	 61.911798806 	 1 	 0 	 1 	 1 
206.511		317.784 	 74.9252118426 	 70.713756441 	 0 	 0 	 1 	 0 
227.008		330 	 122.425888408 	 49.9175197469 	 0 	 1 	 1 	 -1 
240.57		335.209 	 122.148950163 	 33.9895142523 	 0 	 0 	 1 	 0 
231.161		340.893 	 133.913831421 	 53.7869258434 	 1 	 0 	 1 	 0 
224.195		346.996 	 152.031419002 	 41.7866200657 	 0 	 1 	 1 	 1 
219.909		353.413 	 130.032342474 	 45.1538204931 	 1 	 0 	 1 	 0 
218.461		0 	 133.099385757 	 47.2907855485 	 1 	 1 	 1 	 -1 
219.909		6.58678 	 129.127449428 	 59.4146011012 	 1 	 0 	 1 	 0 
224.195		13.0039 	 112.278105587 	 42.2065876535 	 0 	 1 	 1 	 -1 
231.161		19.1066 	 128.276525028 	 45.5463764022 	 0 	 1 	 1 	 1 
240.57		24.7913 	 145.931295361 	 49.5411844111 	 0 	 0 	 1 	 1 
252.146		30 	 123.45702439 	 52.8647169455 	 0 	 1 	 1 	 1 
240.57		35.2087 	 135.6324742 	 48.7628773433 	 0 	 1 	 1 	 -1 
231.161		40.8934 	 207.219054099 	 4.06908181056 	 0 	 0 	 1 	 0 
224.195		46.9961 	 154.965335196 	 66.9149811384 	 0 	 1 	 1 	 -1 
219.909		53.4132 	 141.894599548 	 46.2841288214 	 1 	 0 	 1 	 0 
218.461		60 	 126.635307086 	 52.0358383794 	 1 	 0 	 1 	 1 
219.909		66.5868 	 132.922111987 	 41.4655832491 	 0 	 1 	 1 	 0 
224.195		73.0039 	 131.989187131 	 48.142423139 	 1 	 0 	 1 	 0 
231.161		79.1066 	 267.065205919 	 47.7031668415 	 1 	 0 	 1 	 -1 
240.57		84.7913 	 131.986945085 	 47.5309440333 	 0 	 0 	 1 	 0 
240.57		95.2087 	 176.238758031 	 62.3522061096 	 0 	 0 	 1 	 1 
231.161		100.893 	 157.437738241 	 61.9375642016 	 0 	 1 	 1 	 0 
224.195		106.996 	 181.431283243 	 71.6745483857 	 1 	 1 	 1 	 0 
219.909		113.413 	 164.374915819 	 42.8291313635 	 1 	 1 	 1 	 1 
218.461		120 	 147.750213532 	 70.7113429124 	 1 	 1 	 1 	 0 
219.909		126.587 	 157.7716488 	 37.54616868 	 1 	 0 	 1 	 1 
224.195		133.004 	 134.960551625 	 45.9279705924 	 0 	 0 	 1 	 -1 
231.161		139.107 	 127.676001722 	 48.1435434572 	 1 	 0 	 1 	 0 
252.146		150 	 153.352483058 	 36.5956365398 	 0 	 1 	 1 	 0 
240.57		155.209 	 149.925469147 	 47.9310499964 	 1 	 0 	 1 	 0 
231.16		160.893 	 129.452011617 	 51.3085376103 	 1 	 0 	 1 	 -1 
224.196		166.996 	 159.940996649 	 34.904961218 	 1 	 0 	 1 	 1 
219.909		173.413 	 82.2317210107 	 53.4747266139 	 0 	 1 	 1 	 -1 
218.461		180 	 109.416451119 	 19.7472782427 	 1 	 1 	 1 	 -1 
219.909		186.587 	 132.684022132 	 29.291432215 	 1 	 0 	 1 	 -1 
224.196		193.004 	 172.589939814 	 44.752504556 	 0 	 0 	 1 	 -1 
231.16		199.107 	 136.936816044 	 56.1834236685 	 1 	 0 	 1 	 1 
240.57		204.791 	 93.4191855111 	 59.031636672 	 0 	 1 	 1 	 0 
252.146		210 	 188.383881412 	 39.7733238918 	 1 	 0 	 1 	 0 
240.57		215.209 	 119.174007366 	 55.4869882266 	 0 	 0 	 1 	 1 
231.161		220.893 	 193.079012034 	 56.0830989161 	 0 	 0 	 1 	 1 
224.196		226.996 	 178.911641518 	 46.6406431517 	 1 	 1 	 1 	 1 
219.909		233.413 	 166.141206897 	 69.3648012337 	 1 	 0 	 1 	 0 
218.461		240 	 141.377605223 	 50.2555523015 	 1 	 0 	 1 	 1 
219.909		246.587 	 132.777060414 	 54.6788022527 	 1 	 1 	 1 	 0 
224.195		253.004 	 136.008785668 	 52.3424370744 	 1 	 0 	 1 	 0 
231.16		259.107 	 142.33000079 	 51.2951331924 	 1 	 1 	 1 	 -1 
240.57		264.791 	 138.971605887 	 47.2936138005 	 1 	 1 	 1 	 0 
252.146		270 	 156.632076071 	 19.714688861 	 0 	 0 	 1 	 -1 
240.57		275.209 	 153.511177805 	 44.9561170902 	 0 	 0 	 1 	 0 
231.16		280.893 	 137.95441475 	 47.8416812948 	 1 	 1 	 1 	 0 
224.195		286.996 	 222.490516389 	 41.5352880564 	 1 	 0 	 1 	 0 
219.909		293.413 	 141.243818985 	 42.8009484589 	 1 	 1 	 1 	 1 
218.461		300 	 137.831836181 	 58.3762272032 	 1 	 0 	 1 	 0 
219.909		306.587 	 69.4019250335 	 24.0770182032 	 1 	 0 	 1 	 0 
224.196		313.004 	 182.39841182 	 21.1639364978 	 1 	 1 	 1 	 -1 
231.161		319.107 	 232.238734336 	 55.910424755 	 0 	 1 	 1 	 1 
240.57		324.791 	 131.507274569 	 57.7522592972 	 1 	 0 	 1 	 -1 
252.146		330 	 203.003670637 	 30.7224157886 	 0 	 0 	 1 	 1 
265.601		334.715 	 169.54744147 	 30.8301921069 	 0 	 0 	 1 	 0 
255.886		339.826 	 210.615275163 	 16.0975619292 	 0 	 1 	 1 	 -1 
248.348		345.295 	 134.464347791 	 47.2277216583 	 0 	 0 	 1 	 -1 
243.191		351.052 	 159.150587985 	 38.4295630614 	 1 	 1 	 1 	 -1 
240.57		356.996 	 130.993589842 	 54.4398444794 	 0 	 1 	 1 	 1 
240.57		3.00449 	 144.76973344 	 57.302857397 	 1 	 1 	 1 	 -1 
243.191		8.94827 	 132.153199898 	 33.1539712338 	 0 	 1 	 1 	 -1 
248.348		14.7047 	 138.281282447 	 47.1688055336 	 0 	 0 	 1 	 0 
255.886		20.1736 	 168.911727052 	 53.0466877772 	 1 	 0 	 1 	 0 
265.601		25.285 	 152.098650121 	 54.149150549 	 0 	 0 	 1 	 -1 
277.258		30 	 167.763669675 	 21.377574818 	 0 	 1 	 1 	 0 
265.601		34.715 	 126.655716026 	 49.2607700335 	 1 	 0 	 1 	 0 
255.887		39.8264 	 127.80241767 	 50.9568049593 	 1 	 0 	 1 	 0 
248.348		45.2953 	 169.781964593 	 55.2941169807 	 1 	 0 	 1 	 0 
243.191		51.0517 	 234.967722818 	 34.5626336881 	 0 	 0 	 1 	 1 
240.57		56.9955 	 162.496269774 	 10.6000330767 	 1 	 0 	 1 	 0 
240.57		63.0045 	 139.8434355 	 49.0681681604 	 0 	 1 	 1 	 0 
243.191		68.9483 	 269.109541135 	 55.1085922075 	 0 	 0 	 1 	 -1 
248.348		74.7047 	 203.8177131 	 21.6066982084 	 0 	 0 	 1 	 -1 
255.887		80.1736 	 80.2087176426 	 52.4418922492 	 1 	 1 	 1 	 0 
265.601		85.285 	 142.716008023 	 53.3880399913 	 0 	 0 	 1 	 1 
277.257		90 	 167.8195641 	 48.727871262 	 0 	 1 	 1 	 -1 
265.601		94.715 	 162.938851121 	 40.7795850663 	 1 	 1 	 1 	 1 
255.887		99.8264 	 147.134299294 	 45.7761947223 	 1 	 1 	 1 	 -1 
248.348		105.295 	 136.562206866 	 77.3905984514 	 1 	 1 	 1 	 0 
243.191		111.052 	 134.551452878 	 47.3545464397 	 1 	 1 	 1 	 1 
240.57		116.996 	 171.88105346 	 60.8362418224 	 0 	 0 	 1 	 1 
240.57		123.005 	 151.882710994 	 39.0320079736 	 1 	 0 	 1 	 -1 
243.191		128.948 	 150.490626022 	 47.6104583703 	 0 	 0 	 1 	 0 
248.348		134.705 	 195.258158042 	 18.2572647144 	 1 	 0 	 1 	 0 
255.887		140.174 	 101.022917691 	 66.4604941108 	 0 	 0 	 1 	 1 
265.6		145.285 	 130.039520004 	 36.6081444322 	 0 	 0 	 1 	 0 
277.257		150 	 105.399182103 	 31.1151252916 	 0 	 0 	 1 	 -1 
265.601		154.715 	 136.126028944 	 47.448539894 	 1 	 1 	 1 	 1 
255.886		159.826 	 155.430251768 	 39.2972141244 	 1 	 1 	 1 	 -1 
248.348		165.295 	 105.463516923 	 62.6860476363 	 1 	 1 	 1 	 0 
243.191		171.052 	 94.6733281542 	 31.6601894816 	 0 	 0 	 1 	 1 
240.57		176.996 	 127.57328259 	 53.3822927241 	 1 	 0 	 1 	 -1 
240.57		183.005 	 166.831777674 	 52.3510613619 	 1 	 0 	 1 	 -1 
243.191		188.948 	 123.188524763 	 44.5115491787 	 0 	 1 	 1 	 1 
248.348		194.705 	 127.779686136 	 31.2870898403 	 0 	 1 	 1 	 -1 
255.886		200.174 	 245.592511137 	 50.1360877629 	 1 	 1 	 1 	 1 
265.601		205.285 	 69.3448263873 	 30.6105301836 	 1 	 0 	 1 	 -1 
277.258		210 	 213.540969862 	 45.8863889789 	 1 	 1 	 1 	 0 
265.6		214.715 	 98.1211543069 	 33.3254967815 	 0 	 1 	 1 	 0 
255.887		219.826 	 124.615915231 	 48.7708707611 	 1 	 1 	 1 	 -1 
248.348		225.295 	 141.669314387 	 55.5762977708 	 0 	 1 	 1 	 1 
243.191		231.052 	 145.740303015 	 49.9156144474 	 1 	 0 	 1 	 -1 
240.57		236.995 	 150.92837636 	 48.2015850203 	 0 	 1 	 1 	 -1 
240.57		243.004 	 132.558955503 	 46.3820149123 	 0 	 0 	 1 	 0 
243.19		248.948 	 55.5770727054 	 0.3314246041 	 0 	 0 	 1 	 1 
248.348		254.705 	 178.842726994 	 48.3733343729 	 1 	 0 	 1 	 -1 
255.886		260.174 	 136.243726992 	 47.4641587616 	 1 	 1 	 1 	 1 
265.601		265.285 	 136.354770378 	 47.3879348545 	 0 	 1 	 1 	 -1 
277.258		270 	 143.143490098 	 45.5811690964 	 1 	 1 	 1 	 0 
265.601		274.715 	 134.267390754 	 51.1019581353 	 1 	 0 	 1 	 -1 
255.886		279.826 	 137.223896455 	 47.2284562543 	 1 	 0 	 1 	 -1 
248.348		285.295 	 111.377816614 	 24.1547373981 	 1 	 0 	 1 	 0 
243.19		291.052 	 149.527824646 	 60.5936288073 	 0 	 1 	 1 	 -1 
240.57		296.996 	 77.0023254212 	 38.1373141338 	 0 	 0 	 1 	 0 
240.57		303.004 	 141.938222205 	 43.915289123 	 1 	 0 	 1 	 0 
243.191		308.948 	 139.634953439 	 47.5995597138 	 0 	 1 	 1 	 0 
248.348		314.705 	 119.591200844 	 51.434511377 	 0 	 1 	 1 	 1 
255.886		320.174 	 135.741746196 	 65.572604361 	 1 	 0 	 1 	 0 
265.6		325.285 	 158.779440595 	 57.0235927319 	 0 	 1 	 1 	 1 
277.258		330 	 82.088636168 	 58.6589827785 	 0 	 0 	 1 	 1 
290.619		334.307 	 164.503326687 	 51.0556624555 	 0 	 1 	 1 	 -1 
280.659		338.948 	 139.540823921 	 46.1829332267 	 1 	 1 	 1 	 1 
272.656		343.898 	 120.69591018 	 40.397233095 	 1 	 1 	 1 	 0 
266.79		349.107 	 150.713909043 	 34.6309671519 	 0 	 0 	 1 	 0 
263.206		354.504 	 119.072858834 	 30.3038261521 	 1 	 0 	 1 	 -1 
262.001		0 	 110.393541431 	 58.1682030491 	 0 	 1 	 1 	 -1 
263.206		5.49637 	 135.571521789 	 50.8371201291 	 1 	 0 	 1 	 0 
266.79		10.8934 	 166.691645811 	 33.5889126377 	 1 	 0 	 1 	 -1 
272.656		16.1021 	 159.765487925 	 59.0917831198 	 0 	 1 	 1 	 1 
280.659		21.0517 	 153.36774384 	 41.8749208835 	 1 	 1 	 1 	 -1 
290.619		25.6934 	 134.439356891 	 13.2258140079 	 1 	 1 	 1 	 1 
302.34		30 	 169.67691966 	 81.657925933 	 0 	 0 	 1 	 1 
290.619		34.3066 	 125.662677434 	 55.1983407022 	 1 	 1 	 1 	 1 
280.659		38.9483 	 189.534822972 	 53.6588949498 	 0 	 0 	 1 	 -1 
272.656		43.8979 	 128.656804009 	 45.9541343946 	 0 	 0 	 1 	 0 
266.789		49.1066 	 130.143983816 	 86.7214094227 	 0 	 1 	 1 	 1 
263.206		54.5036 	 139.74599652 	 47.3802304286 	 0 	 0 	 1 	 1 
262.001		60 	 85.7832656585 	 73.6797203635 	 0 	 0 	 1 	 1 
263.206		65.4964 	 63.5022477411 	 46.4004643725 	 1 	 1 	 1 	 0 
266.79		70.8934 	 104.982100787 	 58.8670120066 	 0 	 1 	 1 	 1 
272.656		76.1021 	 139.174085472 	 48.0520967197 	 0 	 0 	 1 	 1 
280.659		81.0517 	 149.376686199 	 51.3449432549 	 0 	 0 	 1 	 -1 
290.619		85.6934 	 183.366185916 	 37.8982055975 	 1 	 1 	 1 	 -1 
302.34		90 	 44.5762782336 	 83.3869277037 	 0 	 1 	 1 	 -1 
290.619		94.3066 	 87.768133883 	 45.7032004607 	 0 	 0 	 1 	 -1 
280.659		98.9483 	 124.739602689 	 43.5259922068 	 1 	 0 	 1 	 0 
272.655		103.898 	 114.376473363 	 351.414505918 	 1 	 1 	 1 	 -1 
266.79		109.107 	 140.470312337 	 48.7161321044 	 0 	 1 	 1 	 0 
263.206		114.504 	 185.357136132 	 52.0938220412 	 0 	 0 	 1 	 1 
262		120 	 164.753665646 	 57.894121108 	 0 	 0 	 1 	 1 
263.206		125.496 	 143.684901018 	 52.1416114962 	 1 	 1 	 1 	 1 
266.79		130.893 	 180.005008786 	 48.3150490026 	 0 	 1 	 1 	 -1 
272.655		136.102 	 127.493204463 	 43.9633390586 	 1 	 1 	 1 	 1 
280.659		141.052 	 158.468357586 	 76.0333601276 	 1 	 0 	 1 	 1 
290.619		145.693 	 174.875535644 	 8.91719013909 	 1 	 0 	 1 	 0 
302.34		150 	 112.340390734 	 58.168346002 	 0 	 0 	 1 	 1 
290.619		154.307 	 109.92045821 	 44.5618990033 	 1 	 0 	 1 	 -1 
280.659		158.948 	 134.459225901 	 107.451061013 	 0 	 1 	 1 	 1 
272.656		163.898 	 145.882210393 	 40.965719798 	 0 	 0 	 1 	 -1 
266.789		169.107 	 117.684472585 	 14.2956323105 	 0 	 0 	 1 	 0 
263.206		174.504 	 111.536504263 	 43.4770399577 	 0 	 0 	 1 	 1 
262.001		180 	 143.930261316 	 50.178884664 	 0 	 1 	 1 	 0 
263.206		185.496 	 134.496582336 	 68.6395314333 	 1 	 1 	 1 	 1 
266.789		190.893 	 149.226213751 	 24.9033947923 	 1 	 1 	 1 	 -1 
272.656		196.102 	 101.217052244 	 45.6765051428 	 0 	 1 	 1 	 0 
280.659		201.052 	 115.159444209 	 45.8602436441 	 1 	 1 	 1 	 0 
290.619		205.693 	 143.110479233 	 48.4929309386 	 0 	 1 	 1 	 0 
302.34		210 	 155.882177302 	 38.6119853862 	 1 	 1 	 1 	 -1 
290.619		214.307 	 177.998281728 	 63.6098826163 	 1 	 1 	 1 	 1 
280.658		218.948 	 164.200737938 	 45.1469695172 	 1 	 1 	 1 	 0 
272.656		223.898 	 145.079300814 	 50.3134133621 	 0 	 1 	 1 	 -1 
266.79		229.107 	 175.678263351 	 59.3342300293 	 0 	 1 	 1 	 0 
263.206		234.504 	 129.302072887 	 44.549853819 	 1 	 0 	 1 	 -1 
262		240 	 149.057498436 	 68.7031782923 	 1 	 0 	 1 	 0 
263.206		245.496 	 122.958404536 	 51.980947691 	 0 	 1 	 1 	 1 
266.789		250.893 	 164.145748632 	 24.80376682 	 1 	 0 	 1 	 1 
272.656		256.102 	 135.238668557 	 53.7489232624 	 1 	 0 	 1 	 1 
280.659		261.052 	 116.389640449 	 70.51770996 	 1 	 0 	 1 	 1 
290.62		265.693 	 146.922281156 	 64.4367228203 	 0 	 0 	 1 	 1 
302.34		270 	 132.753480477 	 60.1540305182 	 1 	 0 	 1 	 -1 
290.62		274.307 	 119.783110776 	 64.0174146387 	 0 	 0 	 1 	 -1 
280.659		278.948 	 150.97198172 	 46.7490490853 	 1 	 0 	 1 	 1 
272.656		283.898 	 111.04963133 	 51.409672813 	 1 	 0 	 1 	 1 
266.789		289.107 	 113.519045431 	 50.6980153268 	 1 	 0 	 1 	 0 
263.206		294.504 	 169.202080508 	 64.5366534902 	 1 	 1 	 1 	 0 
262		300 	 114.374250948 	 57.4755328105 	 0 	 0 	 1 	 1 
263.206		305.496 	 179.003194608 	 47.3862410403 	 0 	 0 	 1 	 0 
266.79		310.893 	 174.376716271 	 58.2106933103 	 0 	 1 	 1 	 -1 
272.656		316.102 	 201.047720261 	 29.2676964294 	 0 	 0 	 1 	 -1 
280.659		321.052 	 136.092063048 	 47.4789689301 	 1 	 1 	 1 	 1 
290.619		325.693 	 135.62678827 	 35.9607501209 	 0 	 0 	 1 	 -1 
302.34		330 	 67.0072573483 	 51.6189973888 	 1 	 1 	 1 	 1 
315.62		333.963 	 156.053234895 	 49.2549601902 	 0 	 0 	 1 	 1 
305.457		338.213 	 133.718999207 	 46.1606274985 	 1 	 1 	 1 	 -1 
297.071		342.731 	 109.881756834 	 46.322791871 	 0 	 0 	 1 	 1 
290.619		347.48 	 93.6265978598 	 27.0041469912 	 0 	 1 	 1 	 -1 
286.236		352.411 	 182.195967439 	 32.9096234183 	 1 	 0 	 1 	 -1 
284.018		357.457 	 162.325776752 	 43.7092812467 	 0 	 1 	 1 	 0 
284.018		2.54292 	 140.790837635 	 46.1444495978 	 1 	 1 	 1 	 -1 
286.236		7.58909 	 128.13058314 	 40.4689023234 	 0 	 0 	 1 	 0 
290.619		12.5198 	 186.728891641 	 9.66360197068 	 0 	 0 	 1 	 -1 
297.071		17.2695 	 121.499614225 	 12.6650974146 	 1 	 0 	 1 	 1 
305.457		21.7868 	 184.61442947 	 52.7320707822 	 1 	 0 	 1 	 1 
315.62		26.0368 	 140.570907838 	 48.1538354754 	 0 	 0 	 1 	 1 
327.39		30 	 135.951688495 	 48.1605885527 	 0 	 0 	 1 	 0 
305.457		38.2132 	 155.359692239 	 41.9076351804 	 0 	 0 	 1 	 1 
297.071		42.7305 	 134.663585868 	 61.3249460547 	 0 	 1 	 1 	 0 
290.619		47.4802 	 83.5481775424 	 17.5820003551 	 0 	 0 	 1 	 1 
286.236		52.4109 	 134.122159746 	 42.1924198189 	 0 	 0 	 1 	 1 
284.018		57.4571 	 224.304659901 	 36.4311936238 	 0 	 1 	 1 	 1 
284.018		62.5429 	 176.892599899 	 45.0126420757 	 1 	 1 	 1 	 1 
286.236		67.5891 	 146.284139733 	 73.1653250843 	 1 	 0 	 1 	 0 
290.619		72.5198 	 126.834399825 	 49.4719601078 	 1 	 1 	 1 	 0 
297.071		77.2695 	 134.934789958 	 52.0164084585 	 0 	 0 	 1 	 -1 
305.457		81.7868 	 149.299616548 	 58.6018680971 	 0 	 1 	 1 	 0 
315.62		86.0368 	 162.416823287 	 48.3538926157 	 1 	 0 	 1 	 -1 
327.39		90 	 261.21143076 	 71.5063644485 	 1 	 1 	 1 	 -1 
315.62		93.9632 	 126.061746186 	 77.2390502103 	 0 	 1 	 1 	 1 
305.457		98.2132 	 144.17979393 	 38.533632902 	 1 	 1 	 1 	 0 
297.071		102.731 	 146.444129445 	 30.1451128724 	 0 	 0 	 1 	 1 
290.619		107.48 	 145.526781593 	 57.1587350282 	 1 	 1 	 1 	 0 
286.236		112.411 	 120.9353115 	 57.6270715867 	 1 	 1 	 1 	 1 
284.018		117.457 	 83.2949497144 	 51.5897323024 	 0 	 0 	 1 	 0 
284.018		122.543 	 154.134269695 	 44.3580751973 	 0 	 0 	 1 	 -1 
286.236		127.589 	 117.905531295 	 26.3954954239 	 0 	 0 	 1 	 -1 
290.62		132.52 	 95.9224852422 	 29.9239721422 	 0 	 1 	 1 	 1 
297.071		137.269 	 174.850506801 	 76.3657488069 	 1 	 0 	 1 	 1 
305.457		141.787 	 136.65971982 	 47.2121105116 	 0 	 0 	 1 	 0 
315.62		146.037 	 140.354767874 	 66.5061238203 	 1 	 1 	 1 	 1 
327.39		150 	 138.992909361 	 51.1125539234 	 0 	 1 	 1 	 -1 
315.619		153.963 	 89.6100749805 	 2.96999074559 	 0 	 1 	 1 	 1 
305.457		158.213 	 135.446699597 	 47.9364868075 	 0 	 1 	 1 	 -1 
297.071		162.731 	 140.53567193 	 56.8223668451 	 1 	 1 	 1 	 1 
290.62		167.48 	 111.324098224 	 30.0413321664 	 1 	 1 	 1 	 1 
286.236		172.411 	 133.659443222 	 45.4128161579 	 1 	 1 	 1 	 0 
284.019		177.457 	 160.212586348 	 54.2133633282 	 0 	 0 	 1 	 1 
284.019		182.543 	 137.500297479 	 45.6147392476 	 1 	 0 	 1 	 -1 
286.236		187.589 	 130.945096762 	 49.1534185036 	 0 	 1 	 1 	 0 
290.62		192.52 	 49.2307164211 	 44.5163746166 	 1 	 1 	 1 	 0 
297.071		197.269 	 114.995375691 	 39.9105295874 	 0 	 1 	 1 	 1 
305.457		201.787 	 135.194372479 	 49.1697763417 	 0 	 0 	 1 	 -1 
315.62		206.037 	 193.566262267 	 31.0766336645 	 0 	 1 	 1 	 0 
327.39		210 	 163.440249312 	 29.5666855494 	 0 	 0 	 1 	 1 
315.62		213.963 	 118.331499638 	 46.4595943274 	 0 	 1 	 1 	 -1 
305.457		218.213 	 136.651315082 	 29.576849525 	 1 	 1 	 1 	 0 
297.071		222.731 	 219.073052768 	 42.4423358466 	 1 	 0 	 1 	 1 
290.619		227.48 	 122.435624946 	 51.4024070831 	 1 	 0 	 1 	 -1 
286.236		232.411 	 137.656243412 	 46.8927136476 	 1 	 0 	 1 	 -1 
284.018		237.457 	 146.060315677 	 38.957000631 	 1 	 1 	 1 	 0 
284.019		242.543 	 122.773093245 	 62.7875862229 	 0 	 0 	 1 	 -1 
286.236		247.589 	 203.8251574 	 44.2504924921 	 0 	 0 	 1 	 1 
290.62		252.52 	 125.954529883 	 41.4335955263 	 1 	 1 	 1 	 -1 
297.071		257.269 	 149.841321638 	 51.4125846586 	 1 	 1 	 1 	 -1 
305.457		261.787 	 141.116936375 	 54.9294397641 	 0 	 1 	 1 	 -1 
315.62		266.037 	 137.325928277 	 47.0284070356 	 0 	 0 	 1 	 1 
327.39		270 	 83.9345736685 	 26.4054830863 	 1 	 1 	 1 	 1 
315.62		273.963 	 141.202758252 	 46.5647457422 	 1 	 1 	 1 	 1 
305.457		278.213 	 132.673296161 	 69.6534841529 	 1 	 1 	 1 	 -1 
297.071		282.731 	 142.554048901 	 46.5491698703 	 1 	 0 	 1 	 -1 
290.62		287.48 	 121.268175422 	 55.0240052198 	 0 	 0 	 1 	 1 
286.236		292.411 	 115.99172188 	 39.2811110223 	 0 	 0 	 1 	 1 
284.019		297.457 	 166.154903164 	 38.0661374488 	 0 	 0 	 1 	 0 
284.018		302.543 	 104.422812977 	 55.8837359564 	 1 	 1 	 1 	 1 
286.236		307.589 	 173.410811005 	 33.9309678768 	 0 	 1 	 1 	 1 
290.619		312.52 	 139.628102232 	 45.4915723625 	 0 	 0 	 1 	 1 
297.071		317.269 	 70.867778855 	 44.6944648879 	 1 	 1 	 1 	 -1 
305.457		321.787 	 118.977628331 	 40.5922979515 	 1 	 0 	 1 	 1 
327.39		330 	 157.076550347 	 43.8552220169 	 1 	 0 	 1 	 1 
340.597		333.67 	 121.036776555 	 59.9367847074 	 1 	 1 	 1 	 0 
330.266		337.589 	 101.024180192 	 35.8153405122 	 0 	 0 	 1 	 0 
321.56		341.742 	 109.966314821 	 78.096547537 	 0 	 1 	 1 	 0 
314.619		346.102 	 159.375171104 	 59.7720069015 	 1 	 1 	 1 	 1 
309.563		350.633 	 176.088087904 	 75.6879113333 	 0 	 0 	 1 	 -1 
306.489		355.285 	 148.121189892 	 49.9953340737 	 0 	 0 	 1 	 0 
305.457		0 	 142.072608566 	 47.805112011 	 1 	 1 	 1 	 0 
306.489		4.715 	 134.531965991 	 43.3989633763 	 0 	 0 	 1 	 1 
309.563		9.367 	 109.951455566 	 26.0931578865 	 1 	 0 	 1 	 0 
314.619		13.8979 	 96.3200783305 	 60.6900448855 	 1 	 1 	 1 	 1 
321.56		18.2585 	 183.779154828 	 65.0166979483 	 1 	 1 	 1 	 -1 
330.266		22.4109 	 134.172410207 	 44.8028359192 	 1 	 0 	 1 	 0 
340.597		26.3295 	 107.033138936 	 43.549894612 	 0 	 1 	 1 	 -1 
352.406		30 	 69.0120245527 	 29.8926811911 	 1 	 1 	 1 	 0 
340.597		33.6705 	 106.499641178 	 58.191047193 	 0 	 0 	 1 	 1 
330.266		37.5891 	 162.569881523 	 41.3969696541 	 1 	 1 	 1 	 0 
321.56		41.7415 	 147.588589891 	 53.5224763342 	 0 	 0 	 1 	 -1 
314.619		46.1021 	 126.156474845 	 58.033743863 	 0 	 1 	 1 	 -1 
309.563		50.633 	 135.482573143 	 47.3632748954 	 0 	 1 	 1 	 0 
306.489		55.285 	 136.584422345 	 68.2761999324 	 0 	 1 	 1 	 -1 
305.457		60 	 157.89780897 	 60.7768258949 	 0 	 1 	 1 	 1 
306.489		64.715 	 140.251709475 	 46.9517790008 	 1 	 0 	 1 	 -1 
309.563		69.367 	 186.565269426 	 75.9821141309 	 1 	 0 	 1 	 1 
314.619		73.8979 	 122.320703418 	 52.910502178 	 0 	 0 	 1 	 -1 
321.56		78.2585 	 117.893362958 	 36.7268193514 	 1 	 0 	 1 	 -1 
330.266		82.4109 	 107.524438228 	 59.3305257453 	 0 	 1 	 1 	 1 
340.597		86.3295 	 69.9993193246 	 1.96682360756 	 1 	 0 	 1 	 -1 
352.406		90 	 102.152842066 	 17.367786278 	 1 	 1 	 1 	 0 
340.597		93.6705 	 183.235869553 	 67.3196568294 	 0 	 1 	 1 	 -1 
330.266		97.5891 	 182.587339693 	 53.9391911521 	 0 	 0 	 1 	 0 
321.56		101.742 	 140.418908439 	 51.5151081557 	 1 	 1 	 1 	 1 
314.619		106.102 	 82.6153264365 	 28.797824756 	 0 	 0 	 1 	 -1 
309.563		110.633 	 97.1265620807 	 64.6869506967 	 0 	 0 	 1 	 -1 
306.489		115.285 	 72.7729772462 	 26.7952727845 	 0 	 1 	 1 	 1 
305.457		120 	 186.346039 	 62.0320972337 	 1 	 0 	 1 	 0 
306.489		124.715 	 120.01760274 	 49.3827223247 	 0 	 1 	 1 	 -1 
309.563		129.367 	 125.763495178 	 46.3595116218 	 1 	 1 	 1 	 0 
314.619		133.898 	 130.58482557 	 31.1285328021 	 1 	 0 	 1 	 -1 
321.56		138.258 	 108.066966195 	 59.0272820695 	 0 	 1 	 1 	 1 
330.266		142.411 	 107.845568407 	 21.7746808622 	 1 	 1 	 1 	 1 
340.597		146.329 	 139.824063172 	 22.0636907029 	 0 	 0 	 1 	 -1 
352.406		150 	 148.34182527 	 67.2568389239 	 1 	 1 	 1 	 -1 
340.597		153.671 	 168.457197326 	 48.2417244602 	 1 	 0 	 1 	 0 
330.266		157.589 	 103.633979951 	 36.3662196383 	 1 	 1 	 1 	 1 
321.561		161.742 	 146.43015268 	 51.5821002787 	 1 	 0 	 1 	 -1 
314.618		166.102 	 174.361474055 	 65.3956987019 	 0 	 0 	 1 	 1 
309.563		170.633 	 104.049229143 	 73.7077535591 	 1 	 1 	 1 	 -1 
306.488		175.285 	 174.564008029 	 41.616652286 	 1 	 1 	 1 	 0 
305.457		180 	 55.8251594771 	 8.06238764496 	 0 	 0 	 1 	 -1 
306.488		184.715 	 214.402725447 	 57.2324399445 	 0 	 1 	 1 	 0 
309.563		189.367 	 154.419453363 	 45.2600242454 	 0 	 0 	 1 	 0 
314.618		193.898 	 129.532856801 	 60.7311031196 	 0 	 1 	 1 	 1 
321.561		198.258 	 150.111315904 	 55.2972132332 	 1 	 1 	 1 	 0 
330.266		202.411 	 115.266977508 	 55.116541941 	 0 	 0 	 1 	 1 
340.597		206.329 	 157.613341544 	 45.9830436954 	 1 	 1 	 1 	 0 
352.406		210 	 148.713394931 	 45.9938164541 	 1 	 1 	 1 	 0 
330.266		217.589 	 148.326813271 	 46.8756377193 	 0 	 0 	 1 	 1 
321.56		221.742 	 131.605373058 	 37.8307573965 	 0 	 1 	 1 	 0 
314.619		226.102 	 219.14608229 	 48.4281705019 	 0 	 1 	 1 	 -1 
309.563		230.633 	 133.681166158 	 48.0134013848 	 0 	 1 	 1 	 0 
306.489		235.285 	 128.15374345 	 50.5207427993 	 1 	 0 	 1 	 0 
305.456		240 	 145.581619821 	 17.4139268748 	 0 	 1 	 1 	 -1 
306.488		244.715 	 110.516246118 	 57.5167686777 	 0 	 1 	 1 	 1 
309.563		249.367 	 91.4221939206 	 84.3469686073 	 1 	 1 	 1 	 -1 
314.619		253.898 	 139.59078543 	 28.3941285595 	 1 	 0 	 1 	 0 
321.56		258.258 	 140.005276619 	 33.6399941493 	 0 	 1 	 1 	 1 
330.266		262.411 	 156.454996572 	 62.6881672874 	 0 	 0 	 1 	 1 
340.597		266.33 	 161.429383162 	 62.1028133876 	 1 	 1 	 1 	 -1 
340.597		273.671 	 89.7684914279 	 28.789934671 	 0 	 1 	 1 	 0 
330.266		277.589 	 129.373079672 	 56.8026922758 	 1 	 0 	 1 	 0 
321.56		281.742 	 175.802413407 	 15.1122510365 	 1 	 0 	 1 	 0 
314.619		286.102 	 82.9614491458 	 20.0265633416 	 1 	 1 	 1 	 -1 
309.563		290.633 	 82.9213699503 	 77.056966092 	 0 	 0 	 1 	 -1 
306.488		295.285 	 91.0736413463 	 28.8379186051 	 1 	 0 	 1 	 1 
305.457		300 	 131.209961467 	 46.3980043732 	 0 	 0 	 1 	 1 
306.489		304.715 	 117.60357773 	 67.5599143099 	 0 	 1 	 1 	 0 
309.563		309.367 	 145.936660821 	 46.0260272474 	 0 	 1 	 1 	 -1 
314.619		313.898 	 191.731503648 	 34.1884177293 	 0 	 0 	 1 	 -1 
321.56		318.258 	 153.199084049 	 59.4853510327 	 0 	 0 	 1 	 0 
330.266		322.411 	 134.158998154 	 48.1371310515 	 1 	 1 	 1 	 1 
340.597		326.33 	 143.600447658 	 91.0841115891 	 0 	 0 	 1 	 1 
352.406		330 	 159.674772748 	 55.7339132505 	 1 	 1 	 1 	 0 
365.546		333.418 	 132.328108399 	 59.5452685022 	 0 	 1 	 1 	 1 
355.074		337.053 	 183.528782806 	 18.2792069485 	 1 	 0 	 1 	 1 
346.099		340.893 	 137.938921592 	 51.8556318732 	 0 	 1 	 1 	 1 
338.742		344.921 	 182.393691248 	 53.3798274061 	 1 	 1 	 1 	 0 
333.116		349.107 	 141.35358508 	 55.8097057785 	 0 	 0 	 1 	 -1 
329.31		353.413 	 114.329010694 	 32.7365006736 	 0 	 0 	 1 	 1 
327.39		357.796 	 117.815761559 	 50.3916847615 	 0 	 0 	 1 	 1 
327.39		2.20423 	 128.075206415 	 44.6991934788 	 0 	 1 	 1 	 1 
329.31		6.58678 	 118.857656705 	 51.1940652186 	 0 	 0 	 1 	 -1 
333.116		10.8934 	 149.736162013 	 83.5388874818 	 0 	 1 	 1 	 1 
338.742		15.0791 	 52.0023190936 	 48.7546456582 	 0 	 0 	 1 	 0 
346.099		19.1066 	 126.272705901 	 53.345919485 	 0 	 1 	 1 	 0 
355.074		22.9473 	 58.5666444396 	 27.4879035545 	 0 	 1 	 1 	 1 
365.546		26.582 	 134.524638109 	 45.4698770461 	 0 	 1 	 1 	 0 
377.385		30 	 143.778699834 	 44.992726301 	 0 	 0 	 1 	 1 
365.546		33.418 	 124.912268006 	 38.5814385668 	 1 	 0 	 1 	 -1 
355.074		37.0527 	 141.398598975 	 55.0659362233 	 0 	 0 	 1 	 -1 
346.099		40.8934 	 116.555772197 	 67.9787622934 	 1 	 0 	 1 	 1 
338.743		44.9209 	 114.554956573 	 58.0539884241 	 0 	 1 	 1 	 0 
333.116		49.1066 	 97.7740142395 	 33.0790515733 	 0 	 1 	 1 	 -1 
329.31		53.4132 	 131.139117338 	 61.0054191717 	 1 	 0 	 1 	 1 
327.39		57.7958 	 131.65536139 	 31.3506947626 	 1 	 0 	 1 	 0 
327.39		62.2042 	 164.109335609 	 55.9247109432 	 1 	 1 	 1 	 -1 
329.31		66.5868 	 138.066759863 	 23.0588963955 	 1 	 1 	 1 	 0 
333.116		70.8934 	 167.182162909 	 59.2856187173 	 1 	 1 	 1 	 1 
338.742		75.0791 	 155.489484359 	 48.4450007981 	 0 	 1 	 1 	 -1 
346.099		79.1066 	 165.269818098 	 45.4923166481 	 0 	 1 	 1 	 1 
355.074		82.9473 	 135.945182364 	 47.2051837434 	 0 	 1 	 1 	 -1 
