25.2587		30 	 200.164034952 	 165.167180146 	 0 	 1 	 1 	 1 
25.2587		90 	 3.95228776544 	 -65.1187158396 	 1 	 0 	 1 	 1 
25.2587		150 	 231.679803474 	 -58.268163943 	 0 	 1 	 1 	 1 
25.2587		210 	 254.795146083 	 2.16069715634 	 0 	 1 	 1 	 1 
25.2587		270 	 106.561745392 	 -103.184931166 	 1 	 0 	 1 	 0 
43.7478		0 	 172.134947292 	 -109.610787996 	 1 	 0 	 1 	 1 
50.5147		30 	 181.411036393 	 -117.863918861 	 1 	 0 	 1 	 0 
43.7478		60 	 322.646231526 	 34.1974382565 	 0 	 1 	 1 	 1 
50.5147		90 	 169.516079727 	 -92.2041581366 	 0 	 1 	 1 	 1 
43.7478		120 	 75.3777152489 	 41.6254635385 	 1 	 0 	 1 	 0 
50.5147		150 	 142.24768359 	 139.835547475 	 1 	 0 	 1 	 0 
43.7478		180 	 299.563416642 	 157.124135077 	 0 	 1 	 1 	 -1 
50.5147		210 	 75.2696708077 	 -139.187688385 	 1 	 0 	 1 	 0 
43.7478		240 	 220.222143021 	 -115.530180257 	 1 	 0 	 1 	 1 
43.7478		300 	 47.9311111517 	 -3.64130246626 	 1 	 0 	 1 	 -1 
50.5148		330 	 31.9598164245 	 -153.753390801 	 1 	 0 	 1 	 1 
66.8212		349.107 	 3.85721036818 	 -133.885700612 	 0 	 1 	 1 	 1 
66.8212		10.8934 	 291.346773303 	 -13.0281754035 	 0 	 1 	 1 	 0 
75.7654		30 	 299.916737904 	 -30.2166094318 	 0 	 1 	 1 	 0 
66.8212		49.1066 	 144.198212421 	 112.542710309 	 1 	 0 	 1 	 -1 
66.8212		70.8934 	 257.846401017 	 119.160151502 	 0 	 1 	 1 	 -1 
75.7654		90 	 147.098894403 	 155.257467601 	 0 	 1 	 1 	 0 
66.8212		109.107 	 202.952289381 	 -56.5181811691 	 1 	 0 	 1 	 -1 
66.8212		130.893 	 152.380809267 	 102.119380753 	 0 	 1 	 1 	 -1 
75.7654		150 	 94.5487822383 	 155.22882947 	 0 	 1 	 1 	 0 
66.8212		169.107 	 88.2725610971 	 86.0351411912 	 0 	 1 	 1 	 1 
66.8212		190.893 	 52.8039151414 	 179.422208329 	 0 	 1 	 1 	 -1 
66.8212		229.107 	 122.264862192 	 128.329275749 	 1 	 0 	 1 	 0 
66.8212		250.893 	 304.451015982 	 46.2677179587 	 0 	 1 	 1 	 1 
75.7654		270 	 284.270416631 	 -44.1710986831 	 0 	 1 	 1 	 0 
66.8212		289.107 	 287.757242778 	 24.075499139 	 1 	 0 	 1 	 -1 
66.8212		310.893 	 36.8898170146 	 -56.4573959282 	 1 	 0 	 1 	 0 
75.7654		330 	 168.073601352 	 61.5829626462 	 0 	 1 	 1 	 1 
91.0523		343.898 	 4.02271211182 	 -110.726699714 	 1 	 0 	 1 	 0 
87.4818		0 	 252.103482627 	 -9.27619868022 	 0 	 1 	 1 	 -1 
91.0523		16.1021 	 226.65160243 	 16.7362221247 	 1 	 0 	 1 	 0 
101.008		30 	 150.75794426 	 -86.7861599005 	 0 	 1 	 1 	 0 
91.0523		43.8979 	 261.524530569 	 146.578709541 	 0 	 1 	 1 	 1 
87.4818		60 	 72.9995635949 	 -41.8301100692 	 1 	 0 	 1 	 0 
91.0523		76.1021 	 268.968902133 	 145.876198918 	 1 	 0 	 1 	 1 
91.0523		103.898 	 157.464693558 	 -127.623068522 	 1 	 0 	 1 	 0 
87.4818		120 	 301.711218502 	 -48.2544993828 	 0 	 1 	 1 	 -1 
91.0523		136.102 	 220.53636334 	 13.7714352633 	 0 	 1 	 1 	 1 
91.0523		163.898 	 20.8482354693 	 114.135205369 	 1 	 0 	 1 	 1 
87.4818		180 	 218.526990106 	 -20.1954129852 	 1 	 0 	 1 	 0 
91.0523		196.102 	 44.0963707305 	 73.1461582643 	 1 	 0 	 1 	 1 
101.008		210 	 80.3607243725 	 152.612693393 	 1 	 0 	 1 	 0 
91.0523		223.898 	 171.274386497 	 175.497132934 	 1 	 0 	 1 	 -1 
87.4818		240 	 214.19501274 	 -179.188276699 	 0 	 1 	 1 	 -1 
91.0523		256.102 	 47.5404270446 	 171.476176316 	 1 	 0 	 1 	 -1 
101.008		270 	 264.019440398 	 -31.5969373919 	 0 	 1 	 1 	 -1 
91.0523		283.898 	 94.1753893558 	 -71.2849693496 	 0 	 1 	 1 	 -1 
87.4817		300 	 130.183904043 	 -97.1648889226 	 0 	 1 	 1 	 0 
91.0523		316.102 	 62.2726654002 	 -81.0826268325 	 0 	 1 	 1 	 -1 
101.008		330 	 225.461973261 	 51.9408095645 	 1 	 0 	 1 	 1 
115.709		340.893 	 196.679819398 	 -67.7151914392 	 0 	 1 	 1 	 -1 
110.065		353.413 	 243.590033086 	 -39.4463799219 	 0 	 1 	 1 	 -1 
110.065		6.58677 	 112.276525329 	 -60.8414061484 	 0 	 1 	 1 	 1 
115.709		19.1066 	 285.166885098 	 -13.0231657483 	 1 	 0 	 1 	 1 
126.24		30 	 116.031217451 	 41.2847530407 	 1 	 0 	 1 	 0 
115.709		40.8934 	 230.837160655 	 35.8128835092 	 1 	 0 	 1 	 -1 
110.065		53.4132 	 242.888496119 	 -161.734824708 	 1 	 0 	 1 	 -1 
110.065		66.5868 	 158.455562851 	 -91.7237243233 	 1 	 0 	 1 	 1 
115.709		79.1066 	 223.636709484 	 -49.9660632676 	 0 	 1 	 1 	 1 
126.24		90 	 198.218829421 	 -48.3350452093 	 1 	 0 	 1 	 -1 
115.709		100.893 	 60.9772794911 	 152.209849002 	 0 	 1 	 1 	 0 
110.065		113.413 	 55.7934698343 	 19.3876784308 	 1 	 0 	 1 	 1 
110.065		126.587 	 298.314877211 	 165.738722982 	 1 	 0 	 1 	 1 
115.709		139.107 	 126.074594537 	 -166.938905687 	 1 	 0 	 1 	 1 
126.24		150 	 256.081961839 	 -0.461470784291 	 1 	 0 	 1 	 1 
115.709		160.893 	 6.15229716865 	 -149.229731229 	 0 	 1 	 1 	 0 
110.066		173.413 	 280.510494274 	 107.362012355 	 0 	 1 	 1 	 -1 
110.066		186.587 	 27.4735472885 	 -75.2226669223 	 1 	 0 	 1 	 -1 
115.709		199.107 	 256.475247201 	 108.745283257 	 1 	 0 	 1 	 1 
126.24		210 	 287.613257394 	 121.92936146 	 0 	 1 	 1 	 1 
115.709		220.893 	 31.5840373888 	 3.61235276081 	 0 	 1 	 1 	 0 
110.065		233.413 	 109.68877505 	 57.9869072794 	 0 	 1 	 1 	 -1 
110.065		246.587 	 211.439809393 	 143.589443671 	 0 	 1 	 1 	 -1 
115.709		259.107 	 307.332419702 	 160.068216985 	 0 	 1 	 1 	 1 
126.24		270 	 138.240806177 	 17.4585031225 	 1 	 0 	 1 	 0 
115.709		280.893 	 23.0178343846 	 60.5921718087 	 0 	 1 	 1 	 0 
110.065		293.413 	 244.138564988 	 39.3862393879 	 0 	 1 	 1 	 1 
110.065		306.587 	 133.784238312 	 -50.2667364098 	 0 	 1 	 1 	 -1 
115.709		319.107 	 77.8012821567 	 -43.6811401188 	 0 	 1 	 1 	 1 
126.24		330 	 324.557792084 	 -157.61153753 	 0 	 1 	 1 	 -1 
140.56		338.948 	 95.3564147061 	 114.49791934 	 0 	 1 	 1 	 0 
133.593		349.107 	 94.6495565977 	 -155.781942807 	 0 	 1 	 1 	 -1 
131.188		0 	 24.2977091578 	 -165.678327014 	 0 	 1 	 1 	 1 
133.593		10.8934 	 321.454217786 	 166.906220497 	 0 	 1 	 1 	 -1 
140.56		21.0517 	 85.9846646707 	 20.2387113396 	 1 	 0 	 1 	 1 
151.459		30 	 50.098388071 	 0.774820249311 	 0 	 1 	 1 	 -1 
140.56		38.9483 	 176.694309576 	 -162.28401473 	 0 	 1 	 1 	 -1 
133.593		49.1066 	 236.006046788 	 114.408958213 	 1 	 0 	 1 	 1 
131.188		60 	 178.429464365 	 -127.60727645 	 0 	 1 	 1 	 0 
133.593		70.8934 	 133.465443336 	 -99.6838869092 	 1 	 0 	 1 	 0 
140.56		81.0517 	 300.177805603 	 59.2978943255 	 1 	 0 	 1 	 0 
151.459		90 	 271.523206186 	 -76.9004756309 	 1 	 0 	 1 	 0 
140.56		98.9483 	 313.156563164 	 -133.662888058 	 0 	 1 	 1 	 -1 
133.593		109.107 	 9.15706444225 	 -78.4207038997 	 0 	 1 	 1 	 -1 
131.188		120 	 263.066822856 	 96.5200239532 	 0 	 1 	 1 	 0 
133.593		130.893 	 24.9303643593 	 139.850439758 	 1 	 0 	 1 	 1 
140.56		141.052 	 318.019202364 	 72.5697666935 	 0 	 1 	 1 	 1 
151.459		150 	 280.996654244 	 -132.566244027 	 0 	 1 	 1 	 0 
140.56		158.948 	 156.401598468 	 112.072605875 	 0 	 1 	 1 	 1 
133.593		169.107 	 110.612289913 	 -109.313513608 	 1 	 0 	 1 	 1 
131.188		180 	 84.0515877685 	 122.372921949 	 1 	 0 	 1 	 -1 
133.593		190.893 	 37.0813251194 	 -112.010409428 	 0 	 1 	 1 	 0 
140.56		201.052 	 140.064407047 	 -9.09429635356 	 0 	 1 	 1 	 -1 
151.459		210 	 253.669189912 	 -137.405906249 	 0 	 1 	 1 	 0 
140.56		218.948 	 266.929165651 	 -137.166566044 	 0 	 1 	 1 	 -1 
133.593		229.107 	 79.5704352524 	 137.755552125 	 1 	 0 	 1 	 1 
131.188		240 	 306.897312672 	 136.944044053 	 0 	 1 	 1 	 0 
133.592		250.893 	 134.486839082 	 27.7597974529 	 1 	 0 	 1 	 0 
140.56		261.052 	 273.732475644 	 -35.9102765505 	 1 	 0 	 1 	 1 
151.459		270 	 299.753330458 	 -38.8483261791 	 0 	 1 	 1 	 -1 
140.56		278.948 	 173.31410621 	 116.7502304 	 1 	 0 	 1 	 -1 
133.592		289.107 	 208.557481938 	 -37.1545884472 	 1 	 0 	 1 	 -1 
131.188		300 	 50.4614095275 	 -101.465532444 	 1 	 0 	 1 	 0 
133.593		310.893 	 196.454053612 	 -151.872989797 	 1 	 0 	 1 	 -1 
140.56		321.052 	 225.0662792 	 103.929129389 	 0 	 1 	 1 	 1 
151.459		330 	 141.348712533 	 -47.069203475 	 0 	 1 	 1 	 -1 
165.51		337.589 	 275.802655369 	 -105.01546887 	 1 	 0 	 1 	 -1 
157.635		346.102 	 83.9116884333 	 149.947790217 	 1 	 0 	 1 	 1 
153.545		355.285 	 256.085988026 	 -50.3452690789 	 0 	 1 	 1 	 -1 
153.545		4.715 	 133.255604288 	 128.634844208 	 0 	 1 	 1 	 -1 
157.635		13.8979 	 86.2526831326 	 -4.66760816843 	 1 	 0 	 1 	 1 
165.51		22.4109 	 6.22987566807 	 21.2103781719 	 1 	 0 	 1 	 1 
176.661		30 	 213.815794217 	 -48.7860727742 	 1 	 0 	 1 	 -1 
165.51		37.5891 	 206.306993108 	 73.0191630384 	 1 	 0 	 1 	 1 
157.635		46.1021 	 43.4081005504 	 56.8170673287 	 1 	 0 	 1 	 1 
153.545		55.285 	 46.1889048095 	 25.4454737088 	 0 	 1 	 1 	 0 
153.545		64.715 	 271.17593706 	 148.771241747 	 0 	 1 	 1 	 -1 
157.635		73.8979 	 255.066186035 	 -64.4427800204 	 1 	 0 	 1 	 -1 
165.51		82.4109 	 144.957502144 	 -39.4206191336 	 0 	 1 	 1 	 1 
176.661		90 	 96.7655538621 	 -108.160790287 	 1 	 0 	 1 	 -1 
165.51		97.5891 	 101.982673892 	 -74.2438757667 	 0 	 1 	 1 	 -1 
157.635		106.102 	 160.218494187 	 172.829588062 	 1 	 0 	 1 	 1 
153.545		115.285 	 217.171566467 	 -77.0838192454 	 1 	 0 	 1 	 0 
153.545		124.715 	 88.3002687182 	 164.551751791 	 1 	 0 	 1 	 0 
157.635		133.898 	 315.530898643 	 54.9949325097 	 1 	 0 	 1 	 1 
165.51		142.411 	 192.96653931 	 148.801095085 	 0 	 1 	 1 	 1 
176.661		150 	 255.55750212 	 -106.433451806 	 1 	 0 	 1 	 -1 
165.509		157.589 	 262.044307622 	 72.9397555987 	 0 	 1 	 1 	 -1 
157.635		166.102 	 244.892353161 	 -145.826674122 	 0 	 1 	 1 	 -1 
153.546		175.285 	 315.334064789 	 110.416475564 	 0 	 1 	 1 	 -1 
153.546		184.715 	 122.880066393 	 6.41880358999 	 0 	 1 	 1 	 -1 
157.635		193.898 	 119.201866041 	 -147.315834504 	 0 	 1 	 1 	 1 
165.509		202.411 	 150.218447221 	 120.492129253 	 1 	 0 	 1 	 0 
165.51		217.589 	 189.70318832 	 -19.7392158919 	 1 	 0 	 1 	 0 
157.635		226.102 	 140.887621438 	 -75.508252235 	 0 	 1 	 1 	 -1 
153.545		235.285 	 259.855201597 	 -33.0784010996 	 1 	 0 	 1 	 -1 
153.545		244.715 	 199.036175099 	 -144.264476778 	 0 	 1 	 1 	 -1 
157.635		253.898 	 76.5469947515 	 134.811465007 	 1 	 0 	 1 	 -1 
165.51		262.411 	 30.7856330517 	 125.396994049 	 1 	 0 	 1 	 0 
176.661		270 	 210.197005365 	 90.9129988289 	 0 	 1 	 1 	 1 
165.51		277.589 	 244.872868503 	 132.494741596 	 0 	 1 	 1 	 0 
157.635		286.102 	 5.11973921359 	 57.9018105578 	 0 	 1 	 1 	 1 
153.545		295.285 	 291.194811715 	 16.0532011131 	 0 	 1 	 1 	 -1 
153.545		304.715 	 98.6520844291 	 177.895610206 	 0 	 1 	 1 	 -1 
157.635		313.898 	 218.947061674 	 -157.348955723 	 0 	 1 	 1 	 -1 
165.51		322.411 	 267.672717232 	 -144.020584451 	 1 	 0 	 1 	 -1 
176.661		330 	 135.275418514 	 -59.609351541 	 0 	 1 	 1 	 -1 
190.511		336.587 	 60.0881174346 	 54.4164241201 	 1 	 0 	 1 	 1 
181.979		343.898 	 173.30503364 	 -112.29151914 	 0 	 1 	 1 	 1 
176.661		351.787 	 185.798984502 	 -65.7108696798 	 1 	 0 	 1 	 1 
174.852		0 	 99.2392637293 	 42.9012315785 	 0 	 1 	 1 	 1 
176.661		8.21321 	 91.8364375562 	 -8.75476051792 	 0 	 1 	 1 	 0 
181.979		16.1021 	 67.7937427946 	 29.594800813 	 1 	 0 	 1 	 0 
190.511		23.4132 	 321.145681147 	 -173.33076526 	 0 	 1 	 1 	 1 
201.845		30 	 259.07961732 	 -32.1030949477 	 1 	 0 	 1 	 0 
181.979		43.8979 	 37.6387418893 	 -143.273971153 	 1 	 0 	 1 	 0 
176.661		51.7868 	 249.710979037 	 170.041780841 	 0 	 1 	 1 	 0 
174.852		60 	 296.226166668 	 -1.32609882383 	 1 	 0 	 1 	 1 
176.661		68.2132 	 8.01568967261 	 112.943835352 	 1 	 0 	 1 	 -1 
181.979		76.1021 	 304.031696461 	 78.5146854038 	 1 	 0 	 1 	 1 
190.511		83.4132 	 163.151328438 	 148.788702469 	 1 	 0 	 1 	 0 
201.845		90 	 80.2399688075 	 -110.746420107 	 0 	 1 	 1 	 -1 
190.511		96.5868 	 320.177189094 	 -63.6519009253 	 1 	 0 	 1 	 1 
181.979		103.898 	 305.238363832 	 40.6147477799 	 0 	 1 	 1 	 -1 
176.661		111.787 	 56.5912365618 	 59.5688862174 	 0 	 1 	 1 	 1 
174.852		120 	 194.74683574 	 -18.3199672179 	 0 	 1 	 1 	 0 
176.661		128.213 	 27.4926636599 	 108.807974359 	 0 	 1 	 1 	 -1 
181.979		136.102 	 317.268997501 	 30.422830754 	 0 	 1 	 1 	 -1 
190.51		143.413 	 150.317293022 	 -155.711641007 	 0 	 1 	 1 	 -1 
201.845		150 	 74.9395736021 	 -100.80758449 	 1 	 0 	 1 	 -1 
190.511		156.587 	 135.9511816 	 -108.178291774 	 0 	 1 	 1 	 0 
181.979		163.898 	 248.415084813 	 81.0456657478 	 1 	 0 	 1 	 -1 
176.661		171.787 	 202.460826363 	 140.88206228 	 1 	 0 	 1 	 0 
174.852		180 	 38.1118020588 	 160.408097546 	 1 	 0 	 1 	 0 
176.661		188.213 	 120.608672123 	 85.6760953811 	 0 	 1 	 1 	 1 
181.979		196.102 	 176.244473848 	 125.711392899 	 0 	 1 	 1 	 0 
190.511		203.413 	 274.396033442 	 66.1711698099 	 1 	 0 	 1 	 -1 
201.845		210 	 269.178280899 	 109.464347343 	 1 	 0 	 1 	 0 
190.51		216.587 	 196.311007941 	 171.860306207 	 1 	 0 	 1 	 1 
181.979		223.898 	 256.988725102 	 -95.9491979849 	 1 	 0 	 1 	 -1 
176.661		231.787 	 78.731666283 	 -111.54771818 	 0 	 1 	 1 	 0 
174.853		240 	 102.349233928 	 -157.926444307 	 1 	 0 	 1 	 -1 
176.662		248.213 	 1.64553265718 	 -91.2467847865 	 1 	 0 	 1 	 -1 
181.979		256.102 	 117.204523894 	 169.341923791 	 0 	 1 	 1 	 -1 
190.511		263.413 	 194.073310564 	 63.0246912377 	 1 	 0 	 1 	 -1 
190.511		276.587 	 253.763657289 	 -77.3394808217 	 0 	 1 	 1 	 -1 
181.979		283.898 	 144.774829135 	 155.62191274 	 1 	 0 	 1 	 1 
176.662		291.787 	 165.805120801 	 137.599821309 	 0 	 1 	 1 	 -1 
174.853		300 	 316.566368814 	 -176.706034746 	 0 	 1 	 1 	 0 
176.661		308.213 	 75.4916124392 	 -39.3636919093 	 1 	 0 	 1 	 -1 
181.979		316.102 	 42.5351778465 	 55.3574535425 	 0 	 1 	 1 	 -1 
190.511		323.413 	 115.198010356 	 -118.017126766 	 1 	 0 	 1 	 1 
201.845		330 	 323.913547031 	 146.038492602 	 1 	 0 	 1 	 -1 
215.536		335.818 	 179.096925532 	 -137.910970727 	 0 	 1 	 1 	 -1 
206.511		342.216 	 112.607695925 	 165.079995118 	 0 	 1 	 1 	 0 
200.265		349.107 	 293.946778084 	 -143.778752831 	 1 	 0 	 1 	 -1 
197.068		356.329 	 245.886335253 	 -100.292018905 	 0 	 1 	 1 	 1 
197.068		3.6705 	 210.10231496 	 -55.8437771716 	 1 	 0 	 1 	 1 
200.265		10.8934 	 248.770918673 	 -99.6504112762 	 1 	 0 	 1 	 -1 
206.511		17.7836 	 305.972144642 	 33.1090202529 	 0 	 1 	 1 	 0 
215.536		24.1825 	 211.075274722 	 143.558940327 	 1 	 0 	 1 	 0 
227.007		30 	 200.446620474 	 -8.31718790908 	 1 	 0 	 1 	 -1 
215.536		35.8175 	 239.224335941 	 -42.2948470346 	 1 	 0 	 1 	 -1 
206.511		42.2164 	 60.423734211 	 33.7173568478 	 0 	 1 	 1 	 1 
200.265		49.1066 	 117.394696417 	 157.108991358 	 1 	 0 	 1 	 0 
197.068		56.3295 	 241.369522545 	 38.7634760999 	 0 	 1 	 1 	 -1 
197.068		63.6705 	 255.444227949 	 -107.98424598 	 0 	 1 	 1 	 -1 
200.265		70.8934 	 304.841919211 	 -128.902951512 	 0 	 1 	 1 	 1 
206.511		77.7836 	 88.7259010606 	 57.6664396941 	 0 	 1 	 1 	 -1 
215.536		84.1825 	 189.516791823 	 -44.135769833 	 0 	 1 	 1 	 0 
227.007		90 	 0.958374559689 	 52.7654930022 	 1 	 0 	 1 	 0 
215.536		95.8175 	 58.4890485775 	 9.97027226291 	 0 	 1 	 1 	 0 
206.511		102.216 	 106.419577248 	 31.4416607358 	 1 	 0 	 1 	 -1 
200.265		109.107 	 175.723024588 	 -68.2600981865 	 1 	 0 	 1 	 1 
197.068		116.33 	 127.513859875 	 2.94560796911 	 0 	 1 	 1 	 0 
197.068		123.671 	 74.7152190269 	 -11.0747562042 	 0 	 1 	 1 	 1 
200.265		130.893 	 31.9365668101 	 -74.5286599469 	 1 	 0 	 1 	 1 
206.51		137.784 	 270.798150363 	 -36.6114995378 	 0 	 1 	 1 	 1 
215.536		144.182 	 278.876134013 	 -90.5168298087 	 0 	 1 	 1 	 1 
227.007		150 	 304.284968878 	 157.999909389 	 0 	 1 	 1 	 -1 
215.536		155.818 	 45.0873997102 	 146.248351893 	 1 	 0 	 1 	 -1 
206.511		162.216 	 138.427481594 	 -150.639831891 	 0 	 1 	 1 	 -1 
200.266		169.107 	 297.382223181 	 172.565202533 	 0 	 1 	 1 	 1 
197.068		176.33 	 70.4672942246 	 -79.5050561148 	 1 	 0 	 1 	 1 
197.068		183.671 	 46.1591711674 	 -156.664248834 	 0 	 1 	 1 	 -1 
200.266		190.893 	 279.330818405 	 -68.4468227566 	 0 	 1 	 1 	 -1 
206.511		197.784 	 309.406872618 	 -53.9422658902 	 0 	 1 	 1 	 1 
215.536		204.182 	 200.103137008 	 79.8006919142 	 0 	 1 	 1 	 0 
227.007		210 	 181.909592002 	 -82.2834196033 	 1 	 0 	 1 	 -1 
215.536		215.818 	 204.49673139 	 -58.4698984051 	 1 	 0 	 1 	 1 
206.51		222.216 	 228.835847012 	 128.473315074 	 0 	 1 	 1 	 0 
200.265		229.107 	 323.721394854 	 111.445292711 	 0 	 1 	 1 	 0 
197.068		236.329 	 1.27518799923 	 -174.000733165 	 1 	 0 	 1 	 1 
197.068		243.671 	 170.531070963 	 -57.0539536295 	 1 	 0 	 1 	 -1 
200.265		250.893 	 249.143648848 	 51.5436034014 	 0 	 1 	 1 	 -1 
206.51		257.784 	 9.60945310078 	 -83.800443763 	 0 	 1 	 1 	 1 
215.536		264.182 	 17.8736524979 	 28.1763168234 	 1 	 0 	 1 	 -1 
227.007		270 	 138.563872892 	 78.2383497412 	 0 	 1 	 1 	 -1 
215.536		275.818 	 249.123893122 	 43.1555380126 	 1 	 0 	 1 	 0 
206.51		282.216 	 85.7493150118 	 -32.1921329216 	 0 	 1 	 1 	 -1 
200.265		289.107 	 20.4788311371 	 136.594911033 	 1 	 0 	 1 	 -1 
197.068		296.329 	 55.0742971629 	 20.401547385 	 1 	 0 	 1 	 0 
197.068		303.67 	 42.1685448152 	 -22.9487249271 	 0 	 1 	 1 	 1 
200.265		310.893 	 273.129968682 	 -117.570180848 	 1 	 0 	 1 	 -1 
206.511		317.784 	 302.900479051 	 4.61271017859 	 0 	 1 	 1 	 0 
227.008		330 	 244.886626756 	 43.7990205865 	 0 	 1 	 1 	 -1 
240.57		335.209 	 249.90913754 	 -65.9325575328 	 0 	 1 	 1 	 1 
231.161		340.893 	 252.111434061 	 -4.87593874211 	 0 	 1 	 1 	 -1 
224.195		346.996 	 180.209939657 	 -56.1483290305 	 1 	 0 	 1 	 0 
219.909		353.413 	 246.196154245 	 164.952624776 	 0 	 1 	 1 	 1 
218.461		0 	 171.998860134 	 -139.581175383 	 0 	 1 	 1 	 0 
219.909		6.58678 	 68.2448632462 	 112.888269981 	 1 	 0 	 1 	 0 
224.195		13.0039 	 1.06323148123 	 -95.1945767228 	 0 	 1 	 1 	 0 
231.161		19.1066 	 100.064940104 	 -88.5141298454 	 0 	 1 	 1 	 -1 
240.57		24.7913 	 105.382528568 	 -148.389142019 	 1 	 0 	 1 	 -1 
252.146		30 	 240.284740657 	 -41.3811442622 	 0 	 1 	 1 	 1 
240.57		35.2087 	 208.860218589 	 82.2522777922 	 1 	 0 	 1 	 0 
231.161		40.8934 	 221.912702291 	 -62.513157741 	 1 	 0 	 1 	 1 
224.195		46.9961 	 317.32653024 	 76.0985398826 	 0 	 1 	 1 	 -1 
219.909		53.4132 	 108.77606525 	 11.1276736965 	 1 	 0 	 1 	 -1 
218.461		60 	 243.799493045 	 36.4650651297 	 0 	 1 	 1 	 -1 
219.909		66.5868 	 183.821837131 	 -91.4028573487 	 1 	 0 	 1 	 -1 
224.195		73.0039 	 154.903394222 	 -4.19878598803 	 1 	 0 	 1 	 1 
231.161		79.1066 	 223.651874364 	 60.159200233 	 1 	 0 	 1 	 0 
240.57		84.7913 	 18.535708027 	 -99.5366612364 	 1 	 0 	 1 	 0 
240.57		95.2087 	 54.2233780824 	 -97.952582981 	 1 	 0 	 1 	 1 
231.161		100.893 	 14.6405842289 	 40.7442017122 	 1 	 0 	 1 	 -1 
224.195		106.996 	 262.683652212 	 39.3082372805 	 0 	 1 	 1 	 1 
219.909		113.413 	 89.4084559214 	 -179.049617037 	 0 	 1 	 1 	 -1 
218.461		120 	 307.795652045 	 28.3279476311 	 0 	 1 	 1 	 0 
219.909		126.587 	 5.12540739581 	 -78.859176343 	 1 	 0 	 1 	 0 
224.195		133.004 	 260.62863215 	 -161.952870277 	 0 	 1 	 1 	 0 
231.161		139.107 	 114.266150413 	 137.764210989 	 1 	 0 	 1 	 0 
252.146		150 	 151.873413766 	 152.17829308 	 1 	 0 	 1 	 0 
240.57		155.209 	 185.95421089 	 81.0739998523 	 1 	 0 	 1 	 0 
231.16		160.893 	 240.851386084 	 14.2241625476 	 0 	 1 	 1 	 1 
224.196		166.996 	 228.027371968 	 -103.384407115 	 0 	 1 	 1 	 1 
219.909		173.413 	 127.214591455 	 64.3886761976 	 1 	 0 	 1 	 1 
218.461		180 	 81.7104610312 	 -87.4501495376 	 1 	 0 	 1 	 0 
219.909		186.587 	 81.5979355619 	 -146.448487178 	 0 	 1 	 1 	 1 
224.196		193.004 	 53.8532836968 	 -123.686407997 	 1 	 0 	 1 	 0 
231.16		199.107 	 6.46933158527 	 135.355075639 	 0 	 1 	 1 	 0 
240.57		204.791 	 29.0839681915 	 -54.2621634403 	 1 	 0 	 1 	 0 
252.146		210 	 73.6780287986 	 -90.9936996523 	 0 	 1 	 1 	 -1 
240.57		215.209 	 170.961028194 	 124.650996657 	 1 	 0 	 1 	 1 
231.161		220.893 	 112.796961601 	 5.37967097674 	 0 	 1 	 1 	 -1 
224.196		226.996 	 119.465612074 	 31.3875895207 	 1 	 0 	 1 	 1 
219.909		233.413 	 121.966785624 	 141.974205982 	 0 	 1 	 1 	 1 
218.461		240 	 206.755569577 	 43.8989490003 	 0 	 1 	 1 	 -1 
219.909		246.587 	 109.996373929 	 -176.89288355 	 1 	 0 	 1 	 1 
224.195		253.004 	 304.813456087 	 -154.677688279 	 0 	 1 	 1 	 0 
231.16		259.107 	 310.394040249 	 8.46058464344 	 0 	 1 	 1 	 -1 
240.57		264.791 	 324.136021571 	 -3.08905173492 	 0 	 1 	 1 	 1 
252.146		270 	 299.124199034 	 -156.393021628 	 1 	 0 	 1 	 0 
240.57		275.209 	 89.5215007388 	 112.88395991 	 0 	 1 	 1 	 1 
231.16		280.893 	 38.0580825127 	 -30.0052664231 	 0 	 1 	 1 	 1 
224.195		286.996 	 112.130960221 	 -16.1474764879 	 1 	 0 	 1 	 0 
219.909		293.413 	 32.9355315929 	 -42.3712345302 	 1 	 0 	 1 	 0 
218.461		300 	 191.650693423 	 143.825595537 	 1 	 0 	 1 	 -1 
219.909		306.587 	 104.470122938 	 162.055669715 	 1 	 0 	 1 	 1 
224.196		313.004 	 222.409911124 	 59.2902920405 	 0 	 1 	 1 	 0 
231.161		319.107 	 298.830827015 	 72.4624004388 	 0 	 1 	 1 	 1 
240.57		324.791 	 60.2231625054 	 178.959690794 	 0 	 1 	 1 	 1 
252.146		330 	 109.003603985 	 140.086494176 	 1 	 0 	 1 	 0 
265.601		334.715 	 16.3214669371 	 -161.387779706 	 0 	 1 	 1 	 1 
255.886		339.826 	 178.449735494 	 -144.027421313 	 1 	 0 	 1 	 1 
248.348		345.295 	 57.0864116835 	 77.3526796962 	 1 	 0 	 1 	 -1 
243.191		351.052 	 85.2604529299 	 130.587433948 	 0 	 1 	 1 	 0 
240.57		356.996 	 134.321986668 	 -1.74269413381 	 0 	 1 	 1 	 1 
240.57		3.00449 	 104.720490821 	 -106.557231177 	 0 	 1 	 1 	 -1 
243.191		8.94827 	 198.712906114 	 -90.7969142551 	 0 	 1 	 1 	 1 
248.348		14.7047 	 207.630291152 	 -164.430038315 	 1 	 0 	 1 	 0 
255.886		20.1736 	 102.189402473 	 -103.066159015 	 1 	 0 	 1 	 1 
265.601		25.285 	 189.833106678 	 -120.292222318 	 1 	 0 	 1 	 -1 
277.258		30 	 147.505320295 	 -122.699316198 	 1 	 0 	 1 	 1 
265.601		34.715 	 39.0347485465 	 145.120978583 	 1 	 0 	 1 	 -1 
255.887		39.8264 	 265.176441099 	 -104.127815314 	 0 	 1 	 1 	 -1 
248.348		45.2953 	 271.856783742 	 165.567435266 	 1 	 0 	 1 	 0 
243.191		51.0517 	 32.1470698098 	 -46.057238648 	 0 	 1 	 1 	 -1 
240.57		56.9955 	 274.263888478 	 40.0077130433 	 0 	 1 	 1 	 -1 
240.57		63.0045 	 19.6502413934 	 120.670427378 	 1 	 0 	 1 	 0 
243.191		68.9483 	 68.3411974182 	 -48.5888270462 	 0 	 1 	 1 	 1 
248.348		74.7047 	 315.770805462 	 112.229649393 	 0 	 1 	 1 	 -1 
255.887		80.1736 	 295.110316908 	 153.842303139 	 1 	 0 	 1 	 1 
265.601		85.285 	 189.339214932 	 139.129329969 	 1 	 0 	 1 	 -1 
277.257		90 	 276.951037285 	 45.9834349621 	 0 	 1 	 1 	 1 
265.601		94.715 	 237.01331908 	 -129.733149704 	 1 	 0 	 1 	 -1 
255.887		99.8264 	 168.057025782 	 -62.1813769291 	 1 	 0 	 1 	 0 
248.348		105.295 	 188.434095657 	 9.49579647069 	 1 	 0 	 1 	 -1 
243.191		111.052 	 50.5023477385 	 84.0802815271 	 0 	 1 	 1 	 -1 
240.57		116.996 	 20.1275161875 	 132.471353215 	 0 	 1 	 1 	 0 
240.57		123.005 	 318.867655774 	 -19.72220051 	 1 	 0 	 1 	 1 
243.191		128.948 	 57.2034593357 	 92.5081647427 	 1 	 0 	 1 	 0 
248.348		134.705 	 232.590793157 	 40.9417008303 	 0 	 1 	 1 	 -1 
255.887		140.174 	 306.902782081 	 116.823363006 	 1 	 0 	 1 	 1 
265.6		145.285 	 300.990888119 	 86.3782573859 	 0 	 1 	 1 	 -1 
277.257		150 	 195.59112726 	 -137.560643051 	 1 	 0 	 1 	 0 
265.601		154.715 	 85.4321279097 	 48.5004381573 	 0 	 1 	 1 	 1 
255.886		159.826 	 142.828770014 	 116.673910405 	 0 	 1 	 1 	 1 
248.348		165.295 	 290.775896742 	 144.977454509 	 0 	 1 	 1 	 0 
243.191		171.052 	 113.525543491 	 129.724979616 	 0 	 1 	 1 	 0 
240.57		176.996 	 233.013461384 	 -151.92865253 	 1 	 0 	 1 	 -1 
240.57		183.005 	 296.334151589 	 -21.6981050212 	 0 	 1 	 1 	 0 
243.191		188.948 	 134.859855394 	 6.59217435497 	 0 	 1 	 1 	 -1 
248.348		194.705 	 93.2441751088 	 81.3249909938 	 0 	 1 	 1 	 1 
255.886		200.174 	 132.073670926 	 -20.9046312492 	 0 	 1 	 1 	 1 
265.601		205.285 	 80.060668108 	 -75.4256087247 	 0 	 1 	 1 	 0 
277.258		210 	 320.849336526 	 123.60680186 	 1 	 0 	 1 	 -1 
265.6		214.715 	 41.7198696524 	 1.16359818127 	 0 	 1 	 1 	 0 
255.887		219.826 	 226.708567612 	 -88.9827733114 	 0 	 1 	 1 	 -1 
248.348		225.295 	 101.24568978 	 37.4168325043 	 0 	 1 	 1 	 1 
243.191		231.052 	 192.728896943 	 -61.1408999702 	 1 	 0 	 1 	 0 
240.57		236.995 	 230.76355341 	 -27.969149139 	 0 	 1 	 1 	 1 
240.57		243.004 	 76.9520196251 	 46.425232945 	 0 	 1 	 1 	 1 
243.19		248.948 	 211.507348631 	 -172.037464374 	 1 	 0 	 1 	 -1 
248.348		254.705 	 276.25477232 	 153.489115532 	 1 	 0 	 1 	 0 
255.886		260.174 	 52.7720003867 	 165.614313057 	 1 	 0 	 1 	 0 
265.601		265.285 	 194.69936103 	 -2.01539270877 	 1 	 0 	 1 	 0 
277.258		270 	 192.938233796 	 155.959046587 	 1 	 0 	 1 	 -1 
265.601		274.715 	 320.275215886 	 -48.2273780818 	 0 	 1 	 1 	 1 
255.886		279.826 	 268.661992712 	 1.39050572779 	 0 	 1 	 1 	 1 
248.348		285.295 	 189.332528774 	 -111.610954296 	 1 	 0 	 1 	 0 
243.19		291.052 	 107.69858501 	 -80.8998679938 	 0 	 1 	 1 	 0 
240.57		296.996 	 318.502090167 	 -131.253555755 	 0 	 1 	 1 	 1 
240.57		303.004 	 283.128520352 	 129.744919806 	 0 	 1 	 1 	 -1 
243.191		308.948 	 177.330057468 	 -165.290383603 	 0 	 1 	 1 	 1 
248.348		314.705 	 31.9850865789 	 -25.8833415254 	 0 	 1 	 1 	 -1 
255.886		320.174 	 1.92339472181 	 -106.577644489 	 1 	 0 	 1 	 0 
265.6		325.285 	 50.7994925858 	 -91.0995356469 	 0 	 1 	 1 	 0 
277.258		330 	 210.665494026 	 -129.326507063 	 0 	 1 	 1 	 0 
290.619		334.307 	 117.543672064 	 -173.803193228 	 1 	 0 	 1 	 1 
280.659		338.948 	 209.060261786 	 -70.1613916137 	 1 	 0 	 1 	 1 
272.656		343.898 	 106.94112751 	 86.5175083287 	 1 	 0 	 1 	 0 
266.79		349.107 	 107.777856854 	 -89.8421742739 	 1 	 0 	 1 	 0 
263.206		354.504 	 180.088502022 	 -31.5475861107 	 0 	 1 	 1 	 0 
262.001		0 	 319.344178327 	 93.8112117441 	 0 	 1 	 1 	 0 
263.206		5.49637 	 300.004209913 	 117.133870369 	 1 	 0 	 1 	 1 
266.79		10.8934 	 155.604193539 	 130.040837971 	 1 	 0 	 1 	 0 
272.656		16.1021 	 9.18749475599 	 94.1325870329 	 1 	 0 	 1 	 1 
280.659		21.0517 	 113.128611936 	 -173.070587141 	 0 	 1 	 1 	 0 
290.619		25.6934 	 102.51287699 	 -86.426195496 	 0 	 1 	 1 	 -1 
302.34		30 	 287.777914199 	 -23.7734472354 	 1 	 0 	 1 	 -1 
290.619		34.3066 	 42.769947078 	 50.0701366699 	 0 	 1 	 1 	 0 
280.659		38.9483 	 81.241470965 	 70.2155228332 	 1 	 0 	 1 	 -1 
272.656		43.8979 	 322.949726783 	 164.717705221 	 1 	 0 	 1 	 0 
266.789		49.1066 	 298.353537313 	 106.779145621 	 0 	 1 	 1 	 0 
263.206		54.5036 	 247.73558958 	 -140.829297166 	 1 	 0 	 1 	 -1 
262.001		60 	 223.414603707 	 -168.149803366 	 1 	 0 	 1 	 0 
263.206		65.4964 	 111.134446457 	 113.495664098 	 0 	 1 	 1 	 0 
266.79		70.8934 	 207.263575474 	 -33.6619892332 	 1 	 0 	 1 	 -1 
272.656		76.1021 	 91.5397997256 	 31.847842877 	 0 	 1 	 1 	 0 
280.659		81.0517 	 46.0368417796 	 142.891529101 	 0 	 1 	 1 	 -1 
290.619		85.6934 	 308.483349152 	 -65.354400166 	 0 	 1 	 1 	 -1 
302.34		90 	 219.81876473 	 -78.3485441556 	 0 	 1 	 1 	 -1 
290.619		94.3066 	 163.107847217 	 -77.2992719457 	 0 	 1 	 1 	 0 
280.659		98.9483 	 226.869778926 	 92.6080619159 	 0 	 1 	 1 	 -1 
272.655		103.898 	 16.0537034117 	 42.3258516845 	 0 	 1 	 1 	 -1 
266.79		109.107 	 170.374510453 	 -133.115043886 	 0 	 1 	 1 	 1 
263.206		114.504 	 284.591684376 	 -155.875276192 	 0 	 1 	 1 	 1 
262		120 	 245.436475424 	 -174.873321992 	 1 	 0 	 1 	 1 
263.206		125.496 	 306.048158303 	 2.79409572079 	 1 	 0 	 1 	 -1 
266.79		130.893 	 44.0989798672 	 -12.006540811 	 0 	 1 	 1 	 1 
272.655		136.102 	 241.232762825 	 38.6170282822 	 1 	 0 	 1 	 -1 
280.659		141.052 	 39.76618963 	 -32.0085339988 	 1 	 0 	 1 	 1 
290.619		145.693 	 292.12543823 	 80.7038026655 	 1 	 0 	 1 	 -1 
302.34		150 	 160.388584611 	 66.1120028828 	 0 	 1 	 1 	 -1 
290.619		154.307 	 285.8113038 	 61.0541470074 	 0 	 1 	 1 	 0 
280.659		158.948 	 176.365370137 	 81.5043996059 	 1 	 0 	 1 	 1 
272.656		163.898 	 85.9575124289 	 -43.9653245565 	 0 	 1 	 1 	 0 
266.789		169.107 	 316.988057669 	 12.2138206307 	 0 	 1 	 1 	 -1 
263.206		174.504 	 169.420430531 	 -28.6750280701 	 1 	 0 	 1 	 -1 
262.001		180 	 99.6144118405 	 -142.737411352 	 1 	 0 	 1 	 -1 
263.206		185.496 	 65.8118422696 	 52.1901594883 	 0 	 1 	 1 	 0 
266.789		190.893 	 12.1916463311 	 176.340115476 	 0 	 1 	 1 	 -1 
272.656		196.102 	 200.90268859 	 -56.8570445611 	 0 	 1 	 1 	 1 
280.659		201.052 	 285.111027432 	 56.1440718361 	 0 	 1 	 1 	 1 
290.619		205.693 	 116.171006986 	 -100.039649282 	 0 	 1 	 1 	 -1 
302.34		210 	 151.301850155 	 10.0863968354 	 0 	 1 	 1 	 0 
290.619		214.307 	 162.883693854 	 119.278371317 	 0 	 1 	 1 	 1 
280.658		218.948 	 230.163391197 	 0.984702425243 	 0 	 1 	 1 	 0 
272.656		223.898 	 25.377673609 	 134.776933397 	 0 	 1 	 1 	 1 
266.79		229.107 	 283.506960278 	 171.268092632 	 0 	 1 	 1 	 -1 
263.206		234.504 	 220.322602401 	 117.283774917 	 0 	 1 	 1 	 0 
262		240 	 151.249639035 	 -58.63758173 	 1 	 0 	 1 	 -1 
263.206		245.496 	 96.3245850625 	 79.8398888169 	 1 	 0 	 1 	 1 
266.789		250.893 	 133.832150352 	 -23.4562715303 	 0 	 1 	 1 	 0 
272.656		256.102 	 58.4519492729 	 157.012547482 	 1 	 0 	 1 	 0 
280.659		261.052 	 161.221599026 	 5.67694412347 	 0 	 1 	 1 	 -1 
290.62		265.693 	 47.4154353601 	 -120.960318705 	 0 	 1 	 1 	 1 
302.34		270 	 76.179815116 	 114.03388923 	 0 	 1 	 1 	 0 
290.62		274.307 	 188.263538138 	 -81.0445347718 	 0 	 1 	 1 	 -1 
280.659		278.948 	 164.507707144 	 -163.380289404 	 1 	 0 	 1 	 0 
272.656		283.898 	 273.620363835 	 175.605177929 	 0 	 1 	 1 	 0 
266.789		289.107 	 241.38627066 	 88.7296988484 	 0 	 1 	 1 	 -1 
263.206		294.504 	 11.0325032384 	 -49.6477442562 	 1 	 0 	 1 	 1 
262		300 	 282.088247003 	 168.152768684 	 1 	 0 	 1 	 1 
263.206		305.496 	 22.5871290743 	 110.788525271 	 1 	 0 	 1 	 1 
266.79		310.893 	 33.7898070127 	 -179.763241338 	 1 	 0 	 1 	 -1 
272.656		316.102 	 37.6021672753 	 111.282940415 	 1 	 0 	 1 	 0 
280.659		321.052 	 270.77618969 	 -13.6040376826 	 1 	 0 	 1 	 -1 
290.619		325.693 	 128.755543951 	 128.662792423 	 1 	 0 	 1 	 0 
302.34		330 	 271.421105199 	 -147.337624165 	 0 	 1 	 1 	 -1 
315.62		333.963 	 273.601929971 	 83.3823099312 	 0 	 1 	 1 	 -1 
305.457		338.213 	 207.95257959 	 78.7201143527 	 0 	 1 	 1 	 0 
297.071		342.731 	 304.601763063 	 36.8711511776 	 0 	 1 	 1 	 0 
290.619		347.48 	 155.109193774 	 10.9957271021 	 0 	 1 	 1 	 1 
286.236		352.411 	 197.859591886 	 -92.3819372226 	 0 	 1 	 1 	 -1 
284.018		357.457 	 230.762635191 	 153.062514928 	 1 	 0 	 1 	 -1 
284.018		2.54292 	 54.5189559716 	 90.288932811 	 0 	 1 	 1 	 1 
286.236		7.58909 	 46.2071868956 	 121.615654158 	 1 	 0 	 1 	 1 
290.619		12.5198 	 19.718477112 	 128.344170477 	 0 	 1 	 1 	 0 
297.071		17.2695 	 64.5319915905 	 36.7203262506 	 0 	 1 	 1 	 0 
305.457		21.7868 	 182.015813423 	 98.0902282436 	 1 	 0 	 1 	 1 
315.62		26.0368 	 57.7591182033 	 -175.056880291 	 1 	 0 	 1 	 0 
327.39		30 	 259.417290108 	 -88.0537341389 	 1 	 0 	 1 	 1 
305.457		38.2132 	 130.51087358 	 -59.7133327546 	 0 	 1 	 1 	 -1 
297.071		42.7305 	 29.023001134 	 13.3447343603 	 0 	 1 	 1 	 -1 
290.619		47.4802 	 275.066854133 	 -69.0530215509 	 0 	 1 	 1 	 0 
286.236		52.4109 	 259.140517057 	 -166.807039919 	 1 	 0 	 1 	 1 
284.018		57.4571 	 122.069626779 	 -80.1080190326 	 0 	 1 	 1 	 1 
284.018		62.5429 	 163.754874529 	 -43.2222518971 	 0 	 1 	 1 	 0 
286.236		67.5891 	 28.6766404098 	 -87.8049177873 	 0 	 1 	 1 	 -1 
290.619		72.5198 	 72.6069676305 	 149.238902011 	 1 	 0 	 1 	 1 
297.071		77.2695 	 164.908943929 	 -179.405495554 	 1 	 0 	 1 	 0 
305.457		81.7868 	 295.631781116 	 13.8822201546 	 1 	 0 	 1 	 0 
315.62		86.0368 	 57.9228782492 	 -63.4138249585 	 1 	 0 	 1 	 1 
327.39		90 	 154.401052264 	 22.0629938233 	 1 	 0 	 1 	 -1 
315.62		93.9632 	 62.4091652217 	 -150.035932485 	 0 	 1 	 1 	 -1 
305.457		98.2132 	 167.727691794 	 -36.8543843659 	 0 	 1 	 1 	 1 
297.071		102.731 	 92.2737062424 	 -83.9137786127 	 1 	 0 	 1 	 -1 
290.619		107.48 	 0.87424347503 	 -154.234471535 	 1 	 0 	 1 	 1 
286.236		112.411 	 290.015419002 	 -4.89308259066 	 1 	 0 	 1 	 0 
284.018		117.457 	 256.115247079 	 -40.1995375394 	 0 	 1 	 1 	 -1 
284.018		122.543 	 46.82942559 	 -115.667378077 	 1 	 0 	 1 	 1 
286.236		127.589 	 74.4610429585 	 -121.903517849 	 1 	 0 	 1 	 0 
290.62		132.52 	 65.6048152009 	 -134.149790364 	 0 	 1 	 1 	 0 
297.071		137.269 	 177.315284249 	 -9.02330091543 	 0 	 1 	 1 	 -1 
305.457		141.787 	 129.342094448 	 -22.0877027222 	 1 	 0 	 1 	 0 
315.62		146.037 	 250.453244469 	 -13.3588852572 	 0 	 1 	 1 	 1 
327.39		150 	 259.781403445 	 -158.145693416 	 0 	 1 	 1 	 1 
315.619		153.963 	 43.0799250227 	 98.9663639764 	 1 	 0 	 1 	 1 
305.457		158.213 	 108.966872754 	 -85.8226208115 	 1 	 0 	 1 	 1 
297.071		162.731 	 9.34268324135 	 -111.307097138 	 0 	 1 	 1 	 1 
290.62		167.48 	 104.010960717 	 -126.539304325 	 1 	 0 	 1 	 0 
286.236		172.411 	 178.888773183 	 151.830130352 	 1 	 0 	 1 	 1 
284.019		177.457 	 61.926165656 	 -148.12494491 	 1 	 0 	 1 	 0 
284.019		182.543 	 287.051589886 	 -39.9139592982 	 0 	 1 	 1 	 -1 
286.236		187.589 	 135.616715395 	 -134.852734535 	 1 	 0 	 1 	 0 
290.62		192.52 	 157.506582298 	 81.6039709952 	 1 	 0 	 1 	 1 
297.071		197.269 	 28.5345742944 	 17.2944266085 	 0 	 1 	 1 	 0 
305.457		201.787 	 52.9775440401 	 -60.3157201773 	 1 	 0 	 1 	 -1 
315.62		206.037 	 246.734489939 	 72.3713803102 	 1 	 0 	 1 	 -1 
327.39		210 	 16.4700679177 	 153.455057581 	 1 	 0 	 1 	 0 
315.62		213.963 	 93.3092954633 	 118.93714682 	 1 	 0 	 1 	 0 
305.457		218.213 	 186.374504989 	 60.5827833291 	 0 	 1 	 1 	 1 
297.071		222.731 	 10.6297235507 	 111.529266206 	 1 	 0 	 1 	 1 
290.619		227.48 	 174.418215235 	 -24.3733941852 	 1 	 0 	 1 	 0 
286.236		232.411 	 104.615662831 	 -154.634815404 	 0 	 1 	 1 	 0 
284.018		237.457 	 322.294659909 	 102.180194588 	 1 	 0 	 1 	 1 
284.019		242.543 	 110.51363425 	 176.122356745 	 1 	 0 	 1 	 -1 
286.236		247.589 	 261.651504737 	 38.3026925475 	 1 	 0 	 1 	 0 
290.62		252.52 	 23.7124050673 	 -137.48890363 	 1 	 0 	 1 	 0 
297.071		257.269 	 53.6445020696 	 -49.8609864181 	 0 	 1 	 1 	 0 
305.457		261.787 	 232.770938251 	 33.8427770002 	 1 	 0 	 1 	 0 
315.62		266.037 	 1.52037078031 	 -151.754275269 	 0 	 1 	 1 	 0 
327.39		270 	 61.7286711796 	 24.9955631342 	 1 	 0 	 1 	 1 
315.62		273.963 	 282.747092673 	 -56.3899014582 	 1 	 0 	 1 	 1 
305.457		278.213 	 121.646197487 	 73.3346512603 	 1 	 0 	 1 	 0 
297.071		282.731 	 37.8657366671 	 -68.7027240143 	 0 	 1 	 1 	 1 
290.62		287.48 	 136.780705875 	 -173.358298941 	 0 	 1 	 1 	 -1 
286.236		292.411 	 304.919203285 	 130.715409767 	 0 	 1 	 1 	 0 
284.019		297.457 	 184.620708517 	 -179.339114881 	 0 	 1 	 1 	 -1 
284.018		302.543 	 195.316484474 	 -163.037458673 	 1 	 0 	 1 	 0 
286.236		307.589 	 8.75301982356 	 -12.9162740602 	 0 	 1 	 1 	 1 
290.619		312.52 	 232.172860015 	 -178.870636133 	 0 	 1 	 1 	 -1 
297.071		317.269 	 304.251280545 	 17.8907388549 	 0 	 1 	 1 	 1 
305.457		321.787 	 147.974833441 	 88.1536894751 	 1 	 0 	 1 	 0 
327.39		330 	 111.398442046 	 98.6767226184 	 0 	 1 	 1 	 -1 
340.597		333.67 	 137.00108112 	 64.5898698811 	 1 	 0 	 1 	 1 
330.266		337.589 	 232.043804994 	 -130.635369186 	 0 	 1 	 1 	 1 
321.56		341.742 	 31.505546477 	 -132.703549554 	 1 	 0 	 1 	 1 
314.619		346.102 	 45.9409521061 	 -95.0335003447 	 0 	 1 	 1 	 1 
309.563		350.633 	 32.4791335878 	 -6.17934896041 	 0 	 1 	 1 	 -1 
306.489		355.285 	 295.114125431 	 -152.06186093 	 0 	 1 	 1 	 -1 
305.457		0 	 200.895538259 	 -52.8468559568 	 1 	 0 	 1 	 0 
306.489		4.715 	 234.95123942 	 -143.530195658 	 0 	 1 	 1 	 -1 
309.563		9.367 	 210.546686808 	 77.1466345486 	 1 	 0 	 1 	 0 
314.619		13.8979 	 305.985214435 	 36.1208844325 	 1 	 0 	 1 	 1 
321.56		18.2585 	 238.743204806 	 -125.431008345 	 1 	 0 	 1 	 1 
330.266		22.4109 	 122.847841115 	 -147.170643741 	 0 	 1 	 1 	 -1 
340.597		26.3295 	 240.648023953 	 -104.922097527 	 1 	 0 	 1 	 1 
352.406		30 	 229.268135793 	 4.27098552427 	 0 	 1 	 1 	 -1 
340.597		33.6705 	 250.575526657 	 76.6782621872 	 0 	 1 	 1 	 1 
330.266		37.5891 	 208.665074611 	 -103.67922751 	 0 	 1 	 1 	 0 
321.56		41.7415 	 302.258703831 	 56.6505455124 	 0 	 1 	 1 	 0 
314.619		46.1021 	 80.0653469208 	 145.551326761 	 0 	 1 	 1 	 0 
309.563		50.633 	 201.778333935 	 -102.6783911 	 1 	 0 	 1 	 0 
306.489		55.285 	 142.502094063 	 111.174289957 	 1 	 0 	 1 	 0 
305.457		60 	 91.6818036654 	 143.340894657 	 1 	 0 	 1 	 -1 
306.489		64.715 	 281.813166061 	 105.039272579 	 1 	 0 	 1 	 0 
309.563		69.367 	 248.393822783 	 56.4144317033 	 0 	 1 	 1 	 0 
314.619		73.8979 	 229.281755137 	 64.0590741747 	 1 	 0 	 1 	 -1 
321.56		78.2585 	 317.427943395 	 -28.2052699553 	 1 	 0 	 1 	 1 
330.266		82.4109 	 257.451074595 	 -80.0122337513 	 1 	 0 	 1 	 1 
340.597		86.3295 	 80.4596510186 	 -18.4877150297 	 0 	 1 	 1 	 -1 
352.406		90 	 300.078523466 	 -115.692959095 	 0 	 1 	 1 	 1 
340.597		93.6705 	 237.928539087 	 60.452567266 	 0 	 1 	 1 	 -1 
330.266		97.5891 	 131.202112843 	 126.883130006 	 0 	 1 	 1 	 -1 
321.56		101.742 	 40.460538544 	 23.1048249341 	 0 	 1 	 1 	 1 
314.619		106.102 	 292.022189308 	 -25.9501613369 	 0 	 1 	 1 	 0 
309.563		110.633 	 74.6108211264 	 164.114999394 	 0 	 1 	 1 	 1 
306.489		115.285 	 84.6738926494 	 -13.7642899591 	 0 	 1 	 1 	 -1 
305.457		120 	 161.570066483 	 -62.595010166 	 1 	 0 	 1 	 0 
306.489		124.715 	 7.12916574223 	 84.8395641082 	 0 	 1 	 1 	 0 
309.563		129.367 	 131.769940866 	 87.2972164749 	 0 	 1 	 1 	 1 
314.619		133.898 	 309.186623251 	 -1.79962686744 	 0 	 1 	 1 	 -1 
321.56		138.258 	 83.9064253234 	 -141.12090005 	 1 	 0 	 1 	 1 
330.266		142.411 	 131.701517142 	 -12.0254329431 	 0 	 1 	 1 	 0 
340.597		146.329 	 22.0328755011 	 -177.301522824 	 1 	 0 	 1 	 -1 
352.406		150 	 145.92771074 	 166.075896368 	 0 	 1 	 1 	 -1 
340.597		153.671 	 109.919964999 	 -46.7202493742 	 1 	 0 	 1 	 0 
330.266		157.589 	 148.539190846 	 -22.6574860996 	 1 	 0 	 1 	 -1 
321.561		161.742 	 56.3549692643 	 -133.384881406 	 0 	 1 	 1 	 1 
314.618		166.102 	 99.0779018249 	 137.580451389 	 0 	 1 	 1 	 -1 
309.563		170.633 	 313.454966245 	 146.007529921 	 0 	 1 	 1 	 1 
306.488		175.285 	 43.7427256656 	 -96.8321947299 	 1 	 0 	 1 	 -1 
305.457		180 	 270.641925865 	 -14.1509354331 	 0 	 1 	 1 	 -1 
306.488		184.715 	 308.708724088 	 -35.6493950681 	 0 	 1 	 1 	 1 
309.563		189.367 	 67.6543883498 	 168.057995632 	 0 	 1 	 1 	 -1 
314.618		193.898 	 260.810431927 	 85.2547897501 	 1 	 0 	 1 	 -1 
321.561		198.258 	 66.6382831588 	 156.66140532 	 1 	 0 	 1 	 0 
330.266		202.411 	 17.4576658651 	 -122.868756208 	 1 	 0 	 1 	 -1 
340.597		206.329 	 84.5493652968 	 -155.617536886 	 0 	 1 	 1 	 1 
352.406		210 	 251.217045255 	 -65.1771485233 	 1 	 0 	 1 	 -1 
330.266		217.589 	 295.387829392 	 -157.554926868 	 0 	 1 	 1 	 1 
321.56		221.742 	 233.499793434 	 13.2682198377 	 0 	 1 	 1 	 -1 
314.619		226.102 	 250.158636512 	 69.7395116721 	 0 	 1 	 1 	 -1 
309.563		230.633 	 25.6452262942 	 -159.713768258 	 1 	 0 	 1 	 -1 
306.489		235.285 	 55.7815588341 	 -102.399703424 	 1 	 0 	 1 	 1 
305.456		240 	 126.984020634 	 124.878721609 	 1 	 0 	 1 	 -1 
306.488		244.715 	 275.475366089 	 -121.104957194 	 0 	 1 	 1 	 0 
309.563		249.367 	 139.66596443 	 -33.6183995981 	 0 	 1 	 1 	 0 
314.619		253.898 	 62.6461318279 	 -59.1075913162 	 1 	 0 	 1 	 0 
321.56		258.258 	 299.065216273 	 55.1829050557 	 1 	 0 	 1 	 0 
330.266		262.411 	 145.212688444 	 -110.044872205 	 0 	 1 	 1 	 0 
340.597		266.33 	 134.008451813 	 13.2227021012 	 0 	 1 	 1 	 1 
340.597		273.671 	 240.11915146 	 -147.611548483 	 0 	 1 	 1 	 1 
330.266		277.589 	 212.791283116 	 50.5155945335 	 0 	 1 	 1 	 -1 
321.56		281.742 	 315.258244781 	 -84.1718676394 	 1 	 0 	 1 	 0 
314.619		286.102 	 14.3487963144 	 -42.77767692 	 1 	 0 	 1 	 -1 
309.563		290.633 	 91.4290776925 	 8.5240083616 	 0 	 1 	 1 	 1 
306.488		295.285 	 296.158990444 	 -73.2109347539 	 1 	 0 	 1 	 0 
305.457		300 	 206.314943008 	 -44.3837261079 	 0 	 1 	 1 	 0 
306.489		304.715 	 21.3764593055 	 111.5542043 	 0 	 1 	 1 	 1 
309.563		309.367 	 107.768024628 	 164.416943451 	 0 	 1 	 1 	 -1 
314.619		313.898 	 56.6748202195 	 20.5606724034 	 1 	 0 	 1 	 -1 
321.56		318.258 	 262.135626121 	 -120.006733189 	 1 	 0 	 1 	 0 
330.266		322.411 	 149.030513729 	 114.719340571 	 1 	 0 	 1 	 -1 
340.597		326.33 	 133.190802355 	 -17.7338809875 	 0 	 1 	 1 	 -1 
352.406		330 	 191.898427976 	 -75.6274245535 	 1 	 0 	 1 	 0 
365.546		333.418 	 186.794483919 	 -108.437655695 	 0 	 1 	 1 	 -1 
355.074		337.053 	 144.129470459 	 -76.7300981546 	 1 	 0 	 1 	 -1 
346.099		340.893 	 122.066378567 	 35.1180803603 	 1 	 0 	 1 	 -1 
338.742		344.921 	 108.459636294 	 176.742997551 	 0 	 1 	 1 	 0 
333.116		349.107 	 66.9053847091 	 94.9639016238 	 0 	 1 	 1 	 1 
329.31		353.413 	 85.615470079 	 -27.8058436187 	 1 	 0 	 1 	 1 
327.39		357.796 	 195.849291103 	 -111.045322535 	 1 	 0 	 1 	 1 
327.39		2.20423 	 288.455445729 	 -144.983141585 	 1 	 0 	 1 	 1 
329.31		6.58678 	 177.806054859 	 -136.873916399 	 1 	 0 	 1 	 -1 
333.116		10.8934 	 313.579527227 	 -129.2316989 	 1 	 0 	 1 	 -1 
338.742		15.0791 	 190.566714885 	 -53.4663563292 	 1 	 0 	 1 	 -1 
346.099		19.1066 	 286.736774538 	 -94.4556596185 	 1 	 0 	 1 	 -1 
355.074		22.9473 	 160.410920465 	 -68.9565618534 	 0 	 1 	 1 	 1 
365.546		26.582 	 178.110976778 	 -20.7330469254 	 0 	 1 	 1 	 0 
377.385		30 	 198.535548298 	 1.71570836237 	 1 	 0 	 1 	 -1 
365.546		33.418 	 66.9911285169 	 10.6998173133 	 0 	 1 	 1 	 1 
355.074		37.0527 	 152.787368169 	 -122.879824219 	 1 	 0 	 1 	 1 
346.099		40.8934 	 217.218613278 	 -100.831372709 	 0 	 1 	 1 	 1 
338.743		44.9209 	 99.9366421593 	 -79.6961560061 	 1 	 0 	 1 	 0 
333.116		49.1066 	 239.947812513 	 14.9539628423 	 0 	 1 	 1 	 0 
329.31		53.4132 	 318.150181136 	 105.980352673 	 0 	 1 	 1 	 0 
327.39		57.7958 	 114.700584512 	 -139.476867022 	 0 	 1 	 1 	 0 
327.39		62.2042 	 286.232653547 	 131.524620316 	 1 	 0 	 1 	 -1 
329.31		66.5868 	 104.333839756 	 21.1616642868 	 1 	 0 	 1 	 0 
333.116		70.8934 	 246.326855419 	 159.84669081 	 0 	 1 	 1 	 0 
338.742		75.0791 	 75.8182514068 	 155.120773263 	 1 	 0 	 1 	 1 
346.099		79.1066 	 308.227086099 	 90.4143207205 	 1 	 0 	 1 	 1 
355.074		82.9473 	 323.261059746 	 -71.3587072783 	 1 	 0 	 1 	 1 
