25.2587		30 	 102.495549992 	 -162.27122726 	 0 	 1 	 1 	 -1 
25.2587		90 	 48.9875805844 	 89.7626389982 	 1 	 0 	 1 	 1 
25.2587		150 	 271.929733029 	 -91.8243331644 	 0 	 1 	 1 	 1 
25.2587		210 	 125.334407839 	 8.75236941308 	 0 	 1 	 1 	 0 
25.2587		270 	 132.482301553 	 133.87262517 	 0 	 1 	 1 	 1 
43.7478		0 	 298.922174516 	 -33.8012491858 	 1 	 0 	 1 	 -1 
50.5147		30 	 159.316770385 	 -143.083514024 	 0 	 1 	 1 	 0 
43.7478		60 	 221.495868342 	 163.716056745 	 0 	 1 	 1 	 -1 
50.5147		90 	 51.6547256036 	 -59.8810520362 	 0 	 1 	 1 	 0 
43.7478		120 	 59.3098052788 	 32.5204875096 	 0 	 1 	 1 	 1 
50.5147		150 	 248.108257021 	 44.6632078518 	 0 	 1 	 1 	 -1 
43.7478		180 	 216.683681887 	 92.9465319923 	 1 	 0 	 1 	 0 
50.5147		210 	 6.46544418074 	 -137.442308644 	 0 	 1 	 1 	 1 
43.7478		240 	 278.790625502 	 30.3930591774 	 1 	 0 	 1 	 1 
43.7478		300 	 184.443513979 	 -107.294797225 	 1 	 0 	 1 	 -1 
50.5148		330 	 66.0745570249 	 -20.9946799477 	 0 	 1 	 1 	 -1 
66.8212		349.107 	 76.5015861818 	 121.630417997 	 0 	 1 	 1 	 0 
66.8212		10.8934 	 38.2028178092 	 -133.642071989 	 0 	 1 	 1 	 0 
75.7654		30 	 322.527486373 	 118.029803996 	 0 	 1 	 1 	 -1 
66.8212		49.1066 	 144.438060574 	 -21.9526480733 	 1 	 0 	 1 	 -1 
66.8212		70.8934 	 147.661338366 	 -163.971842526 	 0 	 1 	 1 	 -1 
75.7654		90 	 273.068887246 	 -104.636809859 	 0 	 1 	 1 	 -1 
66.8212		109.107 	 11.7527450789 	 107.407091168 	 1 	 0 	 1 	 -1 
66.8212		130.893 	 24.9741543306 	 16.0609159681 	 0 	 1 	 1 	 0 
75.7654		150 	 303.071363264 	 174.68855326 	 0 	 1 	 1 	 1 
66.8212		169.107 	 271.784680258 	 -74.9004065432 	 0 	 1 	 1 	 1 
66.8212		190.893 	 201.104685798 	 103.161173325 	 1 	 0 	 1 	 1 
66.8212		229.107 	 302.868012364 	 51.1899102728 	 1 	 0 	 1 	 0 
66.8212		250.893 	 134.150441933 	 103.730915105 	 0 	 1 	 1 	 -1 
75.7654		270 	 132.780871593 	 93.0343112637 	 0 	 1 	 1 	 1 
66.8212		289.107 	 217.32325891 	 162.61063785 	 0 	 1 	 1 	 -1 
66.8212		310.893 	 73.255793797 	 -23.27456385 	 1 	 0 	 1 	 0 
75.7654		330 	 196.471329775 	 111.18815206 	 0 	 1 	 1 	 -1 
91.0523		343.898 	 7.46449468129 	 -83.8038419824 	 1 	 0 	 1 	 -1 
87.4818		0 	 178.164436018 	 18.8706647635 	 1 	 0 	 1 	 0 
91.0523		16.1021 	 60.6542726594 	 176.266317868 	 0 	 1 	 1 	 0 
101.008		30 	 65.184108267 	 162.159566832 	 1 	 0 	 1 	 -1 
91.0523		43.8979 	 79.7360031877 	 157.067275321 	 1 	 0 	 1 	 0 
87.4818		60 	 158.860634822 	 69.6229150664 	 1 	 0 	 1 	 -1 
91.0523		76.1021 	 34.7060925317 	 115.211095042 	 1 	 0 	 1 	 0 
91.0523		103.898 	 166.267122777 	 -96.3135276606 	 0 	 1 	 1 	 1 
87.4818		120 	 310.552950979 	 -23.2295266242 	 0 	 1 	 1 	 0 
91.0523		136.102 	 73.3068129336 	 147.348752006 	 0 	 1 	 1 	 0 
91.0523		163.898 	 114.667337542 	 84.06206867 	 0 	 1 	 1 	 -1 
87.4818		180 	 31.1016642084 	 -135.805521721 	 0 	 1 	 1 	 0 
91.0523		196.102 	 54.9019541542 	 172.620779208 	 0 	 1 	 1 	 -1 
101.008		210 	 25.9680662527 	 37.6403923421 	 1 	 0 	 1 	 -1 
91.0523		223.898 	 54.4071649811 	 146.158489927 	 0 	 1 	 1 	 1 
87.4818		240 	 160.398668064 	 170.355548806 	 1 	 0 	 1 	 1 
91.0523		256.102 	 85.0014661664 	 82.7589518442 	 0 	 1 	 1 	 -1 
101.008		270 	 156.126849544 	 -117.909927878 	 0 	 1 	 1 	 0 
91.0523		283.898 	 155.548759356 	 -133.011824444 	 0 	 1 	 1 	 0 
87.4817		300 	 31.260293654 	 173.175658314 	 1 	 0 	 1 	 0 
91.0523		316.102 	 205.760730901 	 40.8151185575 	 0 	 1 	 1 	 0 
101.008		330 	 55.940819959 	 9.65656432941 	 0 	 1 	 1 	 1 
115.709		340.893 	 152.673513034 	 -61.089399478 	 0 	 1 	 1 	 0 
110.065		353.413 	 188.282682616 	 -115.860946126 	 0 	 1 	 1 	 1 
110.065		6.58677 	 76.1864576614 	 -123.433775304 	 0 	 1 	 1 	 0 
115.709		19.1066 	 87.9853002135 	 51.0986659783 	 1 	 0 	 1 	 0 
126.24		30 	 199.736600834 	 61.3955117929 	 1 	 0 	 1 	 1 
115.709		40.8934 	 173.708975751 	 -59.9953563987 	 0 	 1 	 1 	 1 
110.065		53.4132 	 282.767884855 	 157.319460725 	 1 	 0 	 1 	 1 
110.065		66.5868 	 56.9675053669 	 -88.8188105073 	 0 	 1 	 1 	 1 
115.709		79.1066 	 309.985188354 	 -105.006807479 	 0 	 1 	 1 	 -1 
126.24		90 	 106.176493205 	 91.5747661943 	 0 	 1 	 1 	 -1 
115.709		100.893 	 59.9834382299 	 149.527473842 	 1 	 0 	 1 	 0 
110.065		113.413 	 82.2190262604 	 -155.662563787 	 1 	 0 	 1 	 -1 
110.065		126.587 	 92.7343368887 	 124.971382003 	 0 	 1 	 1 	 0 
115.709		139.107 	 118.105459344 	 28.7705101201 	 0 	 1 	 1 	 -1 
126.24		150 	 115.508411957 	 55.3310284532 	 0 	 1 	 1 	 -1 
115.709		160.893 	 175.156360422 	 42.1406925375 	 0 	 1 	 1 	 -1 
110.066		173.413 	 256.609860751 	 -117.172922882 	 1 	 0 	 1 	 0 
110.066		186.587 	 286.566433009 	 151.513856901 	 1 	 0 	 1 	 0 
115.709		199.107 	 119.178820332 	 -163.527606774 	 1 	 0 	 1 	 1 
126.24		210 	 26.1330653996 	 -9.80679008081 	 1 	 0 	 1 	 1 
115.709		220.893 	 133.604687217 	 -126.400863711 	 0 	 1 	 1 	 1 
110.065		233.413 	 226.816111503 	 -56.6371599322 	 0 	 1 	 1 	 1 
110.065		246.587 	 153.428690798 	 0.924354931422 	 0 	 1 	 1 	 -1 
115.709		259.107 	 66.8744149086 	 25.4222968256 	 0 	 1 	 1 	 -1 
126.24		270 	 270.587405444 	 -109.142641839 	 0 	 1 	 1 	 -1 
115.709		280.893 	 193.201482014 	 14.2473630299 	 1 	 0 	 1 	 0 
110.065		293.413 	 271.630430746 	 69.190564818 	 0 	 1 	 1 	 -1 
110.065		306.587 	 285.135341606 	 -66.4154215901 	 1 	 0 	 1 	 -1 
115.709		319.107 	 220.542103173 	 107.432743963 	 1 	 0 	 1 	 0 
126.24		330 	 173.215895611 	 107.078331969 	 0 	 1 	 1 	 1 
140.56		338.948 	 323.972480514 	 170.260142626 	 0 	 1 	 1 	 0 
133.593		349.107 	 128.830174561 	 -42.1486347853 	 0 	 1 	 1 	 -1 
131.188		0 	 213.455978707 	 71.9541300535 	 0 	 1 	 1 	 -1 
133.593		10.8934 	 85.0714364948 	 -60.9075199102 	 1 	 0 	 1 	 1 
140.56		21.0517 	 242.115406625 	 54.0426423494 	 1 	 0 	 1 	 -1 
151.459		30 	 288.937170932 	 121.562636777 	 0 	 1 	 1 	 -1 
140.56		38.9483 	 44.0293568394 	 -25.2470473492 	 0 	 1 	 1 	 1 
133.593		49.1066 	 50.7122025331 	 49.197586011 	 1 	 0 	 1 	 -1 
131.188		60 	 223.43986045 	 143.532970372 	 1 	 0 	 1 	 1 
133.593		70.8934 	 132.145479292 	 -114.072934926 	 0 	 1 	 1 	 1 
140.56		81.0517 	 160.415899146 	 -80.3655772324 	 0 	 1 	 1 	 1 
151.459		90 	 63.8377110099 	 148.000550842 	 1 	 0 	 1 	 1 
140.56		98.9483 	 282.790720476 	 21.3065428166 	 0 	 1 	 1 	 0 
133.593		109.107 	 60.6987238177 	 -89.6764099332 	 1 	 0 	 1 	 1 
131.188		120 	 145.14770587 	 61.2901761973 	 1 	 0 	 1 	 1 
133.593		130.893 	 64.8609066842 	 -19.0332242515 	 1 	 0 	 1 	 -1 
140.56		141.052 	 169.538993416 	 23.8586239593 	 1 	 0 	 1 	 1 
151.459		150 	 284.044417107 	 -46.2770465477 	 1 	 0 	 1 	 -1 
140.56		158.948 	 247.732392555 	 107.94871487 	 0 	 1 	 1 	 0 
133.593		169.107 	 182.416022661 	 39.2599880831 	 0 	 1 	 1 	 1 
131.188		180 	 320.33969269 	 145.653070092 	 0 	 1 	 1 	 -1 
133.593		190.893 	 64.7163351328 	 -164.511950275 	 1 	 0 	 1 	 -1 
140.56		201.052 	 162.860444687 	 -38.4180112237 	 1 	 0 	 1 	 -1 
151.459		210 	 145.345919542 	 -6.99045237162 	 0 	 1 	 1 	 0 
140.56		218.948 	 155.200485229 	 16.0359057554 	 1 	 0 	 1 	 1 
133.593		229.107 	 101.568081888 	 -125.492334141 	 1 	 0 	 1 	 1 
131.188		240 	 249.890518631 	 136.953732838 	 1 	 0 	 1 	 -1 
133.592		250.893 	 150.880232909 	 -82.3402812143 	 0 	 1 	 1 	 0 
140.56		261.052 	 209.439952969 	 -107.742116475 	 0 	 1 	 1 	 0 
151.459		270 	 284.041703735 	 -90.5655605558 	 0 	 1 	 1 	 0 
140.56		278.948 	 73.7558684917 	 74.2410338296 	 1 	 0 	 1 	 -1 
133.592		289.107 	 192.788456177 	 160.071531711 	 0 	 1 	 1 	 -1 
131.188		300 	 157.869067403 	 -68.8532404069 	 0 	 1 	 1 	 -1 
133.593		310.893 	 41.9835203951 	 -178.123290155 	 0 	 1 	 1 	 1 
140.56		321.052 	 165.501040957 	 100.696308016 	 0 	 1 	 1 	 1 
151.459		330 	 28.4923374634 	 -143.965859405 	 0 	 1 	 1 	 1 
165.51		337.589 	 255.211040465 	 -17.4763741957 	 1 	 0 	 1 	 0 
157.635		346.102 	 31.6928449442 	 -95.341906222 	 1 	 0 	 1 	 -1 
153.545		355.285 	 3.60272708865 	 -120.355477901 	 1 	 0 	 1 	 -1 
153.545		4.715 	 37.908456272 	 -36.5219629693 	 0 	 1 	 1 	 1 
157.635		13.8979 	 233.498632647 	 -72.2977785457 	 1 	 0 	 1 	 1 
165.51		22.4109 	 310.976724192 	 57.0538971348 	 1 	 0 	 1 	 -1 
176.661		30 	 84.3650492601 	 -95.2286625269 	 1 	 0 	 1 	 1 
165.51		37.5891 	 235.581255458 	 97.4922639751 	 0 	 1 	 1 	 0 
157.635		46.1021 	 222.868071903 	 7.42334448508 	 0 	 1 	 1 	 -1 
153.545		55.285 	 178.227448894 	 59.2278741399 	 1 	 0 	 1 	 1 
153.545		64.715 	 138.004107485 	 -87.6913823085 	 0 	 1 	 1 	 -1 
157.635		73.8979 	 43.6962345924 	 6.99827555829 	 1 	 0 	 1 	 -1 
165.51		82.4109 	 174.258742176 	 -88.7462420165 	 0 	 1 	 1 	 1 
176.661		90 	 140.946897478 	 -81.182307057 	 0 	 1 	 1 	 1 
165.51		97.5891 	 57.1093685583 	 28.9015650695 	 1 	 0 	 1 	 -1 
157.635		106.102 	 311.399540928 	 -147.56953817 	 0 	 1 	 1 	 0 
153.545		115.285 	 262.215908044 	 -141.691251514 	 0 	 1 	 1 	 0 
153.545		124.715 	 274.415054079 	 3.46375322894 	 0 	 1 	 1 	 -1 
157.635		133.898 	 212.892449671 	 -111.717907762 	 1 	 0 	 1 	 1 
165.51		142.411 	 247.533196908 	 179.937478665 	 1 	 0 	 1 	 1 
176.661		150 	 0.58687896825 	 77.6679412384 	 1 	 0 	 1 	 -1 
165.509		157.589 	 99.6021811434 	 96.4843995256 	 0 	 1 	 1 	 0 
157.635		166.102 	 208.553486811 	 -1.59494215602 	 1 	 0 	 1 	 1 
153.546		175.285 	 105.225082482 	 24.659317029 	 0 	 1 	 1 	 1 
153.546		184.715 	 61.2099618396 	 16.1733597435 	 0 	 1 	 1 	 0 
157.635		193.898 	 28.7984129785 	 -46.9311784815 	 1 	 0 	 1 	 0 
165.509		202.411 	 275.725699964 	 118.042237278 	 0 	 1 	 1 	 -1 
165.51		217.589 	 255.074656204 	 -118.259215375 	 1 	 0 	 1 	 0 
157.635		226.102 	 95.3993545863 	 -171.685173122 	 0 	 1 	 1 	 0 
153.545		235.285 	 169.658012871 	 -64.0540198065 	 0 	 1 	 1 	 0 
153.545		244.715 	 197.02016315 	 1.34522202622 	 1 	 0 	 1 	 1 
157.635		253.898 	 273.677496777 	 -63.4586799236 	 0 	 1 	 1 	 0 
165.51		262.411 	 117.721152614 	 9.70329991289 	 0 	 1 	 1 	 1 
176.661		270 	 244.596636339 	 68.2898788239 	 0 	 1 	 1 	 -1 
165.51		277.589 	 37.8559256512 	 -93.3321257879 	 0 	 1 	 1 	 -1 
157.635		286.102 	 315.397984576 	 124.844877696 	 0 	 1 	 1 	 -1 
153.545		295.285 	 8.32163146761 	 12.3591418277 	 0 	 1 	 1 	 0 
153.545		304.715 	 82.3955299639 	 175.059219647 	 1 	 0 	 1 	 0 
157.635		313.898 	 112.143591229 	 33.6022423179 	 1 	 0 	 1 	 -1 
165.51		322.411 	 207.992905507 	 -119.497104663 	 1 	 0 	 1 	 0 
176.661		330 	 283.761591411 	 57.7111960214 	 1 	 0 	 1 	 0 
190.511		336.587 	 173.294809219 	 -22.0085985457 	 0 	 1 	 1 	 -1 
181.979		343.898 	 291.887123331 	 133.952535804 	 0 	 1 	 1 	 0 
176.661		351.787 	 218.931710428 	 59.6847202664 	 0 	 1 	 1 	 0 
174.852		0 	 35.9261494913 	 126.339093416 	 1 	 0 	 1 	 1 
176.661		8.21321 	 265.336635909 	 165.003042679 	 0 	 1 	 1 	 1 
181.979		16.1021 	 255.429923983 	 -16.5997748572 	 0 	 1 	 1 	 0 
190.511		23.4132 	 114.852889096 	 -91.6460202059 	 0 	 1 	 1 	 -1 
201.845		30 	 217.118586368 	 -134.519111086 	 0 	 1 	 1 	 -1 
181.979		43.8979 	 43.0764946102 	 -150.602419673 	 0 	 1 	 1 	 -1 
176.661		51.7868 	 274.265645823 	 -145.381317088 	 1 	 0 	 1 	 -1 
174.852		60 	 282.599723612 	 36.2391034559 	 1 	 0 	 1 	 0 
176.661		68.2132 	 274.891247945 	 94.0556505773 	 1 	 0 	 1 	 -1 
181.979		76.1021 	 108.113462574 	 -75.7465976673 	 1 	 0 	 1 	 0 
190.511		83.4132 	 285.229850035 	 -48.8301359679 	 1 	 0 	 1 	 0 
201.845		90 	 76.6507590309 	 107.113768079 	 0 	 1 	 1 	 0 
190.511		96.5868 	 138.779729169 	 -3.35018748637 	 0 	 1 	 1 	 -1 
181.979		103.898 	 104.840727184 	 47.6660708153 	 0 	 1 	 1 	 -1 
176.661		111.787 	 240.864191888 	 -57.5883246904 	 1 	 0 	 1 	 0 
174.852		120 	 268.640285062 	 62.652799509 	 0 	 1 	 1 	 0 
176.661		128.213 	 197.432454789 	 105.305097038 	 1 	 0 	 1 	 1 
181.979		136.102 	 119.432277045 	 115.454509325 	 0 	 1 	 1 	 1 
190.51		143.413 	 296.103825124 	 -6.61635847787 	 1 	 0 	 1 	 0 
201.845		150 	 50.4884732049 	 -90.6674939519 	 1 	 0 	 1 	 0 
190.511		156.587 	 236.043665515 	 -111.49704013 	 1 	 0 	 1 	 1 
181.979		163.898 	 25.3464372396 	 65.4527028438 	 0 	 1 	 1 	 -1 
176.661		171.787 	 199.284322986 	 -71.2191405699 	 0 	 1 	 1 	 1 
174.852		180 	 201.203208381 	 -35.2147681752 	 0 	 1 	 1 	 1 
176.661		188.213 	 177.171409692 	 134.533958989 	 1 	 0 	 1 	 -1 
181.979		196.102 	 5.05336272212 	 45.5598381633 	 1 	 0 	 1 	 1 
190.511		203.413 	 9.83905737855 	 138.370953328 	 0 	 1 	 1 	 0 
201.845		210 	 81.9492802042 	 -162.205094342 	 0 	 1 	 1 	 0 
190.51		216.587 	 252.189854407 	 -127.019651895 	 1 	 0 	 1 	 1 
181.979		223.898 	 52.6663006772 	 -150.779081423 	 1 	 0 	 1 	 -1 
176.661		231.787 	 257.967261442 	 55.0332483358 	 0 	 1 	 1 	 0 
174.853		240 	 191.664257216 	 167.450186485 	 0 	 1 	 1 	 1 
176.662		248.213 	 245.474365866 	 -14.3204754797 	 1 	 0 	 1 	 -1 
181.979		256.102 	 193.99160074 	 -67.9189975345 	 1 	 0 	 1 	 0 
190.511		263.413 	 291.871069775 	 153.132566873 	 1 	 0 	 1 	 -1 
190.511		276.587 	 86.0008406346 	 20.9384676565 	 1 	 0 	 1 	 1 
181.979		283.898 	 132.527515085 	 55.2889446357 	 1 	 0 	 1 	 -1 
176.662		291.787 	 323.368889133 	 126.607416259 	 0 	 1 	 1 	 -1 
174.853		300 	 200.163505408 	 16.1288280362 	 1 	 0 	 1 	 -1 
176.661		308.213 	 302.059500669 	 -66.8961194008 	 0 	 1 	 1 	 1 
181.979		316.102 	 217.07042504 	 170.509758109 	 1 	 0 	 1 	 1 
190.511		323.413 	 193.779566121 	 -103.52206571 	 0 	 1 	 1 	 1 
201.845		330 	 113.895620375 	 35.1779846521 	 0 	 1 	 1 	 -1 
215.536		335.818 	 120.866491227 	 -59.2638452538 	 0 	 1 	 1 	 0 
206.511		342.216 	 252.68939576 	 -79.1241670772 	 0 	 1 	 1 	 0 
200.265		349.107 	 18.7364994423 	 73.3885734749 	 0 	 1 	 1 	 -1 
197.068		356.329 	 103.047819307 	 22.2103516267 	 0 	 1 	 1 	 0 
197.068		3.6705 	 314.50377646 	 -62.1258940809 	 0 	 1 	 1 	 -1 
200.265		10.8934 	 123.772603017 	 66.1379370239 	 0 	 1 	 1 	 0 
206.511		17.7836 	 147.733659049 	 161.985802865 	 1 	 0 	 1 	 1 
215.536		24.1825 	 246.827538095 	 44.0882300842 	 0 	 1 	 1 	 1 
227.007		30 	 100.616564297 	 46.6517119186 	 1 	 0 	 1 	 0 
215.536		35.8175 	 212.021491028 	 48.9201247482 	 1 	 0 	 1 	 0 
206.511		42.2164 	 127.392609423 	 -36.704177301 	 1 	 0 	 1 	 -1 
200.265		49.1066 	 173.906958605 	 -66.5247279864 	 1 	 0 	 1 	 -1 
197.068		56.3295 	 153.993013933 	 -175.675492711 	 1 	 0 	 1 	 -1 
197.068		63.6705 	 116.535570929 	 -15.0459102518 	 1 	 0 	 1 	 -1 
200.265		70.8934 	 126.651383807 	 85.358145336 	 0 	 1 	 1 	 1 
206.511		77.7836 	 36.2503062891 	 -9.53630590947 	 1 	 0 	 1 	 -1 
215.536		84.1825 	 210.888851465 	 -134.474611134 	 1 	 0 	 1 	 0 
227.007		90 	 102.003877999 	 -157.452518834 	 0 	 1 	 1 	 0 
215.536		95.8175 	 100.99871172 	 -164.058644619 	 1 	 0 	 1 	 0 
206.511		102.216 	 133.369119003 	 -130.539158766 	 1 	 0 	 1 	 0 
200.265		109.107 	 168.563832665 	 61.3067080445 	 0 	 1 	 1 	 0 
197.068		116.33 	 223.918330475 	 -3.06141039029 	 1 	 0 	 1 	 0 
197.068		123.671 	 157.35410587 	 97.6367155932 	 0 	 1 	 1 	 1 
200.265		130.893 	 1.75328611784 	 1.04221306457 	 1 	 0 	 1 	 -1 
206.51		137.784 	 303.718090994 	 -128.372868815 	 1 	 0 	 1 	 -1 
215.536		144.182 	 40.0893664561 	 103.801672009 	 0 	 1 	 1 	 1 
227.007		150 	 239.032840087 	 -89.7670320132 	 1 	 0 	 1 	 1 
215.536		155.818 	 31.9103855708 	 -60.6223733321 	 0 	 1 	 1 	 0 
206.511		162.216 	 265.742016983 	 -26.7042917191 	 1 	 0 	 1 	 -1 
200.266		169.107 	 2.15166746574 	 2.55016841184 	 0 	 1 	 1 	 1 
197.068		176.33 	 48.5588146728 	 -66.1531869337 	 0 	 1 	 1 	 -1 
197.068		183.671 	 148.160432479 	 -87.8475681683 	 0 	 1 	 1 	 1 
200.266		190.893 	 43.018665255 	 -79.8314204816 	 1 	 0 	 1 	 1 
206.511		197.784 	 276.958330278 	 22.1827321183 	 0 	 1 	 1 	 -1 
215.536		204.182 	 143.300609167 	 -168.028675572 	 0 	 1 	 1 	 -1 
227.007		210 	 29.4951958933 	 173.002672561 	 0 	 1 	 1 	 1 
215.536		215.818 	 258.525276595 	 -178.195743107 	 0 	 1 	 1 	 -1 
206.51		222.216 	 115.757629657 	 22.8610320903 	 0 	 1 	 1 	 0 
200.265		229.107 	 108.958856544 	 -121.201976615 	 1 	 0 	 1 	 -1 
197.068		236.329 	 1.01524898079 	 -49.7313552485 	 0 	 1 	 1 	 1 
197.068		243.671 	 79.1755490662 	 -13.3095247879 	 0 	 1 	 1 	 0 
200.265		250.893 	 191.813363924 	 -45.0645876172 	 0 	 1 	 1 	 -1 
206.51		257.784 	 42.3116178595 	 45.0209161759 	 1 	 0 	 1 	 1 
215.536		264.182 	 241.561880931 	 -17.7441864834 	 0 	 1 	 1 	 1 
227.007		270 	 111.986201779 	 -42.4032590156 	 0 	 1 	 1 	 1 
215.536		275.818 	 100.511031209 	 -36.5293770834 	 0 	 1 	 1 	 1 
206.51		282.216 	 229.384569633 	 4.260881656 	 0 	 1 	 1 	 1 
200.265		289.107 	 160.702585793 	 -36.7971768453 	 1 	 0 	 1 	 0 
197.068		296.329 	 53.1186667389 	 107.826168179 	 1 	 0 	 1 	 1 
197.068		303.67 	 250.763414452 	 125.070450245 	 1 	 0 	 1 	 1 
200.265		310.893 	 31.9916586905 	 9.8132057751 	 1 	 0 	 1 	 0 
206.511		317.784 	 74.7687918696 	 85.7070384104 	 0 	 1 	 1 	 0 
227.008		330 	 213.195441267 	 148.76516693 	 0 	 1 	 1 	 1 
240.57		335.209 	 203.723676437 	 141.612649896 	 0 	 1 	 1 	 1 
231.161		340.893 	 269.982412018 	 82.2600631815 	 0 	 1 	 1 	 -1 
224.195		346.996 	 172.946281644 	 102.73931288 	 0 	 1 	 1 	 0 
219.909		353.413 	 272.474459954 	 161.768599013 	 1 	 0 	 1 	 0 
218.461		0 	 299.878336988 	 -140.690459774 	 0 	 1 	 1 	 0 
219.909		6.58678 	 118.256266457 	 145.297781663 	 0 	 1 	 1 	 -1 
224.195		13.0039 	 71.8140354689 	 -175.183031684 	 1 	 0 	 1 	 1 
231.161		19.1066 	 298.021230111 	 115.818259241 	 1 	 0 	 1 	 1 
240.57		24.7913 	 13.4096250951 	 -78.3228095964 	 1 	 0 	 1 	 0 
252.146		30 	 303.619292976 	 69.657168909 	 0 	 1 	 1 	 0 
240.57		35.2087 	 288.389971137 	 -172.050646248 	 0 	 1 	 1 	 1 
231.161		40.8934 	 200.471778954 	 31.9173698125 	 0 	 1 	 1 	 -1 
224.195		46.9961 	 32.3859153746 	 50.1744627417 	 1 	 0 	 1 	 0 
219.909		53.4132 	 198.012534501 	 -117.606720716 	 1 	 0 	 1 	 0 
218.461		60 	 64.0477874679 	 59.6703945934 	 0 	 1 	 1 	 -1 
219.909		66.5868 	 310.255789532 	 67.6281878172 	 0 	 1 	 1 	 0 
224.195		73.0039 	 254.242148234 	 -14.53880644 	 0 	 1 	 1 	 -1 
231.161		79.1066 	 156.893859371 	 -0.854669913049 	 0 	 1 	 1 	 0 
240.57		84.7913 	 196.026980261 	 -70.8948356032 	 0 	 1 	 1 	 -1 
240.57		95.2087 	 125.319853662 	 -43.1294482897 	 1 	 0 	 1 	 -1 
231.161		100.893 	 231.718627833 	 71.9985982275 	 1 	 0 	 1 	 0 
224.195		106.996 	 117.640087457 	 24.917022866 	 1 	 0 	 1 	 -1 
219.909		113.413 	 19.5155148829 	 54.508405125 	 0 	 1 	 1 	 1 
218.461		120 	 190.682106768 	 119.203799622 	 0 	 1 	 1 	 1 
219.909		126.587 	 241.635821223 	 -15.9282457061 	 1 	 0 	 1 	 1 
224.195		133.004 	 279.113749349 	 25.789697777 	 0 	 1 	 1 	 0 
231.161		139.107 	 219.048524233 	 -161.5000252 	 1 	 0 	 1 	 -1 
252.146		150 	 39.0853423667 	 102.933975595 	 1 	 0 	 1 	 0 
240.57		155.209 	 74.2387087944 	 -19.7464331334 	 1 	 0 	 1 	 0 
231.16		160.893 	 186.859755867 	 -119.850174974 	 0 	 1 	 1 	 0 
224.196		166.996 	 176.262326865 	 -70.3421964283 	 0 	 1 	 1 	 1 
219.909		173.413 	 271.258142614 	 -13.6298358556 	 0 	 1 	 1 	 1 
218.461		180 	 161.349798412 	 -47.5236569198 	 1 	 0 	 1 	 0 
219.909		186.587 	 279.879694321 	 -54.0595415427 	 1 	 0 	 1 	 0 
224.196		193.004 	 165.574002862 	 -17.3082490072 	 0 	 1 	 1 	 1 
231.16		199.107 	 49.7780352042 	 153.600505131 	 1 	 0 	 1 	 -1 
240.57		204.791 	 277.977078449 	 163.193933778 	 0 	 1 	 1 	 0 
252.146		210 	 284.495076872 	 -144.400825509 	 0 	 1 	 1 	 1 
240.57		215.209 	 162.138530871 	 -20.5536988286 	 0 	 1 	 1 	 -1 
231.161		220.893 	 72.3432304831 	 -62.3821458504 	 0 	 1 	 1 	 0 
224.196		226.996 	 15.5032807819 	 34.0581408872 	 0 	 1 	 1 	 1 
219.909		233.413 	 212.438643741 	 142.256868678 	 1 	 0 	 1 	 1 
218.461		240 	 284.976359696 	 -174.838926456 	 0 	 1 	 1 	 0 
219.909		246.587 	 127.964545308 	 -85.9983460233 	 1 	 0 	 1 	 0 
224.195		253.004 	 131.92810732 	 -52.7560403642 	 0 	 1 	 1 	 -1 
231.16		259.107 	 181.026006247 	 65.9617767607 	 0 	 1 	 1 	 -1 
240.57		264.791 	 51.0608247991 	 -77.6286519877 	 0 	 1 	 1 	 -1 
252.146		270 	 229.940760492 	 -170.159946444 	 1 	 0 	 1 	 0 
240.57		275.209 	 14.33819398 	 -157.821997134 	 0 	 1 	 1 	 1 
231.16		280.893 	 126.025241988 	 -176.569387939 	 0 	 1 	 1 	 0 
224.195		286.996 	 227.295332079 	 127.429106193 	 0 	 1 	 1 	 0 
219.909		293.413 	 238.847306169 	 -40.022510494 	 1 	 0 	 1 	 1 
218.461		300 	 64.0451244037 	 -133.89949702 	 0 	 1 	 1 	 1 
219.909		306.587 	 30.2101927829 	 57.8230445641 	 1 	 0 	 1 	 -1 
224.196		313.004 	 70.2401706781 	 148.903636676 	 1 	 0 	 1 	 0 
231.161		319.107 	 146.877822947 	 117.375320707 	 0 	 1 	 1 	 0 
240.57		324.791 	 215.151056002 	 118.682036639 	 0 	 1 	 1 	 0 
252.146		330 	 29.3680947207 	 -163.034002475 	 1 	 0 	 1 	 1 
265.601		334.715 	 151.89383565 	 51.510767478 	 0 	 1 	 1 	 1 
255.886		339.826 	 165.259302814 	 -58.2956076608 	 0 	 1 	 1 	 -1 
248.348		345.295 	 201.548456216 	 9.76515484925 	 1 	 0 	 1 	 -1 
243.191		351.052 	 119.850229777 	 72.7262499267 	 0 	 1 	 1 	 1 
240.57		356.996 	 85.9181774017 	 -53.5432702596 	 0 	 1 	 1 	 -1 
240.57		3.00449 	 278.173638791 	 2.60022411231 	 0 	 1 	 1 	 0 
243.191		8.94827 	 196.55030546 	 176.049423991 	 0 	 1 	 1 	 -1 
248.348		14.7047 	 276.625376195 	 -1.02786618547 	 0 	 1 	 1 	 1 
255.886		20.1736 	 280.72856637 	 22.1847337423 	 0 	 1 	 1 	 1 
265.601		25.285 	 21.6469440201 	 -113.351160995 	 0 	 1 	 1 	 0 
277.258		30 	 9.85680643784 	 12.8496489059 	 1 	 0 	 1 	 0 
265.601		34.715 	 11.4170346781 	 67.720014236 	 0 	 1 	 1 	 -1 
255.887		39.8264 	 223.275429327 	 40.1464543057 	 0 	 1 	 1 	 0 
248.348		45.2953 	 87.0626767523 	 -40.0071239333 	 1 	 0 	 1 	 1 
243.191		51.0517 	 219.336742712 	 120.113302482 	 1 	 0 	 1 	 -1 
240.57		56.9955 	 36.2804042636 	 138.334651611 	 0 	 1 	 1 	 -1 
240.57		63.0045 	 119.187480521 	 39.9123341825 	 0 	 1 	 1 	 1 
243.191		68.9483 	 17.7855684311 	 13.2558247235 	 0 	 1 	 1 	 -1 
248.348		74.7047 	 131.116828637 	 -92.2464761043 	 1 	 0 	 1 	 1 
255.887		80.1736 	 59.1484850308 	 -68.7721807422 	 1 	 0 	 1 	 0 
265.601		85.285 	 210.076583306 	 -125.831933679 	 0 	 1 	 1 	 1 
277.257		90 	 241.572018559 	 -67.9894127775 	 0 	 1 	 1 	 0 
265.601		94.715 	 257.207193008 	 -112.292216529 	 1 	 0 	 1 	 0 
255.887		99.8264 	 290.661035579 	 160.101822889 	 0 	 1 	 1 	 0 
248.348		105.295 	 259.246991127 	 -72.3697468255 	 1 	 0 	 1 	 0 
243.191		111.052 	 42.1867033063 	 24.1995265715 	 1 	 0 	 1 	 -1 
240.57		116.996 	 226.069765562 	 30.4935437612 	 1 	 0 	 1 	 -1 
240.57		123.005 	 115.114477175 	 -169.175688193 	 1 	 0 	 1 	 -1 
243.191		128.948 	 158.748293219 	 16.8274768786 	 0 	 1 	 1 	 0 
248.348		134.705 	 53.8180499091 	 -52.7420836208 	 1 	 0 	 1 	 1 
255.887		140.174 	 231.033979894 	 65.2259512427 	 0 	 1 	 1 	 0 
265.6		145.285 	 36.1539799075 	 -72.2866488775 	 1 	 0 	 1 	 0 
277.257		150 	 323.896928731 	 158.649485036 	 0 	 1 	 1 	 1 
265.601		154.715 	 111.554994293 	 22.9180515518 	 0 	 1 	 1 	 1 
255.886		159.826 	 264.404725619 	 4.33427320922 	 0 	 1 	 1 	 0 
248.348		165.295 	 268.90483523 	 88.3396820757 	 1 	 0 	 1 	 -1 
243.191		171.052 	 94.1845485083 	 -63.3912445432 	 0 	 1 	 1 	 0 
240.57		176.996 	 308.62395922 	 -123.348378564 	 1 	 0 	 1 	 0 
240.57		183.005 	 115.002478325 	 -159.772898796 	 1 	 0 	 1 	 0 
243.191		188.948 	 212.404324315 	 101.279502502 	 0 	 1 	 1 	 -1 
248.348		194.705 	 300.438016523 	 115.975176768 	 1 	 0 	 1 	 1 
255.886		200.174 	 316.388656483 	 57.1538417512 	 0 	 1 	 1 	 1 
265.601		205.285 	 250.614703936 	 -177.6520189 	 1 	 0 	 1 	 -1 
277.258		210 	 1.97512568523 	 9.18988562583 	 1 	 0 	 1 	 1 
265.6		214.715 	 143.693481296 	 38.1249229873 	 0 	 1 	 1 	 0 
255.887		219.826 	 196.020336541 	 4.77029432075 	 1 	 0 	 1 	 -1 
248.348		225.295 	 254.850775152 	 91.5801998083 	 0 	 1 	 1 	 0 
243.191		231.052 	 232.340964293 	 175.860227425 	 0 	 1 	 1 	 1 
240.57		236.995 	 244.927944076 	 77.5383627455 	 0 	 1 	 1 	 -1 
240.57		243.004 	 237.337342913 	 86.466983571 	 1 	 0 	 1 	 0 
243.19		248.948 	 271.683207748 	 -98.3963966741 	 0 	 1 	 1 	 -1 
248.348		254.705 	 94.4375360931 	 28.9885864355 	 0 	 1 	 1 	 1 
255.886		260.174 	 29.9818557606 	 -122.335920596 	 0 	 1 	 1 	 0 
265.601		265.285 	 88.4162362814 	 132.411632701 	 0 	 1 	 1 	 1 
277.258		270 	 52.0578963459 	 -93.3010684538 	 1 	 0 	 1 	 -1 
265.601		274.715 	 240.294697492 	 40.8211899132 	 1 	 0 	 1 	 -1 
255.886		279.826 	 301.882894992 	 -101.709775921 	 0 	 1 	 1 	 1 
248.348		285.295 	 89.0933977284 	 -25.4619876994 	 0 	 1 	 1 	 1 
243.19		291.052 	 162.825011518 	 31.5605007299 	 1 	 0 	 1 	 -1 
240.57		296.996 	 95.4910114257 	 168.079637593 	 1 	 0 	 1 	 1 
240.57		303.004 	 232.86720333 	 89.2734093386 	 1 	 0 	 1 	 0 
243.191		308.948 	 195.643024328 	 100.306684353 	 0 	 1 	 1 	 0 
248.348		314.705 	 164.679184114 	 -88.1910794446 	 1 	 0 	 1 	 0 
255.886		320.174 	 67.3053314647 	 -156.048219566 	 1 	 0 	 1 	 0 
265.6		325.285 	 158.810031331 	 -147.633431614 	 0 	 1 	 1 	 -1 
277.258		330 	 246.333977269 	 135.992857287 	 0 	 1 	 1 	 -1 
290.619		334.307 	 24.2801831523 	 25.4843969844 	 0 	 1 	 1 	 -1 
280.659		338.948 	 226.530695592 	 57.1523839548 	 0 	 1 	 1 	 -1 
272.656		343.898 	 28.4829651429 	 96.3566716371 	 1 	 0 	 1 	 1 
266.79		349.107 	 258.228140831 	 173.244460458 	 1 	 0 	 1 	 1 
263.206		354.504 	 7.18529656452 	 101.014232854 	 1 	 0 	 1 	 0 
262.001		0 	 110.585432775 	 -16.9595634915 	 1 	 0 	 1 	 0 
263.206		5.49637 	 154.46961162 	 95.1355808798 	 1 	 0 	 1 	 -1 
266.79		10.8934 	 208.144250515 	 140.791783943 	 0 	 1 	 1 	 -1 
272.656		16.1021 	 65.6044852946 	 172.293579452 	 1 	 0 	 1 	 1 
280.659		21.0517 	 74.5456027702 	 83.5609821177 	 0 	 1 	 1 	 -1 
290.619		25.6934 	 170.412296894 	 -90.5093113927 	 0 	 1 	 1 	 0 
302.34		30 	 323.090868039 	 -63.3164878596 	 1 	 0 	 1 	 0 
290.619		34.3066 	 84.9266934152 	 35.1631382551 	 0 	 1 	 1 	 1 
280.659		38.9483 	 210.05676757 	 -91.0445443411 	 1 	 0 	 1 	 0 
272.656		43.8979 	 40.213784838 	 -63.2590330478 	 0 	 1 	 1 	 -1 
266.789		49.1066 	 128.70291715 	 176.053481323 	 1 	 0 	 1 	 1 
263.206		54.5036 	 315.956606384 	 -37.4308755432 	 0 	 1 	 1 	 1 
262.001		60 	 57.1859576235 	 -53.3409890769 	 0 	 1 	 1 	 1 
263.206		65.4964 	 173.299312258 	 -71.7435039574 	 1 	 0 	 1 	 0 
266.79		70.8934 	 180.957614068 	 -19.5868136256 	 1 	 0 	 1 	 0 
272.656		76.1021 	 75.5657671066 	 -69.8331561704 	 0 	 1 	 1 	 0 
280.659		81.0517 	 58.9635912268 	 173.626470937 	 0 	 1 	 1 	 1 
290.619		85.6934 	 3.98344424307 	 117.083855744 	 0 	 1 	 1 	 0 
302.34		90 	 247.222713325 	 -81.9971242176 	 0 	 1 	 1 	 0 
290.619		94.3066 	 201.996024561 	 119.19919364 	 1 	 0 	 1 	 1 
280.659		98.9483 	 149.991408963 	 33.8652616926 	 1 	 0 	 1 	 -1 
272.655		103.898 	 7.18266470645 	 -169.639707382 	 1 	 0 	 1 	 0 
266.79		109.107 	 79.4097931171 	 20.721902584 	 1 	 0 	 1 	 -1 
263.206		114.504 	 294.324880458 	 -161.472208511 	 0 	 1 	 1 	 -1 
262		120 	 57.2349259068 	 -136.048252419 	 0 	 1 	 1 	 -1 
263.206		125.496 	 61.4385877985 	 -36.2837033273 	 1 	 0 	 1 	 0 
266.79		130.893 	 244.302755731 	 -116.868633608 	 1 	 0 	 1 	 0 
272.655		136.102 	 160.381891788 	 172.445095447 	 0 	 1 	 1 	 0 
280.659		141.052 	 123.76430497 	 24.0915010209 	 0 	 1 	 1 	 1 
290.619		145.693 	 114.991409858 	 -40.5998031089 	 1 	 0 	 1 	 1 
302.34		150 	 87.2762068244 	 50.3209710286 	 0 	 1 	 1 	 0 
290.619		154.307 	 308.272776754 	 122.214933003 	 0 	 1 	 1 	 1 
280.659		158.948 	 126.168926438 	 -175.012771496 	 1 	 0 	 1 	 0 
272.656		163.898 	 25.4435611878 	 112.861449662 	 1 	 0 	 1 	 1 
266.789		169.107 	 157.056821371 	 -33.271999432 	 1 	 0 	 1 	 -1 
263.206		174.504 	 202.722938832 	 11.4971167926 	 0 	 1 	 1 	 1 
262.001		180 	 87.4187559362 	 22.1817825753 	 1 	 0 	 1 	 0 
263.206		185.496 	 62.1047420079 	 -102.417974013 	 0 	 1 	 1 	 0 
266.789		190.893 	 159.496505229 	 47.6360128118 	 0 	 1 	 1 	 -1 
272.656		196.102 	 88.1576257666 	 115.323475805 	 1 	 0 	 1 	 -1 
280.659		201.052 	 324.455120938 	 38.9151236669 	 0 	 1 	 1 	 0 
290.619		205.693 	 293.513973034 	 -65.5471628135 	 0 	 1 	 1 	 1 
302.34		210 	 176.633652919 	 114.343157761 	 0 	 1 	 1 	 0 
290.619		214.307 	 172.203077759 	 -42.0397171143 	 0 	 1 	 1 	 1 
280.658		218.948 	 322.941627857 	 114.015443547 	 1 	 0 	 1 	 -1 
272.656		223.898 	 99.4849673434 	 -77.4601068461 	 0 	 1 	 1 	 1 
266.79		229.107 	 73.438060496 	 -17.1456520422 	 1 	 0 	 1 	 1 
263.206		234.504 	 59.4991271486 	 45.6710213284 	 1 	 0 	 1 	 -1 
262		240 	 321.191560791 	 48.7435495884 	 1 	 0 	 1 	 -1 
263.206		245.496 	 243.640637771 	 -8.22250721573 	 1 	 0 	 1 	 1 
266.789		250.893 	 16.4915315705 	 -154.882984404 	 0 	 1 	 1 	 -1 
272.656		256.102 	 206.804868665 	 -68.7707377228 	 1 	 0 	 1 	 -1 
280.659		261.052 	 183.639584304 	 -36.7588658184 	 1 	 0 	 1 	 1 
290.62		265.693 	 119.873137004 	 -150.462689718 	 1 	 0 	 1 	 1 
302.34		270 	 295.480561587 	 70.8460551693 	 0 	 1 	 1 	 -1 
290.62		274.307 	 195.677973618 	 -141.182713029 	 1 	 0 	 1 	 0 
280.659		278.948 	 223.457960024 	 -115.912965528 	 0 	 1 	 1 	 -1 
272.656		283.898 	 43.0908802804 	 -177.738701736 	 0 	 1 	 1 	 0 
266.789		289.107 	 309.796422897 	 159.732645966 	 0 	 1 	 1 	 -1 
263.206		294.504 	 147.98437916 	 20.5864423168 	 1 	 0 	 1 	 0 
262		300 	 257.721001432 	 36.5261247623 	 0 	 1 	 1 	 1 
263.206		305.496 	 8.79161968759 	 124.896878642 	 0 	 1 	 1 	 -1 
266.79		310.893 	 263.936808025 	 -33.8107788738 	 0 	 1 	 1 	 1 
272.656		316.102 	 29.3040468293 	 25.7555648848 	 0 	 1 	 1 	 0 
280.659		321.052 	 53.6674886449 	 81.8688250086 	 1 	 0 	 1 	 1 
290.619		325.693 	 298.127370157 	 -33.2085417892 	 1 	 0 	 1 	 1 
302.34		330 	 183.178917073 	 -110.263457901 	 0 	 1 	 1 	 -1 
315.62		333.963 	 197.303486216 	 77.6699000856 	 1 	 0 	 1 	 1 
305.457		338.213 	 147.884314015 	 -131.824428014 	 1 	 0 	 1 	 1 
297.071		342.731 	 69.074893705 	 72.5714404924 	 1 	 0 	 1 	 -1 
290.619		347.48 	 193.626025932 	 70.7070085145 	 0 	 1 	 1 	 -1 
286.236		352.411 	 68.6134670809 	 62.5963712074 	 1 	 0 	 1 	 0 
284.018		357.457 	 118.468281646 	 -31.9564516026 	 1 	 0 	 1 	 0 
284.018		2.54292 	 237.024539123 	 -128.749858186 	 0 	 1 	 1 	 0 
286.236		7.58909 	 194.525157247 	 -63.5367795463 	 1 	 0 	 1 	 -1 
290.619		12.5198 	 152.742698897 	 136.011174684 	 0 	 1 	 1 	 -1 
297.071		17.2695 	 312.110153569 	 127.340850693 	 1 	 0 	 1 	 -1 
305.457		21.7868 	 147.682224399 	 90.7236505496 	 0 	 1 	 1 	 0 
315.62		26.0368 	 65.6867122269 	 96.1552028446 	 0 	 1 	 1 	 -1 
327.39		30 	 153.599198703 	 -62.6210700364 	 1 	 0 	 1 	 1 
305.457		38.2132 	 192.967173319 	 64.6997793554 	 1 	 0 	 1 	 -1 
297.071		42.7305 	 96.9146069595 	 1.38030645862 	 0 	 1 	 1 	 1 
290.619		47.4802 	 303.196027719 	 -4.29895868697 	 0 	 1 	 1 	 1 
286.236		52.4109 	 239.663703615 	 -93.1201293906 	 0 	 1 	 1 	 1 
284.018		57.4571 	 234.196542111 	 86.8820886663 	 1 	 0 	 1 	 -1 
284.018		62.5429 	 168.331823598 	 -74.4865610091 	 1 	 0 	 1 	 1 
286.236		67.5891 	 118.383683358 	 106.656257026 	 0 	 1 	 1 	 -1 
290.619		72.5198 	 127.448257627 	 10.7627562157 	 0 	 1 	 1 	 1 
297.071		77.2695 	 52.3116300235 	 -91.7523440644 	 0 	 1 	 1 	 -1 
305.457		81.7868 	 99.8445247082 	 -55.1548643467 	 0 	 1 	 1 	 0 
315.62		86.0368 	 203.37165182 	 102.987579573 	 0 	 1 	 1 	 -1 
327.39		90 	 31.2961714887 	 117.936778515 	 0 	 1 	 1 	 -1 
315.62		93.9632 	 119.676581848 	 174.31753766 	 0 	 1 	 1 	 0 
305.457		98.2132 	 255.605158779 	 115.086118161 	 1 	 0 	 1 	 0 
297.071		102.731 	 161.735759348 	 -111.681810307 	 1 	 0 	 1 	 0 
290.619		107.48 	 56.6182147553 	 -95.9597320944 	 0 	 1 	 1 	 0 
286.236		112.411 	 89.2137680587 	 82.3467442738 	 0 	 1 	 1 	 1 
284.018		117.457 	 143.388233031 	 69.0703626795 	 0 	 1 	 1 	 0 
284.018		122.543 	 33.6979269694 	 -115.568689806 	 0 	 1 	 1 	 1 
286.236		127.589 	 7.57841386145 	 -136.6650171 	 1 	 0 	 1 	 1 
290.62		132.52 	 51.7181936473 	 80.8998603361 	 0 	 1 	 1 	 -1 
297.071		137.269 	 168.751414009 	 46.2987269101 	 1 	 0 	 1 	 -1 
305.457		141.787 	 189.2431476 	 -143.109707266 	 0 	 1 	 1 	 -1 
315.62		146.037 	 303.978997407 	 -169.875645229 	 1 	 0 	 1 	 -1 
327.39		150 	 305.713937915 	 89.4520300638 	 0 	 1 	 1 	 1 
315.619		153.963 	 250.176665637 	 -68.9617357023 	 1 	 0 	 1 	 1 
305.457		158.213 	 239.672127701 	 2.30309825729 	 1 	 0 	 1 	 0 
297.071		162.731 	 261.82572651 	 -150.679569159 	 1 	 0 	 1 	 1 
290.62		167.48 	 259.939018553 	 3.62121853933 	 1 	 0 	 1 	 1 
286.236		172.411 	 148.786296857 	 -129.314404837 	 1 	 0 	 1 	 0 
284.019		177.457 	 221.928327598 	 48.7886702997 	 1 	 0 	 1 	 1 
284.019		182.543 	 273.103139581 	 -71.6820534416 	 0 	 1 	 1 	 0 
286.236		187.589 	 9.64743099685 	 117.419464169 	 0 	 1 	 1 	 1 
290.62		192.52 	 147.151683586 	 13.0423430692 	 1 	 0 	 1 	 1 
297.071		197.269 	 123.308841178 	 -101.803257373 	 0 	 1 	 1 	 1 
305.457		201.787 	 271.942990702 	 8.63850223407 	 1 	 0 	 1 	 1 
315.62		206.037 	 112.416298523 	 114.096598834 	 1 	 0 	 1 	 -1 
327.39		210 	 246.241565373 	 115.139098489 	 0 	 1 	 1 	 1 
315.62		213.963 	 106.108118531 	 33.4717755215 	 1 	 0 	 1 	 -1 
305.457		218.213 	 188.582872016 	 101.206505325 	 0 	 1 	 1 	 1 
297.071		222.731 	 111.087633011 	 42.835192288 	 0 	 1 	 1 	 1 
290.619		227.48 	 237.736819712 	 114.143743941 	 0 	 1 	 1 	 -1 
286.236		232.411 	 265.289748219 	 -103.046507923 	 0 	 1 	 1 	 -1 
284.018		237.457 	 28.7692063107 	 -23.415239385 	 1 	 0 	 1 	 -1 
284.019		242.543 	 37.2172354369 	 143.518169759 	 0 	 1 	 1 	 -1 
286.236		247.589 	 304.91400013 	 -111.237570597 	 1 	 0 	 1 	 1 
290.62		252.52 	 208.834250514 	 -56.1883935869 	 0 	 1 	 1 	 -1 
297.071		257.269 	 196.411081544 	 -41.8895454218 	 0 	 1 	 1 	 0 
305.457		261.787 	 192.583172097 	 -120.389844412 	 1 	 0 	 1 	 -1 
315.62		266.037 	 94.4984889271 	 80.4329065932 	 1 	 0 	 1 	 1 
327.39		270 	 225.786891861 	 -129.194042376 	 1 	 0 	 1 	 1 
315.62		273.963 	 12.3331578373 	 62.6321481626 	 0 	 1 	 1 	 1 
305.457		278.213 	 305.630614943 	 -83.6324877227 	 1 	 0 	 1 	 -1 
297.071		282.731 	 163.628664438 	 159.262005133 	 1 	 0 	 1 	 1 
290.62		287.48 	 2.50094174565 	 -117.629912449 	 0 	 1 	 1 	 1 
286.236		292.411 	 303.953373387 	 5.01828955169 	 1 	 0 	 1 	 -1 
284.019		297.457 	 275.437689232 	 -47.9524603857 	 1 	 0 	 1 	 -1 
284.018		302.543 	 12.3947302508 	 109.786437793 	 1 	 0 	 1 	 0 
286.236		307.589 	 70.9523338241 	 -132.76503614 	 0 	 1 	 1 	 1 
290.619		312.52 	 284.321005507 	 7.53678610152 	 1 	 0 	 1 	 0 
297.071		317.269 	 283.504576509 	 35.9285662229 	 0 	 1 	 1 	 -1 
305.457		321.787 	 152.039594934 	 36.5992622649 	 1 	 0 	 1 	 -1 
327.39		330 	 138.198677618 	 -58.06255796 	 1 	 0 	 1 	 0 
340.597		333.67 	 73.175087143 	 119.714925303 	 1 	 0 	 1 	 1 
330.266		337.589 	 277.071442301 	 121.204662156 	 0 	 1 	 1 	 -1 
321.56		341.742 	 238.18927197 	 1.87960315716 	 1 	 0 	 1 	 0 
314.619		346.102 	 280.053745993 	 20.9856220651 	 0 	 1 	 1 	 -1 
309.563		350.633 	 22.4406014948 	 41.8219226443 	 0 	 1 	 1 	 -1 
306.489		355.285 	 63.6870175121 	 138.740584907 	 0 	 1 	 1 	 1 
305.457		0 	 298.605277252 	 -19.4670368745 	 1 	 0 	 1 	 -1 
306.489		4.715 	 34.9716726497 	 -20.5995590574 	 0 	 1 	 1 	 1 
309.563		9.367 	 96.5866378203 	 -124.808882692 	 0 	 1 	 1 	 1 
314.619		13.8979 	 302.764770294 	 5.12700495835 	 1 	 0 	 1 	 0 
321.56		18.2585 	 252.582584422 	 50.1603379517 	 1 	 0 	 1 	 1 
330.266		22.4109 	 294.603053239 	 135.460681748 	 0 	 1 	 1 	 0 
340.597		26.3295 	 167.332321983 	 -58.9422137388 	 0 	 1 	 1 	 0 
352.406		30 	 291.346597991 	 86.4837101129 	 1 	 0 	 1 	 -1 
340.597		33.6705 	 79.7459532301 	 -102.032886584 	 1 	 0 	 1 	 -1 
330.266		37.5891 	 278.368294141 	 154.199649536 	 1 	 0 	 1 	 -1 
321.56		41.7415 	 140.648674529 	 52.2608713306 	 1 	 0 	 1 	 -1 
314.619		46.1021 	 2.06858997908 	 86.5656143562 	 0 	 1 	 1 	 0 
309.563		50.633 	 125.817380386 	 45.6584363838 	 1 	 0 	 1 	 1 
306.489		55.285 	 215.235858302 	 -33.2562781135 	 0 	 1 	 1 	 0 
305.457		60 	 71.0884278337 	 -100.519642484 	 0 	 1 	 1 	 1 
306.489		64.715 	 318.545913452 	 -21.900943103 	 1 	 0 	 1 	 0 
309.563		69.367 	 299.848732663 	 156.452944985 	 0 	 1 	 1 	 -1 
314.619		73.8979 	 138.635309288 	 -28.8872646444 	 1 	 0 	 1 	 0 
321.56		78.2585 	 248.647116565 	 166.356554995 	 0 	 1 	 1 	 1 
330.266		82.4109 	 87.5951670336 	 154.636655162 	 0 	 1 	 1 	 0 
340.597		86.3295 	 38.9381291205 	 112.182690508 	 0 	 1 	 1 	 1 
352.406		90 	 264.761791855 	 131.30060791 	 1 	 0 	 1 	 -1 
340.597		93.6705 	 211.773727898 	 41.6185100868 	 0 	 1 	 1 	 -1 
330.266		97.5891 	 158.680132425 	 72.4791850662 	 0 	 1 	 1 	 1 
321.56		101.742 	 46.5230410157 	 -173.053756919 	 1 	 0 	 1 	 0 
314.619		106.102 	 34.8846031537 	 95.6285879098 	 0 	 1 	 1 	 1 
309.563		110.633 	 223.696977305 	 142.707734241 	 0 	 1 	 1 	 0 
306.489		115.285 	 251.294134649 	 -176.329351388 	 0 	 1 	 1 	 0 
305.457		120 	 109.085122543 	 -177.926057299 	 0 	 1 	 1 	 0 
306.489		124.715 	 66.9383090282 	 -172.794446327 	 0 	 1 	 1 	 1 
309.563		129.367 	 108.981850432 	 -115.544475708 	 0 	 1 	 1 	 -1 
314.619		133.898 	 160.072181457 	 145.999118787 	 1 	 0 	 1 	 -1 
321.56		138.258 	 212.959596629 	 177.387054724 	 0 	 1 	 1 	 -1 
330.266		142.411 	 24.9214001309 	 59.1342464656 	 1 	 0 	 1 	 1 
340.597		146.329 	 184.906580766 	 -166.935888456 	 0 	 1 	 1 	 1 
352.406		150 	 257.182641206 	 -127.304791578 	 1 	 0 	 1 	 0 
340.597		153.671 	 271.984962361 	 -150.04424378 	 0 	 1 	 1 	 -1 
330.266		157.589 	 157.689474598 	 -165.191820632 	 1 	 0 	 1 	 1 
321.561		161.742 	 93.3817728408 	 -15.5582965298 	 1 	 0 	 1 	 -1 
314.618		166.102 	 306.876269999 	 7.7107715588 	 1 	 0 	 1 	 1 
309.563		170.633 	 225.449530498 	 -145.268736567 	 0 	 1 	 1 	 1 
306.488		175.285 	 201.575661281 	 8.37143219003 	 1 	 0 	 1 	 1 
305.457		180 	 300.184666276 	 -53.5170484506 	 1 	 0 	 1 	 1 
306.488		184.715 	 269.342457597 	 29.6198250288 	 0 	 1 	 1 	 1 
309.563		189.367 	 236.198027418 	 -136.037661118 	 0 	 1 	 1 	 0 
314.618		193.898 	 298.842213516 	 -139.266291852 	 1 	 0 	 1 	 1 
321.561		198.258 	 297.574982736 	 -14.0393431522 	 0 	 1 	 1 	 1 
330.266		202.411 	 145.963527173 	 -121.134320524 	 1 	 0 	 1 	 -1 
340.597		206.329 	 4.98900408982 	 -18.2673448282 	 1 	 0 	 1 	 -1 
352.406		210 	 119.026783909 	 11.1780391821 	 0 	 1 	 1 	 1 
330.266		217.589 	 101.751736325 	 132.483032413 	 0 	 1 	 1 	 1 
321.56		221.742 	 165.486597129 	 -59.2008373169 	 0 	 1 	 1 	 1 
314.619		226.102 	 215.134705742 	 84.9770478711 	 1 	 0 	 1 	 0 
309.563		230.633 	 96.6970484505 	 151.304880897 	 0 	 1 	 1 	 1 
306.489		235.285 	 6.89122107288 	 4.05237231669 	 1 	 0 	 1 	 1 
305.456		240 	 161.42863788 	 -13.7340198572 	 0 	 1 	 1 	 1 
306.488		244.715 	 261.818807874 	 34.2810713363 	 0 	 1 	 1 	 -1 
309.563		249.367 	 266.508903899 	 -96.0861455899 	 0 	 1 	 1 	 1 
314.619		253.898 	 209.594477916 	 -154.756560318 	 1 	 0 	 1 	 -1 
321.56		258.258 	 45.0125503844 	 106.740760557 	 0 	 1 	 1 	 -1 
330.266		262.411 	 203.294541781 	 -157.638244532 	 1 	 0 	 1 	 1 
340.597		266.33 	 25.320158832 	 -75.4084877689 	 0 	 1 	 1 	 0 
340.597		273.671 	 34.5185013755 	 142.849753667 	 1 	 0 	 1 	 -1 
330.266		277.589 	 217.712863494 	 -62.9860413547 	 1 	 0 	 1 	 -1 
321.56		281.742 	 228.168954879 	 -143.838859111 	 0 	 1 	 1 	 1 
314.619		286.102 	 94.0856138148 	 -35.0321275759 	 1 	 0 	 1 	 0 
309.563		290.633 	 183.513758995 	 124.110392927 	 1 	 0 	 1 	 1 
306.488		295.285 	 289.879224286 	 125.398167813 	 1 	 0 	 1 	 1 
305.457		300 	 214.452983992 	 -40.8727298951 	 0 	 1 	 1 	 -1 
306.489		304.715 	 98.4834086116 	 -111.13318056 	 0 	 1 	 1 	 0 
309.563		309.367 	 113.391261336 	 -136.924503142 	 1 	 0 	 1 	 1 
314.619		313.898 	 128.369484247 	 -27.2364471798 	 0 	 1 	 1 	 0 
321.56		318.258 	 40.9724618857 	 -34.8835081892 	 1 	 0 	 1 	 1 
330.266		322.411 	 113.837876058 	 14.6709744369 	 0 	 1 	 1 	 -1 
340.597		326.33 	 314.795832767 	 -171.661182599 	 0 	 1 	 1 	 0 
352.406		330 	 211.88962309 	 -165.947967485 	 1 	 0 	 1 	 1 
365.546		333.418 	 275.493513196 	 -63.0903040784 	 0 	 1 	 1 	 1 
355.074		337.053 	 306.160149419 	 78.6949833149 	 1 	 0 	 1 	 1 
346.099		340.893 	 51.0685733513 	 5.21409030084 	 1 	 0 	 1 	 -1 
338.742		344.921 	 100.0363662 	 -29.0941831246 	 1 	 0 	 1 	 1 
333.116		349.107 	 182.297129067 	 45.4787405745 	 0 	 1 	 1 	 -1 
329.31		353.413 	 276.876798937 	 -13.5526518433 	 1 	 0 	 1 	 0 
327.39		357.796 	 179.421308778 	 65.5600016422 	 0 	 1 	 1 	 0 
327.39		2.20423 	 218.238937242 	 17.5708233896 	 0 	 1 	 1 	 -1 
329.31		6.58678 	 88.7593949915 	 7.00747474443 	 0 	 1 	 1 	 0 
333.116		10.8934 	 318.890528555 	 -28.7198375547 	 0 	 1 	 1 	 0 
338.742		15.0791 	 128.756975223 	 173.807719465 	 1 	 0 	 1 	 1 
346.099		19.1066 	 283.008349172 	 -41.0917119326 	 1 	 0 	 1 	 0 
355.074		22.9473 	 320.777865345 	 74.4645008096 	 0 	 1 	 1 	 -1 
365.546		26.582 	 235.635019089 	 118.186092783 	 1 	 0 	 1 	 1 
377.385		30 	 17.7064943687 	 59.8404229585 	 1 	 0 	 1 	 1 
365.546		33.418 	 102.946291682 	 -106.256113521 	 0 	 1 	 1 	 -1 
355.074		37.0527 	 238.354664138 	 -3.64495835185 	 0 	 1 	 1 	 -1 
346.099		40.8934 	 260.479839966 	 -74.4958975241 	 0 	 1 	 1 	 0 
338.743		44.9209 	 250.498350295 	 88.8767264018 	 0 	 1 	 1 	 0 
333.116		49.1066 	 153.411921104 	 -67.6638844859 	 0 	 1 	 1 	 -1 
329.31		53.4132 	 112.874204423 	 -105.474837807 	 1 	 0 	 1 	 1 
327.39		57.7958 	 284.116663461 	 -123.646409647 	 0 	 1 	 1 	 -1 
327.39		62.2042 	 98.5098556697 	 121.804244405 	 0 	 1 	 1 	 -1 
329.31		66.5868 	 260.367040009 	 134.263646774 	 1 	 0 	 1 	 1 
333.116		70.8934 	 262.70186077 	 157.98594491 	 0 	 1 	 1 	 1 
338.742		75.0791 	 5.29363558583 	 48.7979106357 	 0 	 1 	 1 	 1 
346.099		79.1066 	 88.9743707371 	 144.474718144 	 0 	 1 	 1 	 -1 
355.074		82.9473 	 150.54270836 	 7.25689213204 	 0 	 1 	 1 	 0 
