25.2587		30 	 254.606943803 	 -64.4507217034 	 0 	 1 	 1 	 1 
25.2587		90 	 288.4843916 	 135.655010808 	 0 	 1 	 1 	 0 
25.2587		150 	 96.8052347003 	 82.1383193356 	 1 	 0 	 1 	 -1 
25.2587		210 	 276.650769614 	 12.1936913512 	 0 	 1 	 1 	 1 
25.2587		270 	 217.060072607 	 173.03442879 	 1 	 0 	 1 	 -1 
43.7478		0 	 82.4212196439 	 -105.802403023 	 0 	 1 	 1 	 1 
50.5147		30 	 100.941329792 	 160.433636112 	 1 	 0 	 1 	 -1 
43.7478		60 	 248.884739483 	 77.6716257734 	 1 	 0 	 1 	 0 
50.5147		90 	 177.546844028 	 154.770816114 	 0 	 1 	 1 	 0 
43.7478		120 	 258.007778952 	 -31.9282835282 	 0 	 1 	 1 	 1 
50.5147		150 	 52.3525259107 	 -167.726153727 	 0 	 1 	 1 	 1 
43.7478		180 	 15.5111443239 	 65.1264873661 	 1 	 0 	 1 	 1 
50.5147		210 	 290.33887657 	 63.823800112 	 1 	 0 	 1 	 0 
43.7478		240 	 240.570870994 	 173.027042122 	 1 	 0 	 1 	 -1 
43.7478		300 	 11.3155485488 	 -108.248979583 	 0 	 1 	 1 	 1 
50.5148		330 	 306.629031196 	 165.6388656 	 1 	 0 	 1 	 0 
66.8212		349.107 	 28.014381094 	 -33.8927017388 	 0 	 1 	 1 	 -1 
66.8212		10.8934 	 98.1755109281 	 135.981279409 	 0 	 1 	 1 	 1 
75.7654		30 	 28.1062598036 	 120.06144932 	 1 	 0 	 1 	 -1 
66.8212		49.1066 	 155.574844285 	 -66.6978820021 	 1 	 0 	 1 	 0 
66.8212		70.8934 	 76.6870053196 	 0.370270915756 	 0 	 1 	 1 	 0 
75.7654		90 	 231.403585681 	 -8.19912518038 	 1 	 0 	 1 	 -1 
66.8212		109.107 	 45.4491910112 	 88.1965856076 	 0 	 1 	 1 	 0 
66.8212		130.893 	 191.11101459 	 -72.6994592569 	 0 	 1 	 1 	 -1 
75.7654		150 	 172.8792924 	 70.667900207 	 0 	 1 	 1 	 0 
66.8212		169.107 	 53.1129894126 	 121.018608648 	 0 	 1 	 1 	 -1 
66.8212		190.893 	 208.748072029 	 -89.2817650736 	 0 	 1 	 1 	 -1 
66.8212		229.107 	 265.119312192 	 -36.456720192 	 1 	 0 	 1 	 -1 
66.8212		250.893 	 229.222994686 	 -162.956725495 	 1 	 0 	 1 	 0 
75.7654		270 	 179.540943898 	 -31.4498695242 	 1 	 0 	 1 	 1 
66.8212		289.107 	 234.85704275 	 169.342920128 	 1 	 0 	 1 	 0 
66.8212		310.893 	 288.33816442 	 -19.9435698711 	 0 	 1 	 1 	 -1 
75.7654		330 	 273.090817053 	 -161.689609761 	 1 	 0 	 1 	 0 
91.0523		343.898 	 125.849147864 	 -166.443840046 	 1 	 0 	 1 	 -1 
87.4818		0 	 101.145710503 	 44.8313202685 	 0 	 1 	 1 	 -1 
91.0523		16.1021 	 212.040871658 	 -67.394501347 	 0 	 1 	 1 	 -1 
101.008		30 	 88.3061353553 	 98.6513045513 	 1 	 0 	 1 	 0 
91.0523		43.8979 	 105.450745954 	 120.752200745 	 1 	 0 	 1 	 0 
87.4818		60 	 32.6506991843 	 -2.85251629623 	 1 	 0 	 1 	 1 
91.0523		76.1021 	 92.2547856265 	 142.757222315 	 1 	 0 	 1 	 0 
91.0523		103.898 	 161.708750232 	 -167.157534028 	 1 	 0 	 1 	 0 
87.4818		120 	 41.9938158004 	 27.4998757878 	 1 	 0 	 1 	 1 
91.0523		136.102 	 198.379298759 	 11.6646704005 	 0 	 1 	 1 	 1 
91.0523		163.898 	 44.5003459192 	 155.0232782 	 1 	 0 	 1 	 1 
87.4818		180 	 196.395721339 	 93.3692446347 	 1 	 0 	 1 	 0 
91.0523		196.102 	 43.23393386 	 -104.801587045 	 0 	 1 	 1 	 -1 
101.008		210 	 136.319801751 	 1.69028757774 	 1 	 0 	 1 	 -1 
91.0523		223.898 	 291.436943089 	 92.0737854549 	 0 	 1 	 1 	 -1 
87.4818		240 	 63.7733545685 	 -75.5244397602 	 0 	 1 	 1 	 -1 
91.0523		256.102 	 206.881032745 	 -127.17989641 	 0 	 1 	 1 	 1 
101.008		270 	 136.105445434 	 46.622426744 	 1 	 0 	 1 	 -1 
91.0523		283.898 	 310.623720754 	 8.51006979895 	 0 	 1 	 1 	 0 
87.4817		300 	 268.444164401 	 151.896096093 	 0 	 1 	 1 	 1 
91.0523		316.102 	 323.498407216 	 44.6299775943 	 1 	 0 	 1 	 1 
101.008		330 	 130.628884058 	 -28.9039016581 	 1 	 0 	 1 	 1 
115.709		340.893 	 178.138718899 	 -115.198771813 	 0 	 1 	 1 	 -1 
110.065		353.413 	 172.653959841 	 88.4509783929 	 1 	 0 	 1 	 0 
110.065		6.58677 	 185.698076878 	 -127.31405291 	 1 	 0 	 1 	 0 
115.709		19.1066 	 126.628434611 	 -172.505131932 	 1 	 0 	 1 	 -1 
126.24		30 	 127.051696288 	 -25.8031486776 	 0 	 1 	 1 	 -1 
115.709		40.8934 	 304.382715734 	 138.611386227 	 0 	 1 	 1 	 1 
110.065		53.4132 	 42.8862713095 	 -14.6138111261 	 1 	 0 	 1 	 -1 
110.065		66.5868 	 62.0274625281 	 128.336724558 	 0 	 1 	 1 	 1 
115.709		79.1066 	 87.8094079288 	 76.2215026086 	 1 	 0 	 1 	 0 
126.24		90 	 92.7222628406 	 -3.9720033144 	 1 	 0 	 1 	 0 
115.709		100.893 	 110.227132358 	 173.052963278 	 0 	 1 	 1 	 1 
110.065		113.413 	 77.8668839226 	 -46.631884511 	 1 	 0 	 1 	 -1 
110.065		126.587 	 65.0285538118 	 21.9550612303 	 0 	 1 	 1 	 -1 
115.709		139.107 	 305.373622662 	 27.5032024447 	 1 	 0 	 1 	 -1 
126.24		150 	 293.323974124 	 45.872373826 	 0 	 1 	 1 	 0 
115.709		160.893 	 131.134552018 	 67.8100053487 	 0 	 1 	 1 	 -1 
110.066		173.413 	 210.852969344 	 51.235427627 	 0 	 1 	 1 	 -1 
110.066		186.587 	 56.1094552179 	 10.0828915242 	 1 	 0 	 1 	 0 
115.709		199.107 	 201.868006096 	 -0.258595637934 	 0 	 1 	 1 	 0 
126.24		210 	 136.788545635 	 -10.5670284686 	 1 	 0 	 1 	 -1 
115.709		220.893 	 208.395931672 	 38.8081459534 	 1 	 0 	 1 	 1 
110.065		233.413 	 293.190599819 	 73.9189014628 	 1 	 0 	 1 	 -1 
110.065		246.587 	 317.00609078 	 13.1123783692 	 1 	 0 	 1 	 1 
115.709		259.107 	 307.220662903 	 -42.536596384 	 0 	 1 	 1 	 1 
126.24		270 	 64.0310526813 	 -59.1199921995 	 1 	 0 	 1 	 0 
115.709		280.893 	 226.755675475 	 38.0720839686 	 1 	 0 	 1 	 1 
110.065		293.413 	 263.169948428 	 128.412830451 	 1 	 0 	 1 	 0 
110.065		306.587 	 161.547073999 	 86.1453354845 	 1 	 0 	 1 	 1 
115.709		319.107 	 137.84162702 	 -84.858922582 	 0 	 1 	 1 	 0 
126.24		330 	 56.6478518841 	 -79.7409877198 	 1 	 0 	 1 	 1 
140.56		338.948 	 124.449574066 	 108.967622359 	 0 	 1 	 1 	 -1 
133.593		349.107 	 100.110844015 	 177.43574848 	 0 	 1 	 1 	 0 
131.188		0 	 153.073433969 	 -34.4586784295 	 1 	 0 	 1 	 0 
133.593		10.8934 	 215.143410868 	 -111.769927807 	 0 	 1 	 1 	 1 
140.56		21.0517 	 112.619301201 	 -97.8468423307 	 1 	 0 	 1 	 0 
151.459		30 	 223.511422241 	 13.8656370778 	 1 	 0 	 1 	 1 
140.56		38.9483 	 288.648655566 	 -50.0332258424 	 1 	 0 	 1 	 1 
133.593		49.1066 	 211.694675694 	 -117.856454184 	 1 	 0 	 1 	 1 
131.188		60 	 286.084410849 	 104.458959843 	 0 	 1 	 1 	 1 
133.593		70.8934 	 269.606202266 	 161.26307543 	 0 	 1 	 1 	 0 
140.56		81.0517 	 10.653069977 	 -73.4071657841 	 0 	 1 	 1 	 -1 
151.459		90 	 262.969564049 	 126.654702497 	 0 	 1 	 1 	 -1 
140.56		98.9483 	 261.375562169 	 -100.536839771 	 1 	 0 	 1 	 -1 
133.593		109.107 	 153.072262925 	 -19.2314094488 	 0 	 1 	 1 	 0 
131.188		120 	 321.962162494 	 133.938230205 	 0 	 1 	 1 	 -1 
133.593		130.893 	 102.680155322 	 78.4403852385 	 0 	 1 	 1 	 1 
140.56		141.052 	 145.352001132 	 27.4509323422 	 0 	 1 	 1 	 -1 
151.459		150 	 179.970798658 	 -83.4248644595 	 0 	 1 	 1 	 -1 
140.56		158.948 	 56.5503516419 	 138.735401217 	 1 	 0 	 1 	 1 
133.593		169.107 	 61.3318100868 	 -33.5758948305 	 1 	 0 	 1 	 0 
131.188		180 	 175.892203732 	 146.250072943 	 1 	 0 	 1 	 1 
133.593		190.893 	 186.700865904 	 -92.4797910731 	 0 	 1 	 1 	 0 
140.56		201.052 	 308.085523617 	 -20.4152669527 	 0 	 1 	 1 	 1 
151.459		210 	 27.9122609138 	 -166.527215301 	 0 	 1 	 1 	 -1 
140.56		218.948 	 287.326202255 	 171.079777704 	 0 	 1 	 1 	 -1 
133.593		229.107 	 58.5443502962 	 -32.0744827216 	 0 	 1 	 1 	 0 
131.188		240 	 221.022587249 	 51.365630769 	 0 	 1 	 1 	 0 
133.592		250.893 	 213.591979101 	 -59.8015399905 	 0 	 1 	 1 	 1 
140.56		261.052 	 27.2236514841 	 -151.060107888 	 0 	 1 	 1 	 0 
151.459		270 	 125.549174895 	 41.8951574976 	 0 	 1 	 1 	 1 
140.56		278.948 	 304.905433461 	 -127.401040008 	 1 	 0 	 1 	 0 
133.592		289.107 	 54.5494609354 	 160.895993747 	 1 	 0 	 1 	 1 
131.188		300 	 148.612074762 	 -44.8626281537 	 1 	 0 	 1 	 -1 
133.593		310.893 	 78.0609096825 	 47.0997510649 	 1 	 0 	 1 	 -1 
140.56		321.052 	 87.1937934647 	 86.8964579613 	 0 	 1 	 1 	 -1 
151.459		330 	 47.0754773398 	 8.78343196401 	 1 	 0 	 1 	 -1 
165.51		337.589 	 290.423677682 	 172.547557756 	 0 	 1 	 1 	 0 
157.635		346.102 	 298.766264836 	 6.25887893286 	 1 	 0 	 1 	 1 
153.545		355.285 	 138.297954956 	 -162.012653725 	 0 	 1 	 1 	 1 
153.545		4.715 	 23.2154997714 	 30.2219959758 	 0 	 1 	 1 	 1 
157.635		13.8979 	 84.609709391 	 -142.56246316 	 0 	 1 	 1 	 -1 
165.51		22.4109 	 86.5090479655 	 -84.4093507332 	 1 	 0 	 1 	 1 
176.661		30 	 228.556304855 	 46.3823276109 	 1 	 0 	 1 	 1 
165.51		37.5891 	 310.742862977 	 -59.5382128463 	 0 	 1 	 1 	 1 
157.635		46.1021 	 192.528554909 	 16.0815360187 	 1 	 0 	 1 	 0 
153.545		55.285 	 268.27824918 	 -62.5153095805 	 1 	 0 	 1 	 -1 
153.545		64.715 	 183.409445257 	 -74.8908509577 	 0 	 1 	 1 	 -1 
157.635		73.8979 	 76.6652297223 	 176.080399369 	 0 	 1 	 1 	 1 
165.51		82.4109 	 103.392794153 	 50.2716555421 	 1 	 0 	 1 	 1 
176.661		90 	 177.198332672 	 28.5975329373 	 0 	 1 	 1 	 1 
165.51		97.5891 	 89.9875194165 	 118.280042747 	 0 	 1 	 1 	 0 
157.635		106.102 	 83.1361316008 	 -78.6223777802 	 1 	 0 	 1 	 1 
153.545		115.285 	 53.1288561154 	 -85.9444172889 	 0 	 1 	 1 	 0 
153.545		124.715 	 184.612911173 	 -145.565100654 	 0 	 1 	 1 	 0 
157.635		133.898 	 233.163948135 	 64.3819901203 	 0 	 1 	 1 	 1 
165.51		142.411 	 193.232638313 	 35.8993594801 	 0 	 1 	 1 	 0 
176.661		150 	 181.155601012 	 73.859797074 	 1 	 0 	 1 	 0 
165.509		157.589 	 302.892124493 	 -97.6034376244 	 1 	 0 	 1 	 1 
157.635		166.102 	 236.364385922 	 123.354455299 	 1 	 0 	 1 	 -1 
153.546		175.285 	 310.649800878 	 -159.596723491 	 0 	 1 	 1 	 -1 
153.546		184.715 	 126.07622026 	 -32.5324039626 	 0 	 1 	 1 	 0 
157.635		193.898 	 126.512506308 	 -170.791971776 	 1 	 0 	 1 	 -1 
165.509		202.411 	 310.668755648 	 -33.3639329198 	 0 	 1 	 1 	 0 
165.51		217.589 	 246.395630959 	 -58.5611847938 	 0 	 1 	 1 	 1 
157.635		226.102 	 252.985367926 	 -14.3547749845 	 1 	 0 	 1 	 1 
153.545		235.285 	 80.5101070339 	 155.584723434 	 1 	 0 	 1 	 -1 
153.545		244.715 	 61.9211867903 	 -37.7200210363 	 1 	 0 	 1 	 0 
157.635		253.898 	 92.0594865666 	 75.5825282462 	 1 	 0 	 1 	 -1 
165.51		262.411 	 233.922427463 	 67.2385529524 	 1 	 0 	 1 	 1 
176.661		270 	 235.818695858 	 103.473528086 	 1 	 0 	 1 	 -1 
165.51		277.589 	 116.268934958 	 -155.11550116 	 1 	 0 	 1 	 1 
157.635		286.102 	 272.345466541 	 130.742597995 	 0 	 1 	 1 	 1 
153.545		295.285 	 296.968632729 	 -21.5520633103 	 1 	 0 	 1 	 1 
153.545		304.715 	 182.59313337 	 -49.6529128057 	 0 	 1 	 1 	 1 
157.635		313.898 	 33.113123483 	 -136.455618935 	 1 	 0 	 1 	 -1 
165.51		322.411 	 15.9677846526 	 -49.9805624378 	 1 	 0 	 1 	 0 
176.661		330 	 88.3658550738 	 12.2382663251 	 0 	 1 	 1 	 0 
190.511		336.587 	 91.6440500054 	 177.255046301 	 1 	 0 	 1 	 0 
181.979		343.898 	 236.760239861 	 107.478399555 	 1 	 0 	 1 	 0 
176.661		351.787 	 283.502066476 	 99.825528273 	 1 	 0 	 1 	 -1 
174.852		0 	 258.503845419 	 -43.7856732259 	 0 	 1 	 1 	 -1 
176.661		8.21321 	 117.062389565 	 29.2344928534 	 1 	 0 	 1 	 1 
181.979		16.1021 	 83.7491495728 	 168.596891517 	 0 	 1 	 1 	 0 
190.511		23.4132 	 293.700020687 	 157.977116865 	 0 	 1 	 1 	 0 
201.845		30 	 180.464227671 	 -50.8275120987 	 1 	 0 	 1 	 0 
181.979		43.8979 	 270.471383206 	 111.229214737 	 0 	 1 	 1 	 0 
176.661		51.7868 	 220.966603851 	 -109.012901571 	 0 	 1 	 1 	 1 
174.852		60 	 310.329331206 	 31.0432662609 	 1 	 0 	 1 	 0 
176.661		68.2132 	 62.2437380338 	 87.9003018259 	 1 	 0 	 1 	 0 
181.979		76.1021 	 286.857016127 	 -90.3197252847 	 1 	 0 	 1 	 0 
190.511		83.4132 	 107.211026509 	 94.0439049307 	 0 	 1 	 1 	 0 
201.845		90 	 288.586315279 	 -92.4967928756 	 0 	 1 	 1 	 1 
190.511		96.5868 	 23.5550563444 	 -139.381871121 	 1 	 0 	 1 	 0 
181.979		103.898 	 112.613264993 	 -51.1890674361 	 1 	 0 	 1 	 0 
176.661		111.787 	 43.846384592 	 -147.131558817 	 0 	 1 	 1 	 0 
174.852		120 	 20.7255345721 	 157.569536618 	 0 	 1 	 1 	 -1 
176.661		128.213 	 123.620027793 	 6.58935344345 	 1 	 0 	 1 	 1 
181.979		136.102 	 89.175502256 	 33.6483562266 	 1 	 0 	 1 	 0 
190.51		143.413 	 12.7801430677 	 -14.0763620586 	 1 	 0 	 1 	 0 
201.845		150 	 242.925244281 	 -126.285118358 	 0 	 1 	 1 	 -1 
190.511		156.587 	 202.633585407 	 -26.3335497052 	 0 	 1 	 1 	 -1 
181.979		163.898 	 240.567027615 	 17.838266252 	 0 	 1 	 1 	 -1 
176.661		171.787 	 268.754693675 	 76.8030432069 	 1 	 0 	 1 	 1 
174.852		180 	 51.903711697 	 176.356652344 	 1 	 0 	 1 	 1 
176.661		188.213 	 69.4871385388 	 97.515423641 	 0 	 1 	 1 	 1 
181.979		196.102 	 220.085183735 	 -107.399105207 	 1 	 0 	 1 	 -1 
190.511		203.413 	 191.360319549 	 -129.008588747 	 1 	 0 	 1 	 0 
201.845		210 	 157.763606568 	 21.4048194381 	 1 	 0 	 1 	 1 
190.51		216.587 	 293.465588436 	 -175.586528752 	 0 	 1 	 1 	 0 
181.979		223.898 	 11.9254895236 	 -177.327961073 	 1 	 0 	 1 	 -1 
176.661		231.787 	 12.1771972734 	 -5.4557333882 	 1 	 0 	 1 	 0 
174.853		240 	 110.149460264 	 -176.469615603 	 1 	 0 	 1 	 -1 
176.662		248.213 	 229.781061685 	 36.8711810593 	 0 	 1 	 1 	 1 
181.979		256.102 	 99.2588465725 	 32.7982351231 	 1 	 0 	 1 	 0 
190.511		263.413 	 111.340441669 	 55.0924062117 	 1 	 0 	 1 	 1 
190.511		276.587 	 274.64374048 	 134.533888584 	 0 	 1 	 1 	 1 
181.979		283.898 	 248.32878293 	 -124.100172799 	 1 	 0 	 1 	 0 
176.662		291.787 	 63.9175876234 	 -158.702797721 	 0 	 1 	 1 	 1 
174.853		300 	 310.948921686 	 151.093545798 	 0 	 1 	 1 	 -1 
176.661		308.213 	 135.005149254 	 56.5424476279 	 1 	 0 	 1 	 -1 
181.979		316.102 	 237.519965065 	 -108.33216518 	 1 	 0 	 1 	 1 
190.511		323.413 	 11.3336845931 	 0.402142944182 	 0 	 1 	 1 	 -1 
201.845		330 	 311.684973627 	 46.8309903248 	 0 	 1 	 1 	 0 
215.536		335.818 	 184.915730825 	 -138.426249237 	 0 	 1 	 1 	 0 
206.511		342.216 	 8.72175252499 	 -166.798867043 	 1 	 0 	 1 	 1 
200.265		349.107 	 0.582270849655 	 -155.419324206 	 0 	 1 	 1 	 0 
197.068		356.329 	 311.219376285 	 -98.5979658346 	 1 	 0 	 1 	 1 
197.068		3.6705 	 115.041968186 	 91.9682966716 	 1 	 0 	 1 	 1 
200.265		10.8934 	 266.297314278 	 -6.84365306751 	 1 	 0 	 1 	 0 
206.511		17.7836 	 35.199989425 	 -46.1485790506 	 0 	 1 	 1 	 -1 
215.536		24.1825 	 107.293901825 	 -64.2537035306 	 1 	 0 	 1 	 0 
227.007		30 	 312.022807295 	 170.514333869 	 0 	 1 	 1 	 0 
215.536		35.8175 	 287.242488277 	 -42.5071090525 	 0 	 1 	 1 	 1 
206.511		42.2164 	 18.0394127792 	 74.265685848 	 0 	 1 	 1 	 0 
200.265		49.1066 	 235.322530763 	 131.571797384 	 0 	 1 	 1 	 -1 
197.068		56.3295 	 143.436183461 	 101.094837037 	 0 	 1 	 1 	 -1 
197.068		63.6705 	 111.211945405 	 -112.480452281 	 1 	 0 	 1 	 1 
200.265		70.8934 	 243.649940298 	 110.741762402 	 0 	 1 	 1 	 -1 
206.511		77.7836 	 40.3350384223 	 71.3270647363 	 1 	 0 	 1 	 1 
215.536		84.1825 	 130.585611384 	 1.22175716279 	 1 	 0 	 1 	 1 
227.007		90 	 188.669850564 	 33.8034492848 	 1 	 0 	 1 	 1 
215.536		95.8175 	 100.641588523 	 83.3596730053 	 0 	 1 	 1 	 1 
206.511		102.216 	 19.0964339649 	 -177.118057912 	 0 	 1 	 1 	 0 
200.265		109.107 	 260.750937003 	 167.542200687 	 1 	 0 	 1 	 -1 
197.068		116.33 	 123.25612623 	 108.625226839 	 1 	 0 	 1 	 1 
197.068		123.671 	 179.201311824 	 46.2326549328 	 0 	 1 	 1 	 0 
200.265		130.893 	 97.8169387239 	 -177.794978239 	 0 	 1 	 1 	 -1 
206.51		137.784 	 166.28399075 	 0.0883592822091 	 0 	 1 	 1 	 1 
215.536		144.182 	 91.2888102926 	 -108.115581182 	 1 	 0 	 1 	 1 
227.007		150 	 36.6498394956 	 168.116015355 	 0 	 1 	 1 	 -1 
215.536		155.818 	 241.606137653 	 -157.395551775 	 0 	 1 	 1 	 1 
206.511		162.216 	 13.1816385837 	 -131.037943347 	 0 	 1 	 1 	 1 
200.266		169.107 	 285.51433219 	 172.937877341 	 0 	 1 	 1 	 1 
197.068		176.33 	 147.639186524 	 92.3970929716 	 0 	 1 	 1 	 -1 
197.068		183.671 	 111.871085118 	 96.1753233188 	 1 	 0 	 1 	 -1 
200.266		190.893 	 31.4308404689 	 -46.7582526487 	 0 	 1 	 1 	 1 
206.511		197.784 	 301.672688165 	 59.567795726 	 0 	 1 	 1 	 -1 
215.536		204.182 	 79.0152921251 	 80.4287617593 	 1 	 0 	 1 	 0 
227.007		210 	 61.2266060641 	 -139.043181145 	 1 	 0 	 1 	 1 
215.536		215.818 	 56.3843299086 	 -129.900317631 	 1 	 0 	 1 	 0 
206.51		222.216 	 43.191741076 	 103.281018656 	 1 	 0 	 1 	 1 
200.265		229.107 	 107.174392372 	 -90.3063313868 	 0 	 1 	 1 	 0 
197.068		236.329 	 1.25275989849 	 35.6742249586 	 0 	 1 	 1 	 1 
197.068		243.671 	 314.621825843 	 -167.235743519 	 0 	 1 	 1 	 -1 
200.265		250.893 	 158.777848664 	 44.3423536281 	 0 	 1 	 1 	 0 
206.51		257.784 	 151.068012322 	 -46.762874593 	 1 	 0 	 1 	 -1 
215.536		264.182 	 321.635484015 	 -42.8666732958 	 1 	 0 	 1 	 -1 
227.007		270 	 188.92281078 	 -118.673138663 	 1 	 0 	 1 	 -1 
215.536		275.818 	 194.114238327 	 -170.491039236 	 0 	 1 	 1 	 -1 
206.51		282.216 	 52.6896397234 	 140.803806651 	 1 	 0 	 1 	 -1 
200.265		289.107 	 45.2111499412 	 104.388390857 	 0 	 1 	 1 	 0 
197.068		296.329 	 301.86576919 	 -70.9325543065 	 1 	 0 	 1 	 -1 
197.068		303.67 	 49.5123904342 	 36.8893153644 	 0 	 1 	 1 	 -1 
200.265		310.893 	 86.9800033209 	 107.116001872 	 1 	 0 	 1 	 1 
206.511		317.784 	 292.334389927 	 10.8312515486 	 0 	 1 	 1 	 1 
227.008		330 	 127.977645207 	 8.17414117974 	 0 	 1 	 1 	 0 
240.57		335.209 	 205.683944068 	 175.728912543 	 0 	 1 	 1 	 -1 
231.161		340.893 	 81.5971401697 	 -36.3660179466 	 0 	 1 	 1 	 -1 
224.195		346.996 	 196.779388994 	 63.2238165691 	 1 	 0 	 1 	 -1 
219.909		353.413 	 7.05471872756 	 -127.171207256 	 0 	 1 	 1 	 0 
218.461		0 	 13.0506108545 	 1.18940903945 	 1 	 0 	 1 	 -1 
219.909		6.58678 	 53.4079115986 	 136.526497032 	 0 	 1 	 1 	 -1 
224.195		13.0039 	 175.229245026 	 -55.2756782517 	 0 	 1 	 1 	 -1 
231.161		19.1066 	 58.0418256564 	 60.521601056 	 1 	 0 	 1 	 0 
240.57		24.7913 	 219.339198778 	 96.5411997574 	 0 	 1 	 1 	 0 
252.146		30 	 221.623853222 	 25.050681961 	 0 	 1 	 1 	 1 
240.57		35.2087 	 293.844771499 	 -1.82320129026 	 0 	 1 	 1 	 0 
231.161		40.8934 	 232.914325588 	 178.200102065 	 1 	 0 	 1 	 1 
224.195		46.9961 	 127.014443338 	 -54.989291758 	 1 	 0 	 1 	 1 
219.909		53.4132 	 81.1205467121 	 67.8690328324 	 0 	 1 	 1 	 -1 
218.461		60 	 22.3651561119 	 -76.0045630766 	 0 	 1 	 1 	 0 
219.909		66.5868 	 187.051216307 	 37.9714344396 	 0 	 1 	 1 	 0 
224.195		73.0039 	 126.574816584 	 -30.6888319188 	 1 	 0 	 1 	 1 
231.161		79.1066 	 76.2932454398 	 -42.4680616633 	 0 	 1 	 1 	 -1 
240.57		84.7913 	 289.633296298 	 -143.969698213 	 1 	 0 	 1 	 -1 
240.57		95.2087 	 317.270915322 	 163.122241171 	 1 	 0 	 1 	 -1 
231.161		100.893 	 311.58673004 	 19.2162090618 	 0 	 1 	 1 	 1 
224.195		106.996 	 270.981873362 	 -121.425916623 	 1 	 0 	 1 	 -1 
219.909		113.413 	 55.2503885132 	 -137.437135946 	 1 	 0 	 1 	 1 
218.461		120 	 161.099254172 	 21.1176998777 	 0 	 1 	 1 	 -1 
219.909		126.587 	 258.488789625 	 65.160206134 	 1 	 0 	 1 	 1 
224.195		133.004 	 257.317594321 	 105.864627308 	 0 	 1 	 1 	 1 
231.161		139.107 	 70.1435080007 	 91.2935538291 	 0 	 1 	 1 	 0 
252.146		150 	 82.3710174922 	 151.963115807 	 0 	 1 	 1 	 0 
240.57		155.209 	 100.71834033 	 111.313953974 	 1 	 0 	 1 	 1 
231.16		160.893 	 323.304602083 	 140.50901439 	 1 	 0 	 1 	 1 
224.196		166.996 	 2.11991115241 	 145.377782431 	 1 	 0 	 1 	 1 
219.909		173.413 	 134.629538388 	 -176.524450555 	 1 	 0 	 1 	 -1 
218.461		180 	 280.851841595 	 -103.913721433 	 0 	 1 	 1 	 0 
219.909		186.587 	 222.604684605 	 153.633029496 	 1 	 0 	 1 	 -1 
224.196		193.004 	 244.954264944 	 -151.830813129 	 0 	 1 	 1 	 0 
231.16		199.107 	 196.299325945 	 -61.9378261462 	 0 	 1 	 1 	 1 
240.57		204.791 	 226.060054299 	 -150.921358738 	 1 	 0 	 1 	 1 
252.146		210 	 257.394165998 	 171.988977411 	 0 	 1 	 1 	 -1 
240.57		215.209 	 131.616335774 	 -174.507366578 	 0 	 1 	 1 	 -1 
231.161		220.893 	 132.385621649 	 132.18246428 	 0 	 1 	 1 	 1 
224.196		226.996 	 201.049290209 	 151.987376906 	 1 	 0 	 1 	 0 
219.909		233.413 	 228.889416179 	 -16.279963599 	 0 	 1 	 1 	 0 
218.461		240 	 129.366793305 	 102.392774636 	 1 	 0 	 1 	 -1 
219.909		246.587 	 60.0098911112 	 -165.680823089 	 1 	 0 	 1 	 0 
224.195		253.004 	 243.222334972 	 -56.4389462761 	 1 	 0 	 1 	 1 
231.16		259.107 	 219.314781059 	 106.11075729 	 1 	 0 	 1 	 -1 
240.57		264.791 	 57.3086621988 	 -55.0092734498 	 1 	 0 	 1 	 -1 
252.146		270 	 279.969337449 	 70.717131193 	 1 	 0 	 1 	 -1 
240.57		275.209 	 132.848433558 	 111.005781539 	 1 	 0 	 1 	 0 
231.16		280.893 	 285.487623898 	 150.305800687 	 0 	 1 	 1 	 -1 
224.195		286.996 	 227.307902227 	 120.935647414 	 0 	 1 	 1 	 0 
219.909		293.413 	 102.266805977 	 164.209640136 	 0 	 1 	 1 	 1 
218.461		300 	 65.8448966751 	 -52.9181795253 	 1 	 0 	 1 	 -1 
219.909		306.587 	 205.412742175 	 -106.136543084 	 0 	 1 	 1 	 -1 
224.196		313.004 	 95.5193619377 	 -114.746764021 	 0 	 1 	 1 	 -1 
231.161		319.107 	 224.380991138 	 38.4023203069 	 1 	 0 	 1 	 -1 
240.57		324.791 	 175.386816491 	 -172.548696677 	 1 	 0 	 1 	 1 
252.146		330 	 56.4575820638 	 -60.3267181926 	 0 	 1 	 1 	 -1 
265.601		334.715 	 177.790992167 	 -18.2191509752 	 1 	 0 	 1 	 1 
255.886		339.826 	 0.677841608229 	 -152.675908119 	 0 	 1 	 1 	 0 
248.348		345.295 	 192.244753779 	 92.4098781294 	 1 	 0 	 1 	 0 
243.191		351.052 	 19.3538514751 	 122.965176292 	 1 	 0 	 1 	 0 
240.57		356.996 	 89.8795604465 	 -8.80340186751 	 0 	 1 	 1 	 -1 
240.57		3.00449 	 207.695944541 	 -172.445483725 	 1 	 0 	 1 	 -1 
243.191		8.94827 	 69.8949992162 	 31.8436271945 	 1 	 0 	 1 	 1 
248.348		14.7047 	 257.049967656 	 -18.9255359227 	 1 	 0 	 1 	 1 
255.886		20.1736 	 70.4617532166 	 12.6086707142 	 1 	 0 	 1 	 0 
265.601		25.285 	 167.362169514 	 -9.6397275807 	 0 	 1 	 1 	 1 
277.258		30 	 92.4197354928 	 -1.32580000828 	 1 	 0 	 1 	 1 
265.601		34.715 	 48.2687807441 	 22.4833449279 	 0 	 1 	 1 	 0 
255.887		39.8264 	 237.886258514 	 8.19741676243 	 0 	 1 	 1 	 -1 
248.348		45.2953 	 120.4982795 	 -175.433363322 	 0 	 1 	 1 	 0 
243.191		51.0517 	 177.219264114 	 88.6782953719 	 0 	 1 	 1 	 0 
240.57		56.9955 	 204.451195905 	 -107.763039396 	 0 	 1 	 1 	 -1 
240.57		63.0045 	 13.3287952363 	 56.2817221079 	 0 	 1 	 1 	 1 
243.191		68.9483 	 93.8831349377 	 -5.7879771909 	 1 	 0 	 1 	 -1 
248.348		74.7047 	 187.11690671 	 35.2254669357 	 1 	 0 	 1 	 -1 
255.887		80.1736 	 93.3017397166 	 -37.2439456631 	 0 	 1 	 1 	 -1 
265.601		85.285 	 68.1519880018 	 -55.5904777298 	 0 	 1 	 1 	 1 
277.257		90 	 159.490165489 	 135.297211344 	 1 	 0 	 1 	 1 
265.601		94.715 	 111.590785688 	 75.9419979299 	 1 	 0 	 1 	 -1 
255.887		99.8264 	 89.6059469445 	 -97.4842850906 	 0 	 1 	 1 	 0 
248.348		105.295 	 312.543026559 	 115.587954577 	 0 	 1 	 1 	 1 
243.191		111.052 	 217.518962691 	 160.210320381 	 0 	 1 	 1 	 0 
240.57		116.996 	 170.253321361 	 -113.051470904 	 1 	 0 	 1 	 1 
240.57		123.005 	 125.283749098 	 154.008356023 	 1 	 0 	 1 	 1 
243.191		128.948 	 76.4004123319 	 -38.9128751569 	 1 	 0 	 1 	 -1 
248.348		134.705 	 218.283071229 	 -6.46372246506 	 0 	 1 	 1 	 1 
255.887		140.174 	 214.123221687 	 -125.020042753 	 1 	 0 	 1 	 -1 
265.6		145.285 	 291.81699523 	 170.248321485 	 1 	 0 	 1 	 -1 
277.257		150 	 274.852413278 	 6.52339742344 	 1 	 0 	 1 	 0 
265.601		154.715 	 201.084204595 	 -41.5868097836 	 1 	 0 	 1 	 -1 
255.886		159.826 	 241.941646707 	 -48.6249947422 	 1 	 0 	 1 	 1 
248.348		165.295 	 8.2449326496 	 -159.812190114 	 0 	 1 	 1 	 -1 
243.191		171.052 	 174.129791928 	 44.238333278 	 0 	 1 	 1 	 1 
240.57		176.996 	 122.507408273 	 173.354064433 	 1 	 0 	 1 	 0 
240.57		183.005 	 268.186302067 	 -5.14016686167 	 1 	 0 	 1 	 -1 
243.191		188.948 	 208.203444594 	 -145.299390885 	 0 	 1 	 1 	 -1 
248.348		194.705 	 20.6532836623 	 -17.2841384455 	 0 	 1 	 1 	 1 
255.886		200.174 	 264.211644044 	 152.245070945 	 0 	 1 	 1 	 0 
265.601		205.285 	 146.688054823 	 39.4040642718 	 0 	 1 	 1 	 0 
277.258		210 	 282.12669167 	 172.745635036 	 0 	 1 	 1 	 -1 
265.6		214.715 	 40.3447482176 	 -82.2579368458 	 1 	 0 	 1 	 1 
255.887		219.826 	 88.6332521576 	 -79.140396215 	 1 	 0 	 1 	 1 
248.348		225.295 	 191.826202464 	 123.999196117 	 0 	 1 	 1 	 1 
243.191		231.052 	 96.6915522442 	 10.9188732302 	 1 	 0 	 1 	 -1 
240.57		236.995 	 151.748612796 	 39.9002729271 	 1 	 0 	 1 	 -1 
240.57		243.004 	 287.774800338 	 52.4735877817 	 0 	 1 	 1 	 -1 
243.19		248.948 	 318.833574948 	 142.469022087 	 0 	 1 	 1 	 -1 
248.348		254.705 	 4.15208263449 	 -131.829299726 	 0 	 1 	 1 	 1 
255.886		260.174 	 165.490175097 	 156.782403991 	 1 	 0 	 1 	 -1 
265.601		265.285 	 82.2285510941 	 53.889507831 	 1 	 0 	 1 	 0 
277.258		270 	 289.635707307 	 40.6525458897 	 1 	 0 	 1 	 -1 
265.601		274.715 	 64.0625313858 	 -96.0958421008 	 0 	 1 	 1 	 1 
255.886		279.826 	 226.22892352 	 -139.406429127 	 1 	 0 	 1 	 1 
248.348		285.295 	 79.053047235 	 -141.114757259 	 0 	 1 	 1 	 0 
243.19		291.052 	 10.2095993931 	 -77.2309509113 	 0 	 1 	 1 	 1 
240.57		296.996 	 202.842083352 	 132.032158706 	 1 	 0 	 1 	 1 
240.57		303.004 	 228.788350857 	 130.026284026 	 0 	 1 	 1 	 1 
243.191		308.948 	 148.677657993 	 -0.574737151142 	 0 	 1 	 1 	 1 
248.348		314.705 	 306.946463733 	 -175.81905641 	 0 	 1 	 1 	 0 
255.886		320.174 	 277.022017733 	 -30.3416090928 	 1 	 0 	 1 	 1 
265.6		325.285 	 31.5329366777 	 35.4086796026 	 1 	 0 	 1 	 -1 
277.258		330 	 264.871447248 	 -53.011498112 	 1 	 0 	 1 	 1 
290.619		334.307 	 252.3575963 	 -21.9420880748 	 1 	 0 	 1 	 -1 
280.659		338.948 	 2.05401991479 	 136.507114963 	 0 	 1 	 1 	 -1 
272.656		343.898 	 194.093113944 	 70.541496676 	 1 	 0 	 1 	 1 
266.79		349.107 	 53.7771644635 	 -113.865935999 	 1 	 0 	 1 	 -1 
263.206		354.504 	 107.742107768 	 -136.021086528 	 0 	 1 	 1 	 1 
262.001		0 	 226.031395236 	 -116.232105125 	 1 	 0 	 1 	 0 
263.206		5.49637 	 225.299576634 	 127.328559303 	 1 	 0 	 1 	 1 
266.79		10.8934 	 153.149610602 	 149.57873753 	 1 	 0 	 1 	 -1 
272.656		16.1021 	 82.1301279749 	 -129.704633972 	 1 	 0 	 1 	 -1 
280.659		21.0517 	 121.393376979 	 -68.8057520515 	 1 	 0 	 1 	 -1 
290.619		25.6934 	 11.5205492784 	 118.058883658 	 1 	 0 	 1 	 1 
302.34		30 	 240.869413673 	 -55.6380605561 	 1 	 0 	 1 	 1 
290.619		34.3066 	 275.942045579 	 -68.2494338578 	 1 	 0 	 1 	 1 
280.659		38.9483 	 205.96489154 	 68.8566194406 	 1 	 0 	 1 	 1 
272.656		43.8979 	 278.664414681 	 164.078011083 	 0 	 1 	 1 	 1 
266.789		49.1066 	 172.767589686 	 -55.3764507751 	 0 	 1 	 1 	 0 
263.206		54.5036 	 150.343748683 	 -78.0746744186 	 0 	 1 	 1 	 1 
262.001		60 	 39.3934639105 	 52.4646940567 	 1 	 0 	 1 	 -1 
263.206		65.4964 	 51.6771539358 	 -165.245350507 	 0 	 1 	 1 	 0 
266.79		70.8934 	 291.88365786 	 173.645838785 	 0 	 1 	 1 	 0 
272.656		76.1021 	 289.431315672 	 -158.838139348 	 0 	 1 	 1 	 -1 
280.659		81.0517 	 292.010924575 	 -22.2157757804 	 1 	 0 	 1 	 -1 
290.619		85.6934 	 163.055808963 	 78.1971666706 	 1 	 0 	 1 	 -1 
302.34		90 	 241.422755412 	 163.724878536 	 1 	 0 	 1 	 -1 
290.619		94.3066 	 9.51867024988 	 -173.987025876 	 1 	 0 	 1 	 1 
280.659		98.9483 	 110.957643825 	 -33.8068141147 	 0 	 1 	 1 	 1 
272.655		103.898 	 135.021045866 	 65.0737996338 	 1 	 0 	 1 	 -1 
266.79		109.107 	 194.443223728 	 49.2045849462 	 0 	 1 	 1 	 -1 
263.206		114.504 	 60.558778325 	 -48.5806549398 	 1 	 0 	 1 	 -1 
262		120 	 111.860813157 	 157.367767602 	 1 	 0 	 1 	 0 
263.206		125.496 	 38.1355786664 	 -51.8331741341 	 0 	 1 	 1 	 0 
266.79		130.893 	 16.3103522111 	 146.232186627 	 0 	 1 	 1 	 0 
272.655		136.102 	 21.7407204851 	 89.9100475482 	 0 	 1 	 1 	 1 
280.659		141.052 	 85.6338501934 	 -148.763365279 	 0 	 1 	 1 	 -1 
290.619		145.693 	 151.323697026 	 119.0540895 	 0 	 1 	 1 	 -1 
302.34		150 	 125.381694972 	 -179.454012128 	 0 	 1 	 1 	 -1 
290.619		154.307 	 157.547008445 	 63.3286238524 	 1 	 0 	 1 	 -1 
280.659		158.948 	 224.829397009 	 -124.348488726 	 1 	 0 	 1 	 -1 
272.656		163.898 	 147.415034638 	 -144.221449705 	 0 	 1 	 1 	 -1 
266.789		169.107 	 287.946859049 	 45.7038838729 	 0 	 1 	 1 	 -1 
263.206		174.504 	 132.222960592 	 39.4240783854 	 1 	 0 	 1 	 0 
262.001		180 	 70.0516167913 	 158.632963511 	 1 	 0 	 1 	 0 
263.206		185.496 	 221.956168797 	 -73.751777038 	 1 	 0 	 1 	 1 
266.789		190.893 	 191.195896631 	 -100.110882086 	 0 	 1 	 1 	 -1 
272.656		196.102 	 24.6635146373 	 -35.0371484757 	 1 	 0 	 1 	 1 
280.659		201.052 	 306.448532855 	 -72.4295366439 	 0 	 1 	 1 	 0 
290.619		205.693 	 179.458609561 	 72.8418506303 	 1 	 0 	 1 	 -1 
302.34		210 	 87.3458777458 	 6.3330264075 	 1 	 0 	 1 	 1 
290.619		214.307 	 216.248153345 	 164.556659495 	 0 	 1 	 1 	 0 
280.658		218.948 	 283.852831681 	 -145.916371796 	 1 	 0 	 1 	 -1 
272.656		223.898 	 42.8267397787 	 128.316722001 	 1 	 0 	 1 	 0 
266.79		229.107 	 127.730734253 	 -166.48956467 	 1 	 0 	 1 	 -1 
263.206		234.504 	 83.0175746461 	 -103.669762985 	 0 	 1 	 1 	 1 
262		240 	 255.538247128 	 -3.50373019059 	 1 	 0 	 1 	 0 
263.206		245.496 	 125.661908713 	 165.722508923 	 0 	 1 	 1 	 1 
266.789		250.893 	 252.614338625 	 -116.276909218 	 1 	 0 	 1 	 -1 
272.656		256.102 	 188.761347085 	 112.650370737 	 1 	 0 	 1 	 0 
280.659		261.052 	 64.1110240451 	 -59.2826933032 	 1 	 0 	 1 	 1 
290.62		265.693 	 164.397747633 	 -126.460851554 	 1 	 0 	 1 	 -1 
302.34		270 	 267.938752593 	 -35.7295174646 	 1 	 0 	 1 	 1 
290.62		274.307 	 264.707751227 	 84.4325554579 	 0 	 1 	 1 	 1 
280.659		278.948 	 114.868170298 	 55.6119146605 	 1 	 0 	 1 	 1 
272.656		283.898 	 242.881441104 	 53.636288153 	 1 	 0 	 1 	 -1 
266.789		289.107 	 312.233017134 	 135.926242896 	 0 	 1 	 1 	 -1 
263.206		294.504 	 254.837283323 	 136.964681724 	 0 	 1 	 1 	 1 
262		300 	 251.171857193 	 -135.273775523 	 0 	 1 	 1 	 1 
263.206		305.496 	 27.3988526246 	 -25.8355209515 	 1 	 0 	 1 	 -1 
266.79		310.893 	 92.9142806248 	 -83.7838010691 	 1 	 0 	 1 	 -1 
272.656		316.102 	 219.03304583 	 -138.141384678 	 1 	 0 	 1 	 1 
280.659		321.052 	 102.233340326 	 -70.5775598022 	 0 	 1 	 1 	 0 
290.619		325.693 	 105.083393971 	 -171.021317107 	 1 	 0 	 1 	 1 
302.34		330 	 234.547063433 	 -103.592882864 	 0 	 1 	 1 	 1 
315.62		333.963 	 56.7794619695 	 1.15378346449 	 0 	 1 	 1 	 -1 
305.457		338.213 	 164.356632007 	 -30.6340327717 	 1 	 0 	 1 	 0 
297.071		342.731 	 64.2203683417 	 -45.9985479916 	 1 	 0 	 1 	 -1 
290.619		347.48 	 63.3720043557 	 22.5821234425 	 0 	 1 	 1 	 1 
286.236		352.411 	 13.8571125549 	 31.4114363831 	 1 	 0 	 1 	 1 
284.018		357.457 	 54.9258052122 	 115.964149225 	 1 	 0 	 1 	 -1 
284.018		2.54292 	 52.1420720941 	 64.6511170879 	 0 	 1 	 1 	 1 
286.236		7.58909 	 169.577893699 	 -51.3885018969 	 1 	 0 	 1 	 -1 
290.619		12.5198 	 184.125431356 	 31.275059172 	 0 	 1 	 1 	 1 
297.071		17.2695 	 250.23176504 	 84.2040470464 	 0 	 1 	 1 	 -1 
305.457		21.7868 	 171.157534947 	 -60.5315673477 	 1 	 0 	 1 	 0 
315.62		26.0368 	 180.013431551 	 129.677058991 	 1 	 0 	 1 	 -1 
327.39		30 	 292.11291803 	 -134.299839507 	 0 	 1 	 1 	 0 
305.457		38.2132 	 50.2274786875 	 -151.408090346 	 1 	 0 	 1 	 -1 
297.071		42.7305 	 14.7348303816 	 -70.109898238 	 0 	 1 	 1 	 -1 
290.619		47.4802 	 211.623272991 	 -147.688540457 	 1 	 0 	 1 	 -1 
286.236		52.4109 	 1.00992128209 	 105.942424251 	 0 	 1 	 1 	 1 
284.018		57.4571 	 225.033801604 	 134.705906499 	 0 	 1 	 1 	 -1 
284.018		62.5429 	 10.8782698614 	 -161.019809591 	 1 	 0 	 1 	 0 
286.236		67.5891 	 69.0081350117 	 3.61229191758 	 0 	 1 	 1 	 0 
290.619		72.5198 	 84.5800855358 	 -39.0018003346 	 0 	 1 	 1 	 -1 
297.071		77.2695 	 91.548255375 	 -20.6187874415 	 1 	 0 	 1 	 0 
305.457		81.7868 	 105.921611798 	 -107.897258267 	 0 	 1 	 1 	 0 
315.62		86.0368 	 254.216035638 	 -141.313474509 	 1 	 0 	 1 	 -1 
327.39		90 	 226.544797328 	 24.2401918263 	 1 	 0 	 1 	 -1 
315.62		93.9632 	 155.420217747 	 -54.4200248142 	 1 	 0 	 1 	 -1 
305.457		98.2132 	 261.161994843 	 26.0703643915 	 1 	 0 	 1 	 -1 
297.071		102.731 	 34.3368094191 	 3.62779752264 	 1 	 0 	 1 	 -1 
290.619		107.48 	 45.4686306156 	 149.05253583 	 0 	 1 	 1 	 1 
286.236		112.411 	 154.959828895 	 -14.7616201456 	 0 	 1 	 1 	 -1 
284.018		117.457 	 293.643953654 	 -44.6404318813 	 1 	 0 	 1 	 0 
284.018		122.543 	 195.342679522 	 -56.335883889 	 0 	 1 	 1 	 -1 
286.236		127.589 	 238.91854791 	 49.2407706536 	 0 	 1 	 1 	 -1 
290.62		132.52 	 62.9031160734 	 -92.3831214155 	 0 	 1 	 1 	 1 
297.071		137.269 	 185.208216609 	 51.8942102335 	 1 	 0 	 1 	 -1 
305.457		141.787 	 297.010564403 	 -137.591031872 	 0 	 1 	 1 	 0 
315.62		146.037 	 233.86337494 	 91.8806496999 	 0 	 1 	 1 	 -1 
327.39		150 	 243.829593847 	 -49.1393664331 	 1 	 0 	 1 	 -1 
315.619		153.963 	 80.789120635 	 -71.8575315437 	 0 	 1 	 1 	 0 
305.457		158.213 	 322.251409013 	 135.852115256 	 0 	 1 	 1 	 1 
297.071		162.731 	 206.615067024 	 -69.7680321585 	 0 	 1 	 1 	 -1 
290.62		167.48 	 9.80765353472 	 147.750699956 	 1 	 0 	 1 	 0 
286.236		172.411 	 158.423957106 	 -130.088922941 	 0 	 1 	 1 	 0 
284.019		177.457 	 216.976971595 	 86.6913958908 	 0 	 1 	 1 	 1 
284.019		182.543 	 28.8824189472 	 150.957348316 	 1 	 0 	 1 	 0 
286.236		187.589 	 96.3277103324 	 153.34731222 	 0 	 1 	 1 	 0 
290.62		192.52 	 188.67406992 	 -152.440560052 	 0 	 1 	 1 	 0 
297.071		197.269 	 39.3042540037 	 -49.3359776037 	 0 	 1 	 1 	 -1 
305.457		201.787 	 222.720882929 	 12.3308585574 	 0 	 1 	 1 	 0 
315.62		206.037 	 291.509205111 	 141.842995848 	 1 	 0 	 1 	 0 
327.39		210 	 201.719132587 	 129.69927315 	 0 	 1 	 1 	 -1 
315.62		213.963 	 130.617875646 	 -5.16267822834 	 1 	 0 	 1 	 1 
305.457		218.213 	 237.557265666 	 -57.2185145721 	 0 	 1 	 1 	 1 
297.071		222.731 	 292.524968168 	 101.433341559 	 0 	 1 	 1 	 0 
290.619		227.48 	 219.185114455 	 -127.346342569 	 1 	 0 	 1 	 -1 
286.236		232.411 	 63.1796499538 	 -100.530268832 	 1 	 0 	 1 	 -1 
284.018		237.457 	 206.42456641 	 86.502587898 	 0 	 1 	 1 	 1 
284.019		242.543 	 207.253302974 	 -167.391745764 	 0 	 1 	 1 	 -1 
286.236		247.589 	 273.354383114 	 31.3280471702 	 1 	 0 	 1 	 -1 
290.62		252.52 	 173.602475346 	 95.0924935631 	 0 	 1 	 1 	 1 
297.071		257.269 	 196.382073467 	 -22.2979440414 	 0 	 1 	 1 	 1 
305.457		261.787 	 252.60635746 	 157.713053415 	 1 	 0 	 1 	 0 
315.62		266.037 	 156.114915477 	 -147.764523952 	 0 	 1 	 1 	 0 
327.39		270 	 296.660400528 	 69.9967228752 	 1 	 0 	 1 	 -1 
315.62		273.963 	 38.8386922668 	 -57.9085108407 	 1 	 0 	 1 	 0 
305.457		278.213 	 75.4942979216 	 179.208938449 	 0 	 1 	 1 	 0 
297.071		282.731 	 129.358609516 	 27.5901620594 	 0 	 1 	 1 	 0 
290.62		287.48 	 117.056283927 	 -53.6001577381 	 1 	 0 	 1 	 -1 
286.236		292.411 	 30.2270856647 	 95.3454852789 	 0 	 1 	 1 	 1 
284.019		297.457 	 257.676644114 	 172.702273761 	 0 	 1 	 1 	 1 
284.018		302.543 	 194.925836707 	 -36.5251534479 	 0 	 1 	 1 	 1 
286.236		307.589 	 235.127854288 	 165.802506378 	 1 	 0 	 1 	 1 
290.619		312.52 	 3.73383872684 	 -171.699935385 	 1 	 0 	 1 	 0 
297.071		317.269 	 165.756786911 	 46.9148248827 	 0 	 1 	 1 	 0 
305.457		321.787 	 61.2946458795 	 151.692771182 	 0 	 1 	 1 	 1 
327.39		330 	 278.820362488 	 27.1461675654 	 0 	 1 	 1 	 -1 
340.597		333.67 	 36.1089741912 	 -150.352309732 	 1 	 0 	 1 	 -1 
330.266		337.589 	 315.719418814 	 -8.49194316287 	 1 	 0 	 1 	 0 
321.56		341.742 	 247.933558606 	 41.9965155292 	 1 	 0 	 1 	 -1 
314.619		346.102 	 109.03780058 	 95.4784482225 	 1 	 0 	 1 	 -1 
309.563		350.633 	 106.887632435 	 -138.098771914 	 0 	 1 	 1 	 1 
306.489		355.285 	 313.844392744 	 -29.873072626 	 1 	 0 	 1 	 -1 
305.457		0 	 109.806122979 	 179.946712959 	 1 	 0 	 1 	 0 
306.489		4.715 	 256.740769483 	 66.0133224043 	 1 	 0 	 1 	 0 
309.563		9.367 	 71.2899634929 	 -168.401034523 	 0 	 1 	 1 	 0 
314.619		13.8979 	 216.341813143 	 177.797528295 	 0 	 1 	 1 	 -1 
321.56		18.2585 	 180.650549032 	 -159.376066277 	 0 	 1 	 1 	 -1 
330.266		22.4109 	 58.7423176021 	 -61.5632014816 	 1 	 0 	 1 	 -1 
340.597		26.3295 	 162.669374277 	 -48.6087662216 	 1 	 0 	 1 	 -1 
352.406		30 	 44.2660113948 	 178.184049302 	 1 	 0 	 1 	 -1 
340.597		33.6705 	 52.3912882111 	 -24.6897514201 	 1 	 0 	 1 	 -1 
330.266		37.5891 	 25.0370585718 	 36.8165990436 	 0 	 1 	 1 	 -1 
321.56		41.7415 	 151.238741761 	 114.239205555 	 1 	 0 	 1 	 -1 
314.619		46.1021 	 160.263964773 	 29.0914516839 	 0 	 1 	 1 	 1 
309.563		50.633 	 118.407737808 	 121.663348155 	 0 	 1 	 1 	 1 
306.489		55.285 	 157.150282092 	 -145.136347269 	 1 	 0 	 1 	 1 
305.457		60 	 231.841492487 	 50.3435690338 	 0 	 1 	 1 	 1 
306.489		64.715 	 77.9830283026 	 -163.831486134 	 1 	 0 	 1 	 1 
309.563		69.367 	 31.9857906663 	 171.582866471 	 1 	 0 	 1 	 1 
314.619		73.8979 	 164.261286736 	 -152.671958683 	 1 	 0 	 1 	 -1 
321.56		78.2585 	 242.737283057 	 -67.1694054838 	 0 	 1 	 1 	 0 
330.266		82.4109 	 205.766852492 	 20.1931878807 	 1 	 0 	 1 	 -1 
340.597		86.3295 	 74.6577912282 	 68.3496718594 	 1 	 0 	 1 	 0 
352.406		90 	 10.4883388693 	 24.7312798735 	 0 	 1 	 1 	 0 
340.597		93.6705 	 45.7176683397 	 129.03095008 	 0 	 1 	 1 	 -1 
330.266		97.5891 	 52.4178930315 	 -86.7777702046 	 1 	 0 	 1 	 1 
321.56		101.742 	 100.72947825 	 176.541127519 	 0 	 1 	 1 	 0 
314.619		106.102 	 3.75843691947 	 160.781087087 	 1 	 0 	 1 	 -1 
309.563		110.633 	 66.0498932669 	 89.9188990976 	 1 	 0 	 1 	 0 
306.489		115.285 	 128.962966976 	 -96.3801995348 	 0 	 1 	 1 	 -1 
305.457		120 	 164.702535806 	 -158.440072797 	 1 	 0 	 1 	 1 
306.489		124.715 	 75.669292058 	 139.362919343 	 1 	 0 	 1 	 0 
309.563		129.367 	 179.175812054 	 4.41895732683 	 1 	 0 	 1 	 0 
314.619		133.898 	 111.2272906 	 93.083904005 	 1 	 0 	 1 	 0 
321.56		138.258 	 141.25018501 	 11.0158361997 	 0 	 1 	 1 	 1 
330.266		142.411 	 150.453562561 	 132.538059317 	 1 	 0 	 1 	 0 
340.597		146.329 	 115.062174581 	 165.943876199 	 0 	 1 	 1 	 -1 
352.406		150 	 228.43221277 	 155.810977995 	 0 	 1 	 1 	 0 
340.597		153.671 	 277.52771041 	 131.743254249 	 1 	 0 	 1 	 1 
330.266		157.589 	 303.400372142 	 -28.2891272396 	 1 	 0 	 1 	 -1 
321.561		161.742 	 155.765853762 	 -31.772753702 	 0 	 1 	 1 	 0 
314.618		166.102 	 108.00550988 	 116.91442443 	 0 	 1 	 1 	 0 
309.563		170.633 	 116.237496571 	 120.227016149 	 0 	 1 	 1 	 1 
306.488		175.285 	 257.928520748 	 96.1921849791 	 0 	 1 	 1 	 1 
305.457		180 	 61.0800800345 	 135.034136431 	 0 	 1 	 1 	 0 
306.488		184.715 	 207.849493052 	 -82.2655732835 	 1 	 0 	 1 	 1 
309.563		189.367 	 244.317605617 	 -17.9629785662 	 0 	 1 	 1 	 1 
314.618		193.898 	 199.756892277 	 165.220804068 	 1 	 0 	 1 	 1 
321.561		198.258 	 85.2807824499 	 -67.0427026575 	 1 	 0 	 1 	 -1 
330.266		202.411 	 63.2756900496 	 109.575028043 	 1 	 0 	 1 	 -1 
340.597		206.329 	 73.9304222467 	 -133.968659075 	 0 	 1 	 1 	 1 
352.406		210 	 181.566699732 	 -60.9221523522 	 0 	 1 	 1 	 0 
330.266		217.589 	 1.58905066255 	 81.0238047079 	 1 	 0 	 1 	 1 
321.56		221.742 	 205.925721495 	 -13.2842994219 	 0 	 1 	 1 	 0 
314.619		226.102 	 284.940805416 	 -79.9860105437 	 1 	 0 	 1 	 -1 
309.563		230.633 	 230.933428724 	 102.981384774 	 0 	 1 	 1 	 0 
306.489		235.285 	 234.669039589 	 -120.838245993 	 0 	 1 	 1 	 -1 
305.456		240 	 275.098021236 	 -156.97692062 	 0 	 1 	 1 	 1 
306.488		244.715 	 205.174924624 	 72.2811173801 	 1 	 0 	 1 	 0 
309.563		249.367 	 168.517131939 	 52.9459338279 	 0 	 1 	 1 	 1 
314.619		253.898 	 314.763658469 	 162.166378285 	 0 	 1 	 1 	 -1 
321.56		258.258 	 247.257962395 	 -68.1222682048 	 1 	 0 	 1 	 0 
330.266		262.411 	 81.9246386098 	 71.0356164734 	 0 	 1 	 1 	 1 
340.597		266.33 	 182.837613833 	 178.460975676 	 1 	 0 	 1 	 -1 
340.597		273.671 	 259.139789546 	 143.377029662 	 1 	 0 	 1 	 1 
330.266		277.589 	 218.576907948 	 100.182202685 	 1 	 0 	 1 	 -1 
321.56		281.742 	 145.252571763 	 131.679783145 	 1 	 0 	 1 	 -1 
314.619		286.102 	 285.57809085 	 93.092857213 	 1 	 0 	 1 	 0 
309.563		290.633 	 116.507072091 	 21.0536958027 	 0 	 1 	 1 	 -1 
306.488		295.285 	 147.896933918 	 -81.159701387 	 1 	 0 	 1 	 0 
305.457		300 	 290.467626379 	 84.1466379111 	 0 	 1 	 1 	 0 
306.489		304.715 	 85.0716840611 	 -25.9304762822 	 1 	 0 	 1 	 1 
309.563		309.367 	 19.4625285396 	 -119.632876928 	 1 	 0 	 1 	 1 
314.619		313.898 	 267.819890084 	 90.9423955514 	 1 	 0 	 1 	 -1 
321.56		318.258 	 203.440985924 	 -60.7783619666 	 0 	 1 	 1 	 1 
330.266		322.411 	 214.682191175 	 -55.669019695 	 1 	 0 	 1 	 1 
340.597		326.33 	 188.876662615 	 -77.181581964 	 1 	 0 	 1 	 0 
352.406		330 	 3.41928957753 	 161.489581043 	 1 	 0 	 1 	 0 
365.546		333.418 	 228.565465369 	 -8.30344655449 	 1 	 0 	 1 	 -1 
355.074		337.053 	 42.8256901528 	 78.4351208123 	 1 	 0 	 1 	 1 
346.099		340.893 	 284.524989741 	 -99.7114437857 	 1 	 0 	 1 	 0 
338.742		344.921 	 112.787762568 	 -68.2645583758 	 0 	 1 	 1 	 -1 
333.116		349.107 	 199.411353064 	 68.7913640609 	 1 	 0 	 1 	 1 
329.31		353.413 	 316.2496373 	 116.792036608 	 0 	 1 	 1 	 -1 
327.39		357.796 	 45.3521752435 	 106.380528202 	 1 	 0 	 1 	 1 
327.39		2.20423 	 64.5886121416 	 121.780606385 	 0 	 1 	 1 	 -1 
329.31		6.58678 	 259.922658898 	 122.181290233 	 0 	 1 	 1 	 1 
333.116		10.8934 	 94.7452575685 	 75.6884710836 	 1 	 0 	 1 	 1 
338.742		15.0791 	 54.4817307909 	 -3.65612233727 	 1 	 0 	 1 	 1 
346.099		19.1066 	 189.180748948 	 -10.7813653895 	 1 	 0 	 1 	 1 
355.074		22.9473 	 145.522045845 	 75.5691039575 	 1 	 0 	 1 	 1 
365.546		26.582 	 159.809077886 	 -4.61583188133 	 0 	 1 	 1 	 -1 
377.385		30 	 14.5655033383 	 63.9698683026 	 0 	 1 	 1 	 1 
365.546		33.418 	 247.418371452 	 -38.967159423 	 0 	 1 	 1 	 -1 
355.074		37.0527 	 105.540497156 	 -76.6879628998 	 0 	 1 	 1 	 1 
346.099		40.8934 	 228.53189843 	 63.7515927387 	 1 	 0 	 1 	 -1 
338.743		44.9209 	 311.240956969 	 9.40338389925 	 1 	 0 	 1 	 0 
333.116		49.1066 	 246.689956848 	 -80.1792662871 	 1 	 0 	 1 	 1 
329.31		53.4132 	 154.724427444 	 124.035844085 	 0 	 1 	 1 	 -1 
327.39		57.7958 	 100.202560165 	 -174.110510043 	 0 	 1 	 1 	 -1 
327.39		62.2042 	 185.194073062 	 -119.688361782 	 1 	 0 	 1 	 -1 
329.31		66.5868 	 72.4058298351 	 16.5692952308 	 1 	 0 	 1 	 0 
333.116		70.8934 	 176.365733782 	 91.6682612867 	 0 	 1 	 1 	 1 
338.742		75.0791 	 297.074475065 	 136.233775198 	 0 	 1 	 1 	 -1 
346.099		79.1066 	 281.50170037 	 -157.889001544 	 0 	 1 	 1 	 -1 
355.074		82.9473 	 281.447094684 	 -74.5944126562 	 1 	 0 	 1 	 -1 
