25.2587		30 	 12.0898442906 	 34.3506418745 	 1 	 1 	 1 	 0 
25.2587		90 	 14.4818570118 	 65.663660519 	 1 	 0 	 1 	 1 
25.2587		150 	 12.5824937302 	 -168.213539102 	 1 	 0 	 1 	 1 
25.2587		210 	 43.6036372007 	 -139.574254047 	 1 	 1 	 1 	 1 
25.2587		270 	 33.3768248598 	 -113.349597574 	 0 	 1 	 1 	 1 
43.7478		0 	 43.9061871303 	 -9.68438525807 	 1 	 1 	 1 	 -1 
50.5147		30 	 46.3732833697 	 39.2854034761 	 0 	 1 	 1 	 -1 
43.7478		60 	 35.8519994941 	 47.3322665317 	 1 	 0 	 1 	 1 
50.5147		90 	 64.6336638521 	 91.4773154352 	 0 	 0 	 1 	 1 
43.7478		120 	 42.9832461274 	 133.101883906 	 0 	 0 	 1 	 0 
50.5147		150 	 40.2031907754 	 173.155467506 	 1 	 1 	 1 	 0 
43.7478		180 	 52.1722626388 	 -172.547067088 	 1 	 1 	 1 	 0 
50.5147		210 	 69.4454115499 	 -148.773118159 	 1 	 0 	 1 	 -1 
43.7478		240 	 28.3815372121 	 -121.588422049 	 0 	 1 	 1 	 1 
43.7478		300 	 63.2453551153 	 -63.4828063895 	 0 	 1 	 1 	 1 
50.5148		330 	 58.1939053832 	 -40.9917662414 	 0 	 1 	 1 	 0 
66.8212		349.107 	 59.6476478978 	 1.40160017964 	 0 	 1 	 1 	 0 
66.8212		10.8934 	 66.8928373933 	 3.56188482322 	 0 	 1 	 1 	 0 
75.7654		30 	 81.2653021205 	 23.7059413855 	 0 	 0 	 1 	 0 
66.8212		49.1066 	 60.8414626256 	 33.3736285544 	 1 	 1 	 1 	 -1 
66.8212		70.8934 	 74.6966558908 	 69.3697490179 	 1 	 1 	 1 	 1 
75.7654		90 	 64.8254116514 	 90.9395169938 	 0 	 0 	 1 	 -1 
66.8212		109.107 	 75.3594734548 	 105.107856434 	 0 	 0 	 1 	 0 
66.8212		130.893 	 81.5678833783 	 127.032594104 	 0 	 1 	 1 	 -1 
75.7654		150 	 57.9542663317 	 154.753203664 	 1 	 0 	 1 	 1 
66.8212		169.107 	 63.8016995818 	 -176.81883488 	 0 	 0 	 1 	 1 
66.8212		190.893 	 82.9236017796 	 -169.786089375 	 1 	 0 	 1 	 -1 
66.8212		229.107 	 73.7097781881 	 -134.904378859 	 1 	 1 	 1 	 -1 
66.8212		250.893 	 75.8479175036 	 -108.270991048 	 0 	 1 	 1 	 1 
75.7654		270 	 84.1844090137 	 -80.330004015 	 1 	 1 	 1 	 0 
66.8212		289.107 	 54.1463721248 	 -81.6276724011 	 1 	 0 	 1 	 1 
66.8212		310.893 	 80.1313752566 	 -47.8978490855 	 1 	 0 	 1 	 1 
75.7654		330 	 85.7929775928 	 -37.6833450443 	 1 	 0 	 1 	 -1 
91.0523		343.898 	 79.5792203285 	 -13.23308497 	 1 	 1 	 1 	 1 
87.4818		0 	 98.4220701113 	 -1.11797351793 	 1 	 0 	 1 	 -1 
91.0523		16.1021 	 84.5549771968 	 2.74467402284 	 0 	 0 	 1 	 -1 
101.008		30 	 117.052304683 	 32.2676702443 	 1 	 0 	 1 	 1 
91.0523		43.8979 	 102.463399107 	 41.1372644371 	 0 	 1 	 1 	 -1 
87.4818		60 	 97.2289871762 	 55.8965579193 	 0 	 0 	 1 	 1 
91.0523		76.1021 	 98.1050987709 	 72.7818789506 	 0 	 1 	 1 	 1 
91.0523		103.898 	 76.541641418 	 109.405980566 	 0 	 1 	 1 	 1 
87.4818		120 	 79.1730603901 	 111.847408066 	 0 	 1 	 1 	 0 
91.0523		136.102 	 91.9688795546 	 122.589129132 	 0 	 1 	 1 	 1 
91.0523		163.898 	 98.6925871546 	 176.611481911 	 1 	 1 	 1 	 0 
87.4818		180 	 84.31810331 	 170.293157107 	 1 	 0 	 1 	 0 
91.0523		196.102 	 104.564444311 	 -164.206548362 	 0 	 1 	 1 	 1 
101.008		210 	 110.198241047 	 -150.203010904 	 0 	 1 	 1 	 0 
91.0523		223.898 	 109.375943575 	 -139.212786079 	 1 	 0 	 1 	 0 
87.4818		240 	 92.0365590054 	 -127.225978298 	 0 	 1 	 1 	 -1 
91.0523		256.102 	 70.7724155416 	 -106.763323796 	 1 	 0 	 1 	 1 
101.008		270 	 101.249628115 	 -100.600167149 	 1 	 1 	 1 	 0 
91.0523		283.898 	 89.3109734598 	 -84.2589043717 	 0 	 1 	 1 	 -1 
87.4817		300 	 80.7905407762 	 -51.8637102208 	 0 	 0 	 1 	 1 
91.0523		316.102 	 80.7666252767 	 -50.3425110736 	 1 	 1 	 1 	 1 
101.008		330 	 83.4798906183 	 -25.2167404971 	 0 	 1 	 1 	 -1 
115.709		340.893 	 124.935180109 	 -16.9968218633 	 0 	 0 	 1 	 1 
110.065		353.413 	 96.3314096167 	 -1.78783090877 	 1 	 0 	 1 	 1 
110.065		6.58677 	 101.844459748 	 17.0913731701 	 1 	 1 	 1 	 -1 
115.709		19.1066 	 105.460907138 	 14.8894919459 	 1 	 1 	 1 	 1 
126.24		30 	 136.243209904 	 30.9378820467 	 1 	 1 	 1 	 0 
115.709		40.8934 	 129.654500777 	 47.6498277054 	 1 	 0 	 1 	 -1 
110.065		53.4132 	 104.211048953 	 62.6197774346 	 0 	 0 	 1 	 1 
110.065		66.5868 	 108.177851929 	 58.5160727507 	 0 	 0 	 1 	 -1 
115.709		79.1066 	 123.343597785 	 77.40583092 	 1 	 0 	 1 	 1 
126.24		90 	 139.661490119 	 85.4656496788 	 0 	 1 	 1 	 0 
115.709		100.893 	 131.665811671 	 99.6354516353 	 0 	 0 	 1 	 0 
110.065		113.413 	 118.961269268 	 103.397539104 	 0 	 0 	 1 	 -1 
110.065		126.587 	 101.203925825 	 121.137592333 	 0 	 1 	 1 	 -1 
115.709		139.107 	 115.199304124 	 149.531419836 	 1 	 0 	 1 	 0 
126.24		150 	 136.951740973 	 148.614093623 	 1 	 1 	 1 	 -1 
115.709		160.893 	 107.955614886 	 154.661167415 	 1 	 0 	 1 	 0 
110.066		173.413 	 91.1759442696 	 170.785106471 	 0 	 1 	 1 	 1 
110.066		186.587 	 116.858330431 	 -168.548069351 	 1 	 1 	 1 	 0 
115.709		199.107 	 123.710798342 	 -168.75888072 	 1 	 1 	 1 	 -1 
126.24		210 	 132.843270032 	 -142.99631394 	 1 	 0 	 1 	 0 
115.709		220.893 	 119.367242933 	 -135.659050146 	 1 	 0 	 1 	 1 
110.065		233.413 	 126.153805239 	 -127.361962671 	 0 	 0 	 1 	 -1 
110.065		246.587 	 101.704374084 	 -113.688152068 	 1 	 1 	 1 	 0 
115.709		259.107 	 119.146182136 	 -96.2626686446 	 1 	 1 	 1 	 0 
126.24		270 	 115.305837428 	 -92.3888410774 	 1 	 1 	 1 	 0 
115.709		280.893 	 129.832692357 	 -80.8492034301 	 1 	 1 	 1 	 1 
110.065		293.413 	 106.666557175 	 -60.3081663467 	 0 	 0 	 1 	 -1 
110.065		306.587 	 122.564023487 	 -48.9514780001 	 0 	 0 	 1 	 -1 
115.709		319.107 	 117.512953909 	 -45.0863540976 	 1 	 1 	 1 	 0 
126.24		330 	 115.462301621 	 -32.4390972034 	 1 	 0 	 1 	 -1 
140.56		338.948 	 140.548077029 	 -15.9897596703 	 0 	 0 	 1 	 1 
133.593		349.107 	 143.469375353 	 -10.111978246 	 0 	 0 	 1 	 1 
131.188		0 	 133.942279094 	 -6.56199010729 	 1 	 1 	 1 	 1 
133.593		10.8934 	 112.228918414 	 8.99985858923 	 1 	 1 	 1 	 0 
140.56		21.0517 	 137.837192464 	 28.4831990644 	 1 	 0 	 1 	 0 
151.459		30 	 138.039868815 	 24.1131958424 	 0 	 1 	 1 	 -1 
140.56		38.9483 	 133.225625318 	 37.4378578431 	 1 	 1 	 1 	 0 
133.593		49.1066 	 140.723525527 	 48.0495668603 	 0 	 0 	 1 	 1 
131.188		60 	 126.927563085 	 53.4327365776 	 0 	 0 	 1 	 1 
133.593		70.8934 	 127.913943381 	 65.4442296965 	 1 	 1 	 1 	 -1 
140.56		81.0517 	 120.211006273 	 78.4913881938 	 1 	 1 	 1 	 -1 
151.459		90 	 134.119381424 	 89.4167785252 	 1 	 1 	 1 	 0 
140.56		98.9483 	 141.57137668 	 102.913862405 	 0 	 0 	 1 	 1 
133.593		109.107 	 152.789995735 	 108.109680388 	 1 	 0 	 1 	 0 
131.188		120 	 129.957224125 	 123.263907551 	 0 	 0 	 1 	 0 
133.593		130.893 	 130.038073126 	 136.879559191 	 0 	 1 	 1 	 1 
140.56		141.052 	 130.655615967 	 144.650902429 	 1 	 1 	 1 	 -1 
151.459		150 	 171.432608791 	 147.523199065 	 0 	 0 	 1 	 -1 
140.56		158.948 	 162.603460017 	 159.823216622 	 1 	 1 	 1 	 0 
133.593		169.107 	 124.250304727 	 174.103112281 	 0 	 1 	 1 	 1 
131.188		180 	 124.67563465 	 -177.097419813 	 0 	 0 	 1 	 1 
133.593		190.893 	 136.566265007 	 -165.117212112 	 1 	 1 	 1 	 1 
140.56		201.052 	 155.936494283 	 -159.096291052 	 0 	 1 	 1 	 -1 
151.459		210 	 147.043877595 	 -142.989087076 	 1 	 0 	 1 	 -1 
140.56		218.948 	 154.013709444 	 -135.935428267 	 0 	 1 	 1 	 -1 
133.593		229.107 	 131.673403919 	 -134.678492547 	 1 	 0 	 1 	 -1 
131.188		240 	 126.372498435 	 -114.693827792 	 0 	 0 	 1 	 0 
133.592		250.893 	 137.536717557 	 -111.757589197 	 0 	 1 	 1 	 0 
140.56		261.052 	 140.275837109 	 -104.306493374 	 1 	 1 	 1 	 0 
151.459		270 	 168.009534233 	 -93.3803418798 	 1 	 1 	 1 	 0 
140.56		278.948 	 126.65154146 	 -86.0864179618 	 1 	 1 	 1 	 1 
133.592		289.107 	 140.99484401 	 -64.9706452947 	 0 	 1 	 1 	 0 
131.188		300 	 148.663681837 	 -61.9419929284 	 0 	 1 	 1 	 0 
133.593		310.893 	 125.509750863 	 -40.0528453224 	 1 	 1 	 1 	 -1 
140.56		321.052 	 128.660322345 	 -40.5600173329 	 0 	 1 	 1 	 0 
151.459		330 	 135.947455744 	 -31.3321219284 	 1 	 1 	 1 	 0 
165.51		337.589 	 161.389931032 	 -25.3725534788 	 1 	 0 	 1 	 0 
157.635		346.102 	 152.710001678 	 -9.43598319451 	 0 	 0 	 1 	 0 
153.545		355.285 	 139.611027769 	 -8.84576334047 	 0 	 1 	 1 	 1 
153.545		4.715 	 150.406896188 	 7.74224791735 	 0 	 0 	 1 	 -1 
157.635		13.8979 	 151.343077705 	 16.6107474564 	 0 	 0 	 1 	 -1 
165.51		22.4109 	 167.20018051 	 15.9238466909 	 1 	 0 	 1 	 0 
176.661		30 	 189.386232708 	 25.8684384223 	 0 	 0 	 1 	 -1 
165.51		37.5891 	 177.480418831 	 35.1405054305 	 1 	 1 	 1 	 -1 
157.635		46.1021 	 168.810827432 	 49.8649621378 	 0 	 1 	 1 	 1 
153.545		55.285 	 172.390706838 	 54.7519096329 	 1 	 0 	 1 	 0 
153.545		64.715 	 137.771920468 	 63.3410074956 	 0 	 0 	 1 	 -1 
157.635		73.8979 	 173.626897362 	 78.220774826 	 1 	 1 	 1 	 0 
165.51		82.4109 	 160.302934515 	 85.7097718709 	 0 	 0 	 1 	 -1 
176.661		90 	 169.487283933 	 93.2304683239 	 0 	 1 	 1 	 1 
165.51		97.5891 	 173.204665059 	 99.1161750459 	 1 	 1 	 1 	 0 
157.635		106.102 	 167.628614047 	 102.248313226 	 0 	 0 	 1 	 -1 
153.545		115.285 	 139.038011431 	 115.930147003 	 0 	 1 	 1 	 1 
153.545		124.715 	 147.220226762 	 127.480403908 	 1 	 1 	 1 	 -1 
157.635		133.898 	 149.731618581 	 134.431685802 	 1 	 1 	 1 	 1 
165.51		142.411 	 180.570546725 	 146.447950618 	 0 	 1 	 1 	 1 
176.661		150 	 164.099301409 	 147.30579458 	 0 	 1 	 1 	 -1 
165.509		157.589 	 182.51103615 	 152.847026575 	 0 	 1 	 1 	 1 
157.635		166.102 	 174.556508939 	 165.056760274 	 0 	 0 	 1 	 1 
153.546		175.285 	 140.489635599 	 173.261978072 	 0 	 1 	 1 	 1 
153.546		184.715 	 169.293137982 	 -174.613034987 	 1 	 1 	 1 	 1 
157.635		193.898 	 140.158451405 	 -171.275799578 	 1 	 0 	 1 	 1 
165.509		202.411 	 176.661730695 	 -160.143870711 	 0 	 0 	 1 	 -1 
165.51		217.589 	 145.334324431 	 -141.102972108 	 0 	 0 	 1 	 1 
157.635		226.102 	 172.41965207 	 -130.86977912 	 0 	 0 	 1 	 0 
153.545		235.285 	 151.870490814 	 -118.410715514 	 0 	 0 	 1 	 1 
153.545		244.715 	 169.329397409 	 -116.647355163 	 0 	 0 	 1 	 1 
157.635		253.898 	 171.33618636 	 -102.430130049 	 1 	 0 	 1 	 1 
165.51		262.411 	 182.765538619 	 -98.8331274885 	 0 	 0 	 1 	 1 
176.661		270 	 185.708020306 	 -93.6662615415 	 0 	 1 	 1 	 0 
165.51		277.589 	 185.171373551 	 -79.3859293978 	 1 	 1 	 1 	 0 
157.635		286.102 	 175.963627932 	 -74.0130130648 	 1 	 0 	 1 	 1 
153.545		295.285 	 149.433150532 	 -58.2961845749 	 1 	 0 	 1 	 0 
153.545		304.715 	 146.922541746 	 -51.1237405481 	 0 	 1 	 1 	 -1 
157.635		313.898 	 168.713218832 	 -44.7907358217 	 1 	 0 	 1 	 0 
165.51		322.411 	 182.903669876 	 -33.0263905061 	 1 	 1 	 1 	 -1 
176.661		330 	 173.524861914 	 -24.5586814153 	 0 	 0 	 1 	 -1 
190.511		336.587 	 202.323602966 	 -21.8141056258 	 0 	 1 	 1 	 -1 
181.979		343.898 	 172.721993445 	 -14.0737069471 	 0 	 1 	 1 	 0 
176.661		351.787 	 194.315142789 	 -11.9368656563 	 1 	 0 	 1 	 0 
174.852		0 	 183.09827953 	 -0.662960825692 	 1 	 1 	 1 	 1 
176.661		8.21321 	 175.167464573 	 1.38541118419 	 0 	 0 	 1 	 0 
181.979		16.1021 	 184.782954116 	 12.2300604687 	 0 	 1 	 1 	 1 
190.511		23.4132 	 172.775488617 	 22.5188146762 	 1 	 0 	 1 	 1 
201.845		30 	 202.510996676 	 32.0982816874 	 1 	 1 	 1 	 -1 
181.979		43.8979 	 190.670571018 	 38.9401338345 	 0 	 1 	 1 	 -1 
176.661		51.7868 	 184.359041432 	 50.6665172306 	 1 	 1 	 1 	 1 
174.852		60 	 165.018335179 	 61.1317483527 	 1 	 0 	 1 	 -1 
176.661		68.2132 	 193.806485704 	 66.4759077158 	 0 	 1 	 1 	 0 
181.979		76.1021 	 174.98077344 	 76.9349083806 	 0 	 1 	 1 	 0 
190.511		83.4132 	 187.832896195 	 86.0814920358 	 0 	 0 	 1 	 0 
201.845		90 	 205.490650259 	 95.9175698538 	 1 	 1 	 1 	 1 
190.511		96.5868 	 186.130565477 	 91.6710158585 	 0 	 0 	 1 	 -1 
181.979		103.898 	 172.547092622 	 104.936099771 	 1 	 0 	 1 	 0 
176.661		111.787 	 190.421114403 	 107.552805592 	 1 	 1 	 1 	 -1 
174.852		120 	 178.37727946 	 122.462072976 	 0 	 1 	 1 	 0 
176.661		128.213 	 176.982846491 	 130.959537964 	 0 	 0 	 1 	 -1 
181.979		136.102 	 171.020231556 	 138.894878478 	 0 	 0 	 1 	 1 
190.51		143.413 	 190.678051082 	 146.083042508 	 1 	 1 	 1 	 1 
201.845		150 	 208.279493128 	 147.969434093 	 0 	 1 	 1 	 0 
190.511		156.587 	 190.46914715 	 153.005400809 	 1 	 1 	 1 	 -1 
181.979		163.898 	 189.128461241 	 162.756883426 	 1 	 0 	 1 	 1 
176.661		171.787 	 182.014230673 	 166.474475255 	 1 	 1 	 1 	 1 
174.852		180 	 181.420137103 	 176.640684723 	 0 	 0 	 1 	 -1 
176.661		188.213 	 196.049382793 	 -168.974152221 	 1 	 0 	 1 	 -1 
181.979		196.102 	 176.051943934 	 -169.601985581 	 1 	 0 	 1 	 1 
190.511		203.413 	 181.938599162 	 -153.638610322 	 1 	 1 	 1 	 1 
201.845		210 	 195.328056826 	 -147.381218996 	 0 	 1 	 1 	 0 
190.51		216.587 	 175.198759622 	 -141.266806066 	 0 	 0 	 1 	 1 
181.979		223.898 	 177.523266318 	 -139.943600527 	 0 	 0 	 1 	 -1 
176.661		231.787 	 171.320139331 	 -130.894384052 	 1 	 1 	 1 	 -1 
174.853		240 	 195.213955666 	 -119.849153209 	 1 	 0 	 1 	 0 
176.662		248.213 	 175.268051693 	 -118.129245265 	 1 	 1 	 1 	 1 
181.979		256.102 	 162.163323387 	 -100.98787326 	 1 	 0 	 1 	 -1 
190.511		263.413 	 206.635495737 	 -97.7840547017 	 0 	 1 	 1 	 1 
190.511		276.587 	 211.071212257 	 -85.8031139597 	 0 	 0 	 1 	 -1 
181.979		283.898 	 190.404876476 	 -80.453280956 	 0 	 1 	 1 	 -1 
176.662		291.787 	 156.693575888 	 -66.6307520434 	 1 	 1 	 1 	 1 
174.853		300 	 185.199662174 	 -60.0522854293 	 0 	 0 	 1 	 -1 
176.661		308.213 	 180.661888312 	 -57.8144422128 	 1 	 0 	 1 	 0 
181.979		316.102 	 185.840226508 	 -39.4347018008 	 1 	 1 	 1 	 -1 
190.511		323.413 	 197.287210765 	 -39.2710295722 	 0 	 0 	 1 	 1 
201.845		330 	 200.703683703 	 -33.7965145692 	 1 	 0 	 1 	 1 
215.536		335.818 	 222.883714512 	 -25.4099475136 	 0 	 1 	 1 	 1 
206.511		342.216 	 215.120610411 	 -13.9355297069 	 0 	 1 	 1 	 -1 
200.265		349.107 	 182.14066607 	 -12.8312996464 	 1 	 0 	 1 	 0 
197.068		356.329 	 197.930027299 	 -7.10499639463 	 0 	 1 	 1 	 0 
197.068		3.6705 	 203.459587108 	 -1.43029120712 	 0 	 1 	 1 	 1 
200.265		10.8934 	 222.219660201 	 11.7390713769 	 1 	 0 	 1 	 -1 
206.511		17.7836 	 221.484552243 	 14.0686600717 	 1 	 0 	 1 	 0 
215.536		24.1825 	 209.96544489 	 29.6015316095 	 1 	 0 	 1 	 0 
227.007		30 	 235.853075416 	 35.033436751 	 1 	 1 	 1 	 0 
215.536		35.8175 	 204.4492344 	 35.3833301604 	 1 	 0 	 1 	 0 
206.511		42.2164 	 214.551436961 	 43.8999602929 	 1 	 1 	 1 	 1 
200.265		49.1066 	 187.988385962 	 46.9786224256 	 0 	 0 	 1 	 1 
197.068		56.3295 	 196.30752096 	 50.1020203793 	 0 	 1 	 1 	 1 
197.068		63.6705 	 194.657562787 	 67.6661487793 	 0 	 0 	 1 	 1 
200.265		70.8934 	 197.417656492 	 73.0659582781 	 1 	 0 	 1 	 -1 
206.511		77.7836 	 214.645174377 	 79.6102566409 	 1 	 0 	 1 	 0 
215.536		84.1825 	 203.930189167 	 88.3869179533 	 0 	 0 	 1 	 1 
227.007		90 	 219.901374213 	 94.7388953994 	 1 	 0 	 1 	 -1 
215.536		95.8175 	 201.354968959 	 98.1474797137 	 0 	 1 	 1 	 0 
206.511		102.216 	 213.672967923 	 104.1508961 	 0 	 1 	 1 	 -1 
200.265		109.107 	 205.492343562 	 104.980460804 	 1 	 1 	 1 	 0 
197.068		116.33 	 191.020068279 	 110.384134726 	 1 	 1 	 1 	 -1 
197.068		123.671 	 214.79448014 	 126.00391701 	 0 	 0 	 1 	 -1 
200.265		130.893 	 194.019783732 	 129.475244288 	 1 	 0 	 1 	 1 
206.51		137.784 	 205.448216861 	 140.788121448 	 0 	 1 	 1 	 0 
215.536		144.182 	 218.053431058 	 147.761673645 	 0 	 0 	 1 	 1 
227.007		150 	 236.584663735 	 148.023583559 	 0 	 0 	 1 	 1 
215.536		155.818 	 200.516477058 	 155.443757572 	 1 	 1 	 1 	 0 
206.511		162.216 	 211.306682333 	 164.737442311 	 0 	 0 	 1 	 -1 
200.266		169.107 	 191.339293148 	 165.735502279 	 0 	 0 	 1 	 -1 
197.068		176.33 	 175.546215533 	 176.236193781 	 0 	 0 	 1 	 -1 
197.068		183.671 	 180.971275048 	 -176.598706325 	 1 	 0 	 1 	 0 
200.266		190.893 	 198.776573982 	 -171.369266741 	 0 	 0 	 1 	 -1 
206.511		197.784 	 226.926665605 	 -162.915801567 	 1 	 0 	 1 	 0 
215.536		204.182 	 233.190146664 	 -154.992504867 	 1 	 1 	 1 	 0 
227.007		210 	 235.698789584 	 -153.694580274 	 1 	 1 	 1 	 1 
215.536		215.818 	 207.806709729 	 -143.932753184 	 1 	 0 	 1 	 1 
206.51		222.216 	 223.589863864 	 -136.09865957 	 1 	 1 	 1 	 1 
200.265		229.107 	 208.370593649 	 -133.955636318 	 1 	 0 	 1 	 -1 
197.068		236.329 	 180.7272917 	 -126.330957085 	 1 	 0 	 1 	 -1 
197.068		243.671 	 189.931856878 	 -116.984143058 	 1 	 1 	 1 	 -1 
200.265		250.893 	 206.788696215 	 -107.394302282 	 1 	 1 	 1 	 0 
206.51		257.784 	 191.26313399 	 -106.321784297 	 1 	 1 	 1 	 0 
215.536		264.182 	 204.446462482 	 -93.3206368748 	 1 	 1 	 1 	 1 
227.007		270 	 233.106072588 	 -93.0220226597 	 0 	 1 	 1 	 1 
215.536		275.818 	 200.079977955 	 -81.8240301879 	 0 	 1 	 1 	 1 
206.51		282.216 	 202.837097137 	 -75.1913928839 	 1 	 0 	 1 	 0 
200.265		289.107 	 197.47939752 	 -66.8444860091 	 0 	 1 	 1 	 -1 
197.068		296.329 	 216.104317796 	 -65.3717152335 	 1 	 1 	 1 	 0 
197.068		303.67 	 179.672794847 	 -52.9930776793 	 1 	 1 	 1 	 1 
200.265		310.893 	 189.043466288 	 -54.0101932499 	 1 	 1 	 1 	 1 
206.511		317.784 	 197.283482518 	 -44.2284002253 	 1 	 1 	 1 	 -1 
227.008		330 	 221.004850539 	 -34.4414325475 	 0 	 0 	 1 	 0 
240.57		335.209 	 228.592221387 	 -29.2202530633 	 0 	 0 	 1 	 -1 
231.161		340.893 	 222.035586912 	 -17.4825830206 	 1 	 1 	 1 	 -1 
224.195		346.996 	 215.844830012 	 -8.63223060192 	 0 	 0 	 1 	 0 
219.909		353.413 	 219.920197244 	 -8.88150469831 	 0 	 0 	 1 	 1 
218.461		0 	 218.26194569 	 2.68787850302 	 0 	 0 	 1 	 0 
219.909		6.58678 	 223.129514995 	 9.03633427539 	 0 	 0 	 1 	 1 
224.195		13.0039 	 207.982864491 	 13.4108859018 	 1 	 0 	 1 	 0 
231.161		19.1066 	 223.166021073 	 19.7263969239 	 0 	 1 	 1 	 1 
240.57		24.7913 	 251.232616836 	 24.0646939493 	 0 	 1 	 1 	 1 
252.146		30 	 261.021204145 	 28.8807418241 	 1 	 0 	 1 	 1 
240.57		35.2087 	 246.299924412 	 39.6846239373 	 0 	 0 	 1 	 -1 
231.161		40.8934 	 223.981052557 	 39.728968589 	 1 	 1 	 1 	 -1 
224.195		46.9961 	 216.276245192 	 44.0425886657 	 1 	 0 	 1 	 1 
219.909		53.4132 	 237.039529249 	 52.1166524583 	 0 	 0 	 1 	 -1 
218.461		60 	 208.587964631 	 63.8631319262 	 1 	 1 	 1 	 1 
219.909		66.5868 	 233.906558658 	 65.1964820354 	 1 	 1 	 1 	 -1 
224.195		73.0039 	 225.631716059 	 70.3108294107 	 1 	 0 	 1 	 0 
231.161		79.1066 	 248.229587302 	 75.7619767369 	 1 	 1 	 1 	 1 
240.57		84.7913 	 243.210743628 	 82.017775451 	 0 	 0 	 1 	 0 
240.57		95.2087 	 258.011630871 	 95.1669993605 	 1 	 1 	 1 	 0 
231.161		100.893 	 232.885153187 	 103.58800309 	 0 	 1 	 1 	 1 
224.195		106.996 	 236.100988742 	 104.018579735 	 1 	 1 	 1 	 0 
219.909		113.413 	 222.044982211 	 109.794462402 	 0 	 1 	 1 	 1 
218.461		120 	 217.771554902 	 117.719791282 	 1 	 1 	 1 	 1 
219.909		126.587 	 228.188603869 	 127.140812173 	 1 	 1 	 1 	 1 
224.195		133.004 	 213.669140871 	 136.54950206 	 1 	 0 	 1 	 0 
231.161		139.107 	 233.636946547 	 143.655566519 	 1 	 1 	 1 	 -1 
252.146		150 	 242.102462189 	 153.299538688 	 1 	 1 	 1 	 -1 
240.57		155.209 	 226.549526054 	 152.066892609 	 0 	 1 	 1 	 1 
231.16		160.893 	 213.495595006 	 159.939266309 	 0 	 0 	 1 	 0 
224.196		166.996 	 210.065028417 	 167.588881908 	 0 	 0 	 1 	 1 
219.909		173.413 	 238.141355024 	 176.439028342 	 0 	 0 	 1 	 0 
218.461		180 	 198.981301565 	 -177.903600458 	 0 	 0 	 1 	 1 
219.909		186.587 	 202.132017838 	 -170.497485245 	 1 	 0 	 1 	 -1 
224.196		193.004 	 202.890854607 	 -167.678376064 	 0 	 0 	 1 	 -1 
231.16		199.107 	 213.294780196 	 -160.784561661 	 1 	 1 	 1 	 -1 
240.57		204.791 	 255.148666741 	 -154.554651372 	 1 	 0 	 1 	 1 
252.146		210 	 245.702143644 	 -152.828600382 	 1 	 0 	 1 	 -1 
240.57		215.209 	 232.104319416 	 -148.238198349 	 1 	 1 	 1 	 -1 
231.161		220.893 	 245.498446174 	 -137.288425155 	 0 	 0 	 1 	 1 
224.196		226.996 	 215.544197687 	 -137.511856117 	 1 	 1 	 1 	 -1 
219.909		233.413 	 212.309487544 	 -123.245014977 	 0 	 1 	 1 	 -1 
218.461		240 	 227.22722825 	 -121.982526931 	 0 	 0 	 1 	 1 
219.909		246.587 	 206.015278531 	 -114.118533936 	 1 	 1 	 1 	 0 
224.195		253.004 	 213.358136618 	 -108.315289512 	 1 	 0 	 1 	 1 
231.16		259.107 	 217.101618877 	 -101.451977554 	 1 	 0 	 1 	 -1 
240.57		264.791 	 258.330253835 	 -96.227252476 	 1 	 0 	 1 	 -1 
252.146		270 	 265.045561829 	 -92.9989541659 	 0 	 1 	 1 	 -1 
240.57		275.209 	 224.70671572 	 -83.4025369085 	 1 	 0 	 1 	 0 
231.16		280.893 	 238.642328716 	 -80.3663482607 	 0 	 1 	 1 	 0 
224.195		286.996 	 234.971862748 	 -73.8873354863 	 0 	 0 	 1 	 1 
219.909		293.413 	 219.182948063 	 -71.8520765567 	 1 	 0 	 1 	 -1 
218.461		300 	 221.437349401 	 -63.0083707867 	 0 	 1 	 1 	 0 
219.909		306.587 	 240.557475644 	 -51.9905668676 	 0 	 1 	 1 	 -1 
224.196		313.004 	 241.704894385 	 -47.4131281169 	 1 	 1 	 1 	 0 
231.161		319.107 	 244.865872875 	 -41.9609529962 	 1 	 0 	 1 	 0 
240.57		324.791 	 252.034590602 	 -35.6437259111 	 1 	 0 	 1 	 -1 
252.146		330 	 263.240069009 	 -32.9885018067 	 0 	 0 	 1 	 -1 
265.601		334.715 	 252.585140602 	 -26.8567572634 	 0 	 0 	 1 	 0 
255.886		339.826 	 245.074853578 	 -19.2783927723 	 0 	 0 	 1 	 -1 
248.348		345.295 	 257.614797051 	 -11.6278995313 	 1 	 1 	 1 	 0 
243.191		351.052 	 231.43672856 	 -6.26718672102 	 1 	 1 	 1 	 1 
240.57		356.996 	 222.299721709 	 -2.8554643004 	 1 	 0 	 1 	 1 
240.57		3.00449 	 230.354873885 	 2.52428304312 	 0 	 1 	 1 	 0 
243.191		8.94827 	 239.764123655 	 11.9947414487 	 1 	 1 	 1 	 0 
248.348		14.7047 	 236.633652098 	 13.9522041482 	 1 	 1 	 1 	 1 
255.886		20.1736 	 240.532503772 	 16.5632107583 	 1 	 0 	 1 	 1 
265.601		25.285 	 279.804881246 	 22.6946090547 	 1 	 0 	 1 	 0 
277.258		30 	 285.205703989 	 28.8834227672 	 0 	 1 	 1 	 0 
265.601		34.715 	 272.362566084 	 34.0316158154 	 0 	 1 	 1 	 -1 
255.887		39.8264 	 271.209862367 	 38.0812451348 	 1 	 1 	 1 	 1 
248.348		45.2953 	 262.592630296 	 48.2389000959 	 1 	 1 	 1 	 -1 
243.191		51.0517 	 224.744583024 	 50.1967895629 	 0 	 1 	 1 	 1 
240.57		56.9955 	 223.250904946 	 56.1447760717 	 0 	 0 	 1 	 -1 
240.57		63.0045 	 250.124623303 	 64.3123117019 	 1 	 0 	 1 	 1 
243.191		68.9483 	 245.292123906 	 66.3908993152 	 0 	 0 	 1 	 0 
248.348		74.7047 	 256.041383262 	 74.2105318776 	 1 	 1 	 1 	 0 
255.887		80.1736 	 263.286939813 	 79.889388891 	 1 	 1 	 1 	 0 
265.601		85.285 	 248.927641018 	 86.5295152598 	 0 	 1 	 1 	 -1 
277.257		90 	 285.912280319 	 89.3523739348 	 0 	 1 	 1 	 0 
265.601		94.715 	 275.262493039 	 90.5868970835 	 0 	 1 	 1 	 -1 
255.887		99.8264 	 247.886132181 	 99.7673914292 	 0 	 0 	 1 	 1 
248.348		105.295 	 260.665615205 	 108.070555241 	 0 	 1 	 1 	 0 
243.191		111.052 	 257.510414168 	 112.825842143 	 1 	 1 	 1 	 1 
240.57		116.996 	 238.600370368 	 122.086852129 	 1 	 0 	 1 	 -1 
240.57		123.005 	 230.818350345 	 119.496064282 	 0 	 1 	 1 	 1 
243.191		128.948 	 233.855575381 	 129.082099158 	 1 	 0 	 1 	 0 
248.348		134.705 	 234.778627263 	 133.267026148 	 0 	 1 	 1 	 1 
255.887		140.174 	 243.996318026 	 139.628424242 	 0 	 1 	 1 	 1 
265.6		145.285 	 256.39337628 	 143.754715503 	 0 	 1 	 1 	 1 
277.257		150 	 263.154306508 	 153.121723959 	 1 	 0 	 1 	 -1 
265.601		154.715 	 266.391072968 	 153.093886335 	 1 	 0 	 1 	 0 
255.886		159.826 	 240.221694514 	 160.359428932 	 0 	 1 	 1 	 1 
248.348		165.295 	 243.094237667 	 163.779676294 	 0 	 1 	 1 	 1 
243.191		171.052 	 256.919772421 	 167.728299564 	 1 	 0 	 1 	 1 
240.57		176.996 	 254.269581397 	 178.793316144 	 0 	 0 	 1 	 0 
240.57		183.005 	 253.997623093 	 179.079089869 	 1 	 0 	 1 	 0 
243.191		188.948 	 245.31275496 	 -174.224580154 	 0 	 1 	 1 	 -1 
248.348		194.705 	 253.254147856 	 -167.735026369 	 1 	 1 	 1 	 1 
255.886		200.174 	 275.481339893 	 -158.215132429 	 0 	 0 	 1 	 -1 
265.601		205.285 	 274.312778647 	 -156.192755754 	 1 	 1 	 1 	 -1 
277.258		210 	 291.684671605 	 -151.623324146 	 1 	 1 	 1 	 1 
265.6		214.715 	 270.199139578 	 -146.87220534 	 0 	 1 	 1 	 1 
255.887		219.826 	 262.701238245 	 -144.564058789 	 1 	 0 	 1 	 0 
248.348		225.295 	 258.732465956 	 -132.635163489 	 1 	 1 	 1 	 -1 
243.191		231.052 	 255.672431846 	 -132.024764836 	 1 	 0 	 1 	 -1 
240.57		236.995 	 254.090205029 	 -125.428529867 	 0 	 1 	 1 	 1 
240.57		243.004 	 247.493048825 	 -119.138640518 	 1 	 1 	 1 	 -1 
243.19		248.948 	 232.490798391 	 -113.518975429 	 0 	 1 	 1 	 -1 
248.348		254.705 	 257.673751622 	 -105.037265306 	 1 	 1 	 1 	 -1 
255.886		260.174 	 257.308670606 	 -103.723216282 	 1 	 0 	 1 	 0 
265.601		265.285 	 277.631050124 	 -90.9093074234 	 1 	 1 	 1 	 -1 
277.258		270 	 291.696410681 	 -88.6666697764 	 1 	 1 	 1 	 1 
265.601		274.715 	 279.652504731 	 -87.6453285775 	 1 	 1 	 1 	 -1 
255.886		279.826 	 251.181045638 	 -78.315131756 	 0 	 0 	 1 	 -1 
248.348		285.295 	 262.656928933 	 -76.1464216299 	 1 	 0 	 1 	 0 
243.19		291.052 	 231.755233179 	 -67.3420425923 	 0 	 0 	 1 	 0 
240.57		296.996 	 246.341645585 	 -60.9641789361 	 0 	 0 	 1 	 0 
240.57		303.004 	 232.132838728 	 -56.4438803483 	 0 	 1 	 1 	 0 
243.191		308.948 	 249.242338529 	 -52.6767412213 	 1 	 1 	 1 	 1 
248.348		314.705 	 256.114196323 	 -45.6713895193 	 0 	 1 	 1 	 0 
255.886		320.174 	 267.939214768 	 -40.8889136476 	 0 	 1 	 1 	 1 
265.6		325.285 	 263.896657239 	 -36.5343091309 	 1 	 0 	 1 	 1 
277.258		330 	 269.172238518 	 -33.1812424354 	 1 	 1 	 1 	 -1 
290.619		334.307 	 274.398826377 	 -26.1288656621 	 1 	 1 	 1 	 1 
280.659		338.948 	 274.479439062 	 -17.1799152697 	 1 	 0 	 1 	 1 
272.656		343.898 	 271.719670794 	 -18.3122420417 	 1 	 0 	 1 	 1 
266.79		349.107 	 263.982818753 	 -15.0607539022 	 0 	 0 	 1 	 0 
263.206		354.504 	 272.241784811 	 -6.51710945368 	 0 	 1 	 1 	 -1 
262.001		0 	 271.000051857 	 2.19195486197 	 1 	 1 	 1 	 -1 
263.206		5.49637 	 270.716425487 	 6.56774726112 	 1 	 1 	 1 	 1 
266.79		10.8934 	 257.951581718 	 6.40920896135 	 0 	 1 	 1 	 -1 
272.656		16.1021 	 281.925895854 	 15.8798152018 	 0 	 0 	 1 	 1 
280.659		21.0517 	 285.673119526 	 22.2356294026 	 1 	 1 	 1 	 1 
290.619		25.6934 	 279.69814779 	 22.085823105 	 1 	 0 	 1 	 -1 
302.34		30 	 297.985000542 	 27.8205295216 	 0 	 0 	 1 	 -1 
290.619		34.3066 	 283.07307622 	 37.4803561112 	 0 	 1 	 1 	 1 
280.659		38.9483 	 260.283374159 	 37.2158910961 	 0 	 0 	 1 	 1 
272.656		43.8979 	 257.863633591 	 44.6350070075 	 1 	 1 	 1 	 0 
266.789		49.1066 	 288.554829236 	 49.2073866205 	 1 	 0 	 1 	 1 
263.206		54.5036 	 270.986716061 	 55.4938539954 	 1 	 0 	 1 	 1 
262.001		60 	 249.826474461 	 63.0704386837 	 0 	 0 	 1 	 1 
263.206		65.4964 	 271.198853423 	 69.6634297126 	 0 	 1 	 1 	 1 
266.79		70.8934 	 249.540348471 	 72.5655779838 	 0 	 1 	 1 	 0 
272.656		76.1021 	 255.389800563 	 76.9932903795 	 0 	 1 	 1 	 -1 
280.659		81.0517 	 284.87076774 	 82.555375876 	 0 	 1 	 1 	 -1 
290.619		85.6934 	 307.783862743 	 85.0034545541 	 1 	 1 	 1 	 1 
302.34		90 	 310.654192663 	 86.763986021 	 0 	 0 	 1 	 -1 
290.619		94.3066 	 295.812111378 	 91.0439254553 	 1 	 0 	 1 	 1 
280.659		98.9483 	 277.636191244 	 96.4222185028 	 0 	 1 	 1 	 1 
272.655		103.898 	 259.202871936 	 103.485114783 	 0 	 1 	 1 	 1 
266.79		109.107 	 284.56920569 	 111.88773194 	 0 	 1 	 1 	 0 
263.206		114.504 	 255.321670515 	 115.958690965 	 0 	 1 	 1 	 1 
262		120 	 248.812337437 	 121.090122787 	 0 	 0 	 1 	 0 
263.206		125.496 	 273.032739876 	 122.434169473 	 1 	 1 	 1 	 -1 
266.79		130.893 	 271.267056207 	 132.243681763 	 1 	 1 	 1 	 0 
272.655		136.102 	 279.036952075 	 137.089935919 	 0 	 0 	 1 	 1 
280.659		141.052 	 264.055324732 	 139.751313275 	 1 	 1 	 1 	 -1 
290.619		145.693 	 280.236148423 	 144.656504204 	 1 	 1 	 1 	 0 
302.34		150 	 297.550286502 	 147.283525527 	 0 	 1 	 1 	 -1 
290.619		154.307 	 310.240570274 	 152.753484702 	 0 	 1 	 1 	 0 
280.659		158.948 	 272.511347172 	 161.883503802 	 1 	 0 	 1 	 0 
272.656		163.898 	 290.892338539 	 165.850080357 	 1 	 0 	 1 	 1 
266.789		169.107 	 261.808781199 	 165.197879016 	 0 	 0 	 1 	 1 
263.206		174.504 	 259.122566253 	 171.609844612 	 0 	 1 	 1 	 0 
262.001		180 	 253.310375029 	 -179.673318216 	 0 	 0 	 1 	 0 
263.206		185.496 	 275.47913684 	 -175.01659188 	 0 	 0 	 1 	 -1 
266.789		190.893 	 275.438684196 	 -171.15178843 	 1 	 1 	 1 	 0 
272.656		196.102 	 285.578778791 	 -162.101897324 	 0 	 0 	 1 	 -1 
280.659		201.052 	 266.748011646 	 -156.60299583 	 1 	 1 	 1 	 -1 
290.619		205.693 	 279.355320102 	 -151.77166246 	 1 	 1 	 1 	 1 
302.34		210 	 306.86809983 	 -151.602630683 	 1 	 1 	 1 	 0 
290.619		214.307 	 311.594447058 	 -147.036751049 	 0 	 0 	 1 	 1 
280.658		218.948 	 271.120889194 	 -138.897586104 	 1 	 1 	 1 	 -1 
272.656		223.898 	 256.544763027 	 -136.132535467 	 1 	 1 	 1 	 0 
266.79		229.107 	 253.802420841 	 -133.308138741 	 0 	 1 	 1 	 -1 
263.206		234.504 	 266.981041396 	 -127.632693038 	 1 	 0 	 1 	 -1 
262		240 	 270.953436744 	 -121.172409674 	 0 	 1 	 1 	 -1 
263.206		245.496 	 283.825483611 	 -116.041463939 	 0 	 1 	 1 	 -1 
266.789		250.893 	 265.788331749 	 -111.054645346 	 1 	 0 	 1 	 -1 
272.656		256.102 	 253.100950948 	 -104.837659176 	 0 	 0 	 1 	 -1 
280.659		261.052 	 288.661698555 	 -99.1676798702 	 1 	 1 	 1 	 1 
290.62		265.693 	 290.075945083 	 -91.8484032201 	 1 	 1 	 1 	 -1 
302.34		270 	 305.186050771 	 -88.4209020221 	 1 	 1 	 1 	 -1 
290.62		274.307 	 285.30751483 	 -82.7691444804 	 0 	 0 	 1 	 0 
280.659		278.948 	 269.54344719 	 -79.2401691332 	 0 	 1 	 1 	 1 
272.656		283.898 	 277.136604682 	 -73.6763201088 	 0 	 1 	 1 	 -1 
266.789		289.107 	 249.456906816 	 -72.6285585451 	 1 	 1 	 1 	 1 
263.206		294.504 	 266.383924784 	 -68.7670607468 	 1 	 1 	 1 	 0 
262		300 	 276.129719087 	 -60.1692585335 	 1 	 1 	 1 	 0 
263.206		305.496 	 249.790327811 	 -58.0989335703 	 1 	 0 	 1 	 -1 
266.79		310.893 	 249.152237833 	 -47.7105885195 	 1 	 0 	 1 	 0 
272.656		316.102 	 286.208075178 	 -45.5301366241 	 1 	 0 	 1 	 1 
280.659		321.052 	 286.290471118 	 -43.321987563 	 1 	 0 	 1 	 1 
290.619		325.693 	 283.920367587 	 -33.3079942353 	 1 	 1 	 1 	 1 
302.34		330 	 313.849303361 	 -27.6176468226 	 1 	 0 	 1 	 -1 
315.62		333.963 	 302.958417729 	 -26.6062674199 	 1 	 1 	 1 	 0 
305.457		338.213 	 303.702803207 	 -18.1006530741 	 1 	 0 	 1 	 1 
297.071		342.731 	 314.605340227 	 -18.5725712456 	 0 	 0 	 1 	 0 
290.619		347.48 	 307.571274808 	 -12.6727615717 	 0 	 1 	 1 	 0 
286.236		352.411 	 305.041970532 	 -8.01792135505 	 0 	 1 	 1 	 1 
284.018		357.457 	 293.911749057 	 -4.86793665185 	 0 	 0 	 1 	 -1 
284.018		2.54292 	 293.057177295 	 3.44265444057 	 0 	 1 	 1 	 0 
286.236		7.58909 	 296.700843767 	 7.49507854164 	 0 	 1 	 1 	 -1 
290.619		12.5198 	 295.451481771 	 10.8461889911 	 1 	 1 	 1 	 -1 
297.071		17.2695 	 282.93987719 	 16.3341087184 	 0 	 1 	 1 	 0 
305.457		21.7868 	 319.94107406 	 21.3767993243 	 1 	 1 	 1 	 0 
315.62		26.0368 	 303.873641421 	 27.252191845 	 0 	 1 	 1 	 1 
327.39		30 	 310.122280776 	 29.0433644826 	 0 	 1 	 1 	 0 
305.457		38.2132 	 306.086977255 	 36.1340308611 	 0 	 1 	 1 	 -1 
297.071		42.7305 	 281.617103061 	 45.8809355366 	 1 	 1 	 1 	 1 
290.619		47.4802 	 279.016630601 	 49.3940578209 	 0 	 1 	 1 	 -1 
286.236		52.4109 	 294.91448312 	 55.1485868226 	 0 	 1 	 1 	 0 
284.018		57.4571 	 289.560388687 	 60.8207496453 	 1 	 0 	 1 	 1 
284.018		62.5429 	 289.70883929 	 65.0969084089 	 0 	 1 	 1 	 0 
286.236		67.5891 	 291.3866131 	 68.8985958576 	 1 	 1 	 1 	 -1 
290.619		72.5198 	 298.485920653 	 75.5062761942 	 1 	 0 	 1 	 0 
297.071		77.2695 	 279.297878681 	 74.9252289273 	 1 	 0 	 1 	 0 
305.457		81.7868 	 291.350001467 	 80.6825967319 	 1 	 0 	 1 	 0 
315.62		86.0368 	 299.715821616 	 85.8258123265 	 1 	 1 	 1 	 0 
327.39		90 	 330.910498776 	 92.8596059759 	 1 	 1 	 1 	 1 
315.62		93.9632 	 311.681640244 	 92.1807815624 	 1 	 1 	 1 	 -1 
305.457		98.2132 	 292.890741873 	 99.7191183906 	 1 	 1 	 1 	 -1 
297.071		102.731 	 279.907083917 	 104.091750584 	 0 	 0 	 1 	 1 
290.619		107.48 	 274.690725261 	 107.62072656 	 0 	 1 	 1 	 0 
286.236		112.411 	 285.247632062 	 110.468533337 	 1 	 0 	 1 	 0 
284.018		117.457 	 285.063927209 	 120.654543211 	 1 	 0 	 1 	 -1 
284.018		122.543 	 290.310962516 	 125.366947829 	 1 	 1 	 1 	 1 
286.236		127.589 	 289.29703575 	 130.208854478 	 1 	 0 	 1 	 1 
290.62		132.52 	 288.810226373 	 129.556570921 	 0 	 0 	 1 	 0 
297.071		137.269 	 306.625349277 	 136.70667452 	 1 	 0 	 1 	 -1 
305.457		141.787 	 320.471900902 	 141.386985193 	 0 	 1 	 1 	 1 
315.62		146.037 	 332.689261038 	 145.729305308 	 0 	 0 	 1 	 0 
327.39		150 	 324.240606703 	 151.361664905 	 1 	 1 	 1 	 1 
315.619		153.963 	 309.957222268 	 152.13947695 	 0 	 1 	 1 	 1 
305.457		158.213 	 313.789758056 	 155.203940235 	 0 	 1 	 1 	 0 
297.071		162.731 	 298.29540655 	 165.020271931 	 1 	 1 	 1 	 0 
290.62		167.48 	 298.619920499 	 169.693019417 	 1 	 0 	 1 	 -1 
286.236		172.411 	 286.792679878 	 176.25788454 	 0 	 0 	 1 	 1 
284.019		177.457 	 288.227931882 	 176.059414261 	 1 	 0 	 1 	 0 
284.019		182.543 	 287.91580958 	 -175.435033676 	 0 	 1 	 1 	 -1 
286.236		187.589 	 274.415137271 	 -168.809895316 	 1 	 0 	 1 	 0 
290.62		192.52 	 296.840840502 	 -165.896097164 	 1 	 0 	 1 	 0 
297.071		197.269 	 317.115855627 	 -161.283578257 	 1 	 0 	 1 	 1 
305.457		201.787 	 319.39145514 	 -160.954651004 	 1 	 0 	 1 	 1 
315.62		206.037 	 326.088371844 	 -153.07275817 	 0 	 1 	 1 	 1 
327.39		210 	 320.104891731 	 -152.48922429 	 1 	 0 	 1 	 -1 
315.62		213.963 	 324.312365022 	 -144.069861052 	 1 	 0 	 1 	 -1 
305.457		218.213 	 291.517492526 	 -143.952957549 	 1 	 1 	 1 	 1 
297.071		222.731 	 310.474881259 	 -137.942893797 	 1 	 1 	 1 	 0 
290.619		227.48 	 286.401865127 	 -133.871384946 	 0 	 0 	 1 	 1 
286.236		232.411 	 297.497084123 	 -128.34362017 	 0 	 0 	 1 	 0 
284.018		237.457 	 275.889423753 	 -125.894388289 	 0 	 0 	 1 	 -1 
284.019		242.543 	 297.843336437 	 -118.708295532 	 0 	 1 	 1 	 0 
286.236		247.589 	 282.351925711 	 -111.047073742 	 1 	 0 	 1 	 0 
290.62		252.52 	 277.687565174 	 -110.329490459 	 1 	 0 	 1 	 1 
297.071		257.269 	 289.507339882 	 -102.207226578 	 1 	 1 	 1 	 -1 
305.457		261.787 	 320.681899452 	 -99.5207982874 	 0 	 1 	 1 	 -1 
315.62		266.037 	 304.800428753 	 -95.3286290058 	 1 	 0 	 1 	 1 
327.39		270 	 337.476123745 	 -87.4884462966 	 1 	 0 	 1 	 1 
315.62		273.963 	 310.810599546 	 -84.4756640241 	 0 	 0 	 1 	 -1 
305.457		278.213 	 305.163412456 	 -84.7471193112 	 0 	 1 	 1 	 -1 
297.071		282.731 	 285.687113065 	 -75.7842757036 	 1 	 0 	 1 	 -1 
290.62		287.48 	 297.542049109 	 -75.2227249437 	 1 	 0 	 1 	 1 
286.236		292.411 	 302.556621069 	 -64.9746107174 	 0 	 0 	 1 	 1 
284.019		297.457 	 292.586594175 	 -60.709883274 	 1 	 1 	 1 	 0 
284.018		302.543 	 281.300216177 	 -59.8541642015 	 1 	 1 	 1 	 1 
286.236		307.589 	 287.241974333 	 -54.177259117 	 1 	 1 	 1 	 0 
290.619		312.52 	 304.281616351 	 -47.2964942969 	 0 	 0 	 1 	 1 
297.071		317.269 	 301.202264032 	 -40.1598697438 	 0 	 1 	 1 	 1 
305.457		321.787 	 295.579699673 	 -39.3534111941 	 0 	 1 	 1 	 0 
327.39		330 	 332.003213864 	 -26.2340942234 	 1 	 1 	 1 	 1 
340.597		333.67 	 353.682998995 	 -28.4625293767 	 0 	 1 	 1 	 0 
330.266		337.589 	 329.794837491 	 -18.5935102038 	 0 	 1 	 1 	 1 
321.56		341.742 	 333.580264696 	 -20.7302784173 	 1 	 0 	 1 	 -1 
314.619		346.102 	 318.198323796 	 -16.759447683 	 1 	 0 	 1 	 -1 
309.563		350.633 	 298.941016882 	 -12.2353379326 	 1 	 0 	 1 	 1 
306.489		355.285 	 313.743824924 	 -6.0282556004 	 1 	 0 	 1 	 -1 
305.457		0 	 318.443462097 	 2.384193356 	 0 	 1 	 1 	 -1 
306.489		4.715 	 315.262966289 	 4.00975981012 	 1 	 1 	 1 	 0 
309.563		9.367 	 316.806017541 	 12.0556652897 	 1 	 1 	 1 	 -1 
314.619		13.8979 	 318.098755567 	 12.3063446307 	 1 	 0 	 1 	 -1 
321.56		18.2585 	 341.438736047 	 18.5312096515 	 1 	 0 	 1 	 0 
330.266		22.4109 	 327.034537825 	 19.1233080818 	 0 	 0 	 1 	 -1 
340.597		26.3295 	 323.132517443 	 27.7161037503 	 0 	 1 	 1 	 0 
352.406		30 	 369.237097128 	 28.0041881735 	 0 	 1 	 1 	 -1 
340.597		33.6705 	 333.888599484 	 34.8893613015 	 0 	 0 	 1 	 1 
330.266		37.5891 	 345.284735288 	 35.2937569993 	 0 	 1 	 1 	 -1 
321.56		41.7415 	 308.515596614 	 40.9175599762 	 0 	 0 	 1 	 1 
314.619		46.1021 	 298.594830688 	 46.9588330069 	 0 	 1 	 1 	 0 
309.563		50.633 	 309.304564002 	 53.6888859092 	 0 	 1 	 1 	 1 
306.489		55.285 	 326.895613792 	 54.1722148542 	 0 	 1 	 1 	 1 
305.457		60 	 299.341435273 	 56.3922921716 	 1 	 0 	 1 	 1 
306.489		64.715 	 320.929619944 	 66.054848784 	 1 	 0 	 1 	 1 
309.563		69.367 	 297.745107934 	 68.100080342 	 1 	 1 	 1 	 1 
314.619		73.8979 	 312.569825364 	 69.866792453 	 1 	 0 	 1 	 -1 
321.56		78.2585 	 304.744318028 	 77.0885418915 	 0 	 0 	 1 	 1 
330.266		82.4109 	 324.987166168 	 84.7005133513 	 1 	 0 	 1 	 -1 
340.597		86.3295 	 357.077442312 	 84.146445757 	 1 	 0 	 1 	 1 
352.406		90 	 347.106758474 	 87.3191588918 	 0 	 0 	 1 	 1 
340.597		93.6705 	 340.136736469 	 97.4077392505 	 1 	 1 	 1 	 -1 
330.266		97.5891 	 338.765417578 	 98.9594846751 	 1 	 0 	 1 	 -1 
321.56		101.742 	 330.832345537 	 102.485441546 	 0 	 1 	 1 	 -1 
314.619		106.102 	 316.366771382 	 108.18064992 	 0 	 0 	 1 	 -1 
309.563		110.633 	 300.41018661 	 113.124557469 	 0 	 1 	 1 	 1 
306.489		115.285 	 316.186224262 	 118.50465611 	 0 	 0 	 1 	 0 
305.457		120 	 314.403100898 	 119.612379508 	 0 	 0 	 1 	 -1 
306.489		124.715 	 285.275955245 	 124.659580752 	 0 	 0 	 1 	 1 
309.563		129.367 	 320.068872423 	 131.993690235 	 0 	 1 	 1 	 1 
314.619		133.898 	 293.849706497 	 134.553288948 	 0 	 0 	 1 	 0 
321.56		138.258 	 316.796919766 	 140.515608136 	 1 	 0 	 1 	 -1 
330.266		142.411 	 345.847090993 	 143.313317238 	 0 	 1 	 1 	 1 
340.597		146.329 	 330.455033382 	 146.151833976 	 0 	 1 	 1 	 0 
352.406		150 	 349.867666832 	 146.918136285 	 1 	 1 	 1 	 0 
340.597		153.671 	 326.439887909 	 154.676160277 	 0 	 1 	 1 	 1 
330.266		157.589 	 336.259430019 	 161.053578343 	 1 	 1 	 1 	 0 
321.561		161.742 	 314.962383901 	 159.48003823 	 1 	 0 	 1 	 0 
314.618		166.102 	 303.134893281 	 169.057474771 	 0 	 0 	 1 	 0 
309.563		170.633 	 317.255981621 	 169.544849962 	 0 	 1 	 1 	 0 
306.488		175.285 	 297.345606763 	 176.765910005 	 1 	 1 	 1 	 0 
305.457		180 	 313.93799138 	 -178.962395646 	 0 	 1 	 1 	 1 
306.488		184.715 	 300.252251995 	 -174.212423178 	 1 	 1 	 1 	 1 
309.563		189.367 	 301.923811495 	 -169.909243918 	 1 	 0 	 1 	 0 
314.618		193.898 	 319.498782072 	 -164.829446156 	 1 	 0 	 1 	 1 
321.561		198.258 	 314.231247161 	 -160.959744925 	 0 	 0 	 1 	 -1 
330.266		202.411 	 348.377740865 	 -155.731735277 	 1 	 0 	 1 	 1 
340.597		206.329 	 328.119870886 	 -151.124035679 	 0 	 1 	 1 	 -1 
352.406		210 	 357.028494074 	 -151.295692883 	 0 	 1 	 1 	 0 
330.266		217.589 	 349.862890342 	 -143.206899237 	 1 	 1 	 1 	 -1 
321.56		221.742 	 325.675326713 	 -136.171361069 	 0 	 0 	 1 	 1 
314.619		226.102 	 308.386596874 	 -133.062846315 	 1 	 0 	 1 	 -1 
309.563		230.633 	 314.862969619 	 -133.249841536 	 1 	 1 	 1 	 0 
306.489		235.285 	 299.082846215 	 -125.733751159 	 0 	 1 	 1 	 0 
305.456		240 	 306.315295656 	 -118.201854582 	 0 	 1 	 1 	 -1 
306.488		244.715 	 297.975341978 	 -114.477726587 	 0 	 1 	 1 	 1 
309.563		249.367 	 315.166638817 	 -109.205128447 	 1 	 1 	 1 	 1 
314.619		253.898 	 304.707690785 	 -104.352546549 	 0 	 1 	 1 	 1 
321.56		258.258 	 334.097674259 	 -102.932909064 	 0 	 1 	 1 	 1 
330.266		262.411 	 335.996747868 	 -95.4656772581 	 1 	 1 	 1 	 0 
340.597		266.33 	 329.675449631 	 -95.6018057531 	 0 	 1 	 1 	 -1 
340.597		273.671 	 344.826919229 	 -87.6774365873 	 0 	 0 	 1 	 -1 
330.266		277.589 	 341.067441632 	 -80.974260741 	 0 	 0 	 1 	 0 
321.56		281.742 	 342.168002545 	 -77.125984701 	 0 	 1 	 1 	 -1 
314.619		286.102 	 307.990033817 	 -76.9857064852 	 0 	 1 	 1 	 1 
309.563		290.633 	 302.228430218 	 -68.425597611 	 1 	 1 	 1 	 0 
306.488		295.285 	 298.285026615 	 -68.3154203596 	 1 	 0 	 1 	 -1 
305.457		300 	 308.342060036 	 -62.2623856584 	 0 	 1 	 1 	 0 
306.489		304.715 	 297.313986009 	 -52.8582540651 	 0 	 0 	 1 	 1 
309.563		309.367 	 307.837875502 	 -47.2403420776 	 1 	 0 	 1 	 -1 
314.619		313.898 	 319.446978056 	 -43.6350037371 	 0 	 1 	 1 	 -1 
321.56		318.258 	 306.400301374 	 -40.1928666049 	 0 	 1 	 1 	 -1 
330.266		322.411 	 332.082005972 	 -33.892604455 	 1 	 1 	 1 	 1 
340.597		326.33 	 329.76674509 	 -32.3315671212 	 1 	 0 	 1 	 1 
352.406		330 	 360.133022571 	 -31.7810476907 	 1 	 1 	 1 	 -1 
365.546		333.418 	 364.738672294 	 -27.8489569093 	 1 	 1 	 1 	 -1 
355.074		337.053 	 353.861313212 	 -21.4204683761 	 0 	 1 	 1 	 0 
346.099		340.893 	 338.081789598 	 -22.5539332392 	 1 	 0 	 1 	 1 
338.742		344.921 	 350.611417904 	 -13.0911346081 	 0 	 0 	 1 	 0 
333.116		349.107 	 330.465390451 	 -12.1988642163 	 1 	 1 	 1 	 -1 
329.31		353.413 	 335.706776451 	 -5.18224630256 	 1 	 0 	 1 	 1 
327.39		357.796 	 315.298497214 	 -0.768400315812 	 0 	 1 	 1 	 1 
327.39		2.20423 	 320.437097497 	 -1.54297568693 	 0 	 1 	 1 	 0 
329.31		6.58678 	 332.015024109 	 4.64076029522 	 1 	 1 	 1 	 0 
333.116		10.8934 	 324.031220507 	 11.5624157493 	 0 	 0 	 1 	 -1 
338.742		15.0791 	 335.38525577 	 17.2457814239 	 1 	 0 	 1 	 -1 
346.099		19.1066 	 348.438739013 	 16.0422326952 	 1 	 1 	 1 	 -1 
355.074		22.9473 	 351.829321191 	 24.5545087289 	 0 	 1 	 1 	 0 
365.546		26.582 	 365.095026124 	 28.3040162908 	 0 	 0 	 1 	 1 
377.385		30 	 386.80085605 	 29.6695172885 	 1 	 0 	 1 	 1 
365.546		33.418 	 369.151666752 	 32.0944011539 	 0 	 1 	 1 	 0 
355.074		37.0527 	 343.152661253 	 34.7318994727 	 1 	 0 	 1 	 0 
346.099		40.8934 	 349.673476363 	 41.9735017175 	 0 	 0 	 1 	 -1 
338.743		44.9209 	 326.607292691 	 45.3760849035 	 1 	 1 	 1 	 -1 
333.116		49.1066 	 332.488147858 	 52.6315931142 	 1 	 0 	 1 	 0 
329.31		53.4132 	 331.657702106 	 54.9747718618 	 1 	 0 	 1 	 1 
327.39		57.7958 	 317.619129336 	 57.4019451591 	 0 	 1 	 1 	 0 
327.39		62.2042 	 335.888946488 	 62.0072882021 	 1 	 1 	 1 	 -1 
329.31		66.5868 	 321.017283584 	 66.8644223572 	 1 	 1 	 1 	 0 
333.116		70.8934 	 328.826232122 	 69.7155108705 	 0 	 1 	 1 	 0 
338.742		75.0791 	 354.627746828 	 74.1050602214 	 1 	 1 	 1 	 -1 
346.099		79.1066 	 342.372591079 	 77.4866472097 	 1 	 1 	 1 	 0 
355.074		82.9473 	 361.527956241 	 80.7797078707 	 1 	 0 	 1 	 1 
