25.2587		30 	 -37.3773259612 	 28.2495434015 	 0 	 1 	 1 	 -1 
25.2587		90 	 -18.1538307009 	 -12.4049910137 	 0 	 0 	 1 	 1 
25.2587		150 	 -219.125743752 	 -7.00373605011 	 1 	 1 	 1 	 0 
25.2587		210 	 52.5963946454 	 -57.6091783187 	 0 	 1 	 1 	 -1 
25.2587		270 	 100.70091996 	 -147.50550383 	 0 	 1 	 1 	 -1 
43.7478		0 	 76.5239615326 	 112.805704206 	 1 	 1 	 1 	 -1 
50.5147		30 	 77.4378137333 	 -114.991495877 	 1 	 0 	 1 	 1 
43.7478		60 	 -152.778951873 	 -75.1628056094 	 0 	 1 	 1 	 -1 
50.5147		90 	 -46.720307103 	 71.5674553621 	 0 	 0 	 1 	 0 
43.7478		120 	 17.1735992883 	 -163.910308225 	 0 	 0 	 1 	 0 
50.5147		150 	 -93.261459648 	 -9.17426181152 	 0 	 0 	 1 	 -1 
43.7478		180 	 -136.359019115 	 126.647357561 	 0 	 1 	 1 	 -1 
50.5147		210 	 345.160756949 	 -74.6683203996 	 0 	 1 	 1 	 -1 
43.7478		240 	 142.725396383 	 -12.1285334856 	 1 	 0 	 1 	 1 
43.7478		300 	 -371.052280516 	 -139.77047697 	 1 	 0 	 1 	 1 
50.5148		330 	 303.3022597 	 -96.6411469959 	 1 	 0 	 1 	 -1 
66.8212		349.107 	 180.020215778 	 -111.290481898 	 1 	 1 	 1 	 1 
66.8212		10.8934 	 -81.6452121388 	 179.364453912 	 0 	 1 	 1 	 0 
75.7654		30 	 86.5158188685 	 -52.9100570654 	 1 	 1 	 1 	 0 
66.8212		49.1066 	 221.285890225 	 -118.040860952 	 1 	 1 	 1 	 -1 
66.8212		70.8934 	 -15.0004161324 	 8.02789027555 	 0 	 0 	 1 	 0 
75.7654		90 	 -68.3783678144 	 76.7714927268 	 1 	 1 	 1 	 0 
66.8212		109.107 	 -122.806763134 	 -50.7520085331 	 1 	 0 	 1 	 1 
66.8212		130.893 	 42.4236652507 	 137.505912381 	 1 	 0 	 1 	 1 
75.7654		150 	 -114.78456819 	 115.648882115 	 0 	 0 	 1 	 1 
66.8212		169.107 	 -29.4761272556 	 41.2112311689 	 0 	 1 	 1 	 0 
66.8212		190.893 	 -33.1039079072 	 104.544844551 	 1 	 0 	 1 	 -1 
66.8212		229.107 	 61.2968030797 	 -145.855248842 	 1 	 1 	 1 	 0 
66.8212		250.893 	 208.021418489 	 -70.9976050175 	 1 	 0 	 1 	 0 
75.7654		270 	 -159.194767296 	 4.32452024049 	 1 	 1 	 1 	 -1 
66.8212		289.107 	 -22.063534578 	 -105.506950238 	 1 	 0 	 1 	 1 
66.8212		310.893 	 -224.869029038 	 -113.316144077 	 0 	 1 	 1 	 -1 
75.7654		330 	 58.5680623373 	 52.5536237234 	 0 	 0 	 1 	 -1 
91.0523		343.898 	 87.7350540748 	 -119.837016846 	 0 	 1 	 1 	 -1 
87.4818		0 	 3.44349583654 	 28.8985525676 	 0 	 0 	 1 	 -1 
91.0523		16.1021 	 301.396126771 	 -126.526045978 	 1 	 1 	 1 	 0 
101.008		30 	 77.930228248 	 15.0006515369 	 1 	 0 	 1 	 -1 
91.0523		43.8979 	 214.653293348 	 -171.780799246 	 1 	 0 	 1 	 1 
87.4818		60 	 148.141774473 	 34.219099686 	 1 	 0 	 1 	 -1 
91.0523		76.1021 	 -126.177360605 	 50.8868568751 	 1 	 1 	 1 	 0 
91.0523		103.898 	 -4.37113024845 	 -163.564638215 	 0 	 1 	 1 	 -1 
87.4818		120 	 158.227976811 	 -46.7905281709 	 0 	 0 	 1 	 1 
91.0523		136.102 	 -152.12168759 	 179.836416317 	 1 	 1 	 1 	 -1 
91.0523		163.898 	 -224.520973945 	 -139.600522386 	 1 	 1 	 1 	 0 
87.4818		180 	 42.215329491 	 -7.33415090096 	 1 	 1 	 1 	 1 
91.0523		196.102 	 62.6316483315 	 70.6751557513 	 0 	 0 	 1 	 1 
101.008		210 	 128.374548214 	 38.7633696974 	 1 	 1 	 1 	 0 
91.0523		223.898 	 -114.689135693 	 2.52129065923 	 0 	 1 	 1 	 1 
87.4818		240 	 252.174771271 	 99.064130297 	 1 	 1 	 1 	 1 
91.0523		256.102 	 308.664900443 	 -171.288752283 	 0 	 1 	 1 	 -1 
101.008		270 	 -69.1289195367 	 -135.435758958 	 1 	 0 	 1 	 0 
91.0523		283.898 	 -80.9255244723 	 -15.7575036075 	 1 	 1 	 1 	 -1 
87.4817		300 	 5.01797867981 	 -39.890111893 	 0 	 0 	 1 	 -1 
91.0523		316.102 	 -252.181646076 	 -136.319737656 	 0 	 0 	 1 	 0 
101.008		330 	 336.870755295 	 35.629601634 	 0 	 0 	 1 	 1 
115.709		340.893 	 137.016588125 	 -125.856943861 	 1 	 1 	 1 	 -1 
110.065		353.413 	 0.853938762268 	 -11.4560176878 	 1 	 1 	 1 	 -1 
110.065		6.58677 	 74.462487794 	 -75.9877407975 	 1 	 0 	 1 	 0 
115.709		19.1066 	 -391.143313949 	 98.9781274817 	 0 	 0 	 1 	 1 
126.24		30 	 -86.6982256359 	 -112.135825083 	 1 	 1 	 1 	 -1 
115.709		40.8934 	 -239.613267728 	 -148.471694692 	 1 	 0 	 1 	 -1 
110.065		53.4132 	 -255.628091751 	 -146.298785817 	 0 	 1 	 1 	 -1 
110.065		66.5868 	 -63.9323877654 	 118.980995344 	 1 	 0 	 1 	 1 
115.709		79.1066 	 133.790772023 	 -152.27522826 	 0 	 0 	 1 	 0 
126.24		90 	 -97.4542772714 	 34.5600285353 	 0 	 0 	 1 	 0 
115.709		100.893 	 86.9625386216 	 -86.8953799211 	 0 	 1 	 1 	 0 
110.065		113.413 	 143.186908458 	 -139.064534149 	 1 	 0 	 1 	 0 
110.065		126.587 	 53.3487613418 	 40.5241454505 	 0 	 1 	 1 	 -1 
115.709		139.107 	 -126.271417649 	 49.9087771576 	 0 	 1 	 1 	 0 
126.24		150 	 15.8342647857 	 57.3008149101 	 0 	 1 	 1 	 0 
115.709		160.893 	 -420.865728784 	 74.5659262893 	 0 	 0 	 1 	 0 
110.066		173.413 	 174.419654338 	 103.354026819 	 0 	 1 	 1 	 -1 
110.066		186.587 	 114.121094475 	 -165.366753514 	 1 	 0 	 1 	 -1 
115.709		199.107 	 172.79323018 	 -168.722730052 	 0 	 1 	 1 	 -1 
126.24		210 	 -79.0317193387 	 108.022757654 	 0 	 0 	 1 	 0 
115.709		220.893 	 -70.2519942505 	 -64.2646959221 	 0 	 1 	 1 	 1 
110.065		233.413 	 176.543532875 	 16.3495686028 	 1 	 0 	 1 	 0 
110.065		246.587 	 51.6714514798 	 -105.796423843 	 1 	 1 	 1 	 1 
115.709		259.107 	 109.178011119 	 140.735540839 	 0 	 0 	 1 	 0 
126.24		270 	 5.07996082864 	 23.3927856899 	 0 	 1 	 1 	 0 
115.709		280.893 	 -56.7107334241 	 153.624400005 	 1 	 0 	 1 	 -1 
110.065		293.413 	 -259.936136895 	 -141.074573962 	 0 	 1 	 1 	 0 
110.065		306.587 	 65.7908341798 	 -171.736914439 	 0 	 1 	 1 	 1 
115.709		319.107 	 199.119425132 	 119.760178144 	 0 	 1 	 1 	 1 
126.24		330 	 -1.56594528423 	 -3.68926312164 	 0 	 0 	 1 	 -1 
140.56		338.948 	 12.1096178885 	 148.111788828 	 0 	 1 	 1 	 0 
133.593		349.107 	 62.2546573196 	 81.7183646282 	 1 	 1 	 1 	 1 
131.188		0 	 -235.828180039 	 -31.4773933557 	 1 	 0 	 1 	 1 
133.593		10.8934 	 -28.5292625311 	 -124.739438511 	 1 	 1 	 1 	 -1 
140.56		21.0517 	 -57.8952431455 	 -23.5552042898 	 0 	 1 	 1 	 0 
151.459		30 	 -163.143501809 	 -70.8039322026 	 1 	 1 	 1 	 0 
140.56		38.9483 	 -48.9857795684 	 -93.7569795449 	 0 	 1 	 1 	 1 
133.593		49.1066 	 106.067760285 	 -4.7101317659 	 1 	 0 	 1 	 -1 
131.188		60 	 101.970083781 	 -125.316334175 	 1 	 0 	 1 	 1 
133.593		70.8934 	 147.142762158 	 14.5769493331 	 0 	 1 	 1 	 0 
140.56		81.0517 	 11.8858842345 	 68.1484629241 	 1 	 0 	 1 	 -1 
151.459		90 	 -188.989335359 	 -49.7985071082 	 0 	 1 	 1 	 0 
140.56		98.9483 	 152.093985339 	 -106.34541984 	 1 	 0 	 1 	 1 
133.593		109.107 	 57.009677432 	 -174.739067299 	 1 	 0 	 1 	 -1 
131.188		120 	 -0.117644290981 	 38.6778213353 	 1 	 1 	 1 	 0 
133.593		130.893 	 -93.9047262909 	 -126.124640918 	 1 	 1 	 1 	 -1 
140.56		141.052 	 206.329142574 	 48.532271523 	 0 	 1 	 1 	 -1 
151.459		150 	 65.2490551831 	 -77.2397232654 	 1 	 1 	 1 	 1 
140.56		158.948 	 13.2420426538 	 -116.85031528 	 1 	 1 	 1 	 0 
133.593		169.107 	 -7.42849641277 	 13.6813509348 	 1 	 1 	 1 	 -1 
131.188		180 	 177.73716923 	 27.554657044 	 0 	 1 	 1 	 1 
133.593		190.893 	 -189.762363236 	 29.4352832112 	 1 	 0 	 1 	 0 
140.56		201.052 	 39.917234016 	 -43.0214677333 	 1 	 0 	 1 	 -1 
151.459		210 	 153.591508466 	 -88.6263130725 	 1 	 0 	 1 	 -1 
140.56		218.948 	 195.234492143 	 -79.0251079444 	 0 	 0 	 1 	 0 
133.593		229.107 	 18.8017001294 	 -82.8092101854 	 0 	 0 	 1 	 1 
131.188		240 	 -110.963717142 	 62.9114354157 	 1 	 1 	 1 	 -1 
133.592		250.893 	 102.839759881 	 111.202519065 	 1 	 0 	 1 	 -1 
140.56		261.052 	 66.3646090036 	 36.8519817504 	 0 	 0 	 1 	 1 
151.459		270 	 91.3621954293 	 -76.1293635916 	 0 	 0 	 1 	 -1 
140.56		278.948 	 -26.3022210454 	 -92.1492991812 	 1 	 1 	 1 	 0 
133.592		289.107 	 262.288710741 	 -179.737935519 	 0 	 0 	 1 	 -1 
131.188		300 	 7.82863076427 	 -6.92709591585 	 0 	 1 	 1 	 0 
133.593		310.893 	 -320.851645563 	 -172.221326986 	 1 	 0 	 1 	 -1 
140.56		321.052 	 -179.602273103 	 80.0034671187 	 0 	 0 	 1 	 0 
151.459		330 	 67.3998994756 	 124.264534833 	 1 	 0 	 1 	 -1 
165.51		337.589 	 102.760273647 	 -103.496464182 	 1 	 1 	 1 	 0 
157.635		346.102 	 -136.082919749 	 107.411344253 	 0 	 0 	 1 	 1 
153.545		355.285 	 -10.2685013943 	 -65.4540232421 	 1 	 0 	 1 	 -1 
153.545		4.715 	 295.793449809 	 -147.900912761 	 0 	 0 	 1 	 1 
157.635		13.8979 	 402.201710851 	 -9.83366546977 	 1 	 1 	 1 	 -1 
165.51		22.4109 	 26.104688278 	 -9.89283013644 	 1 	 1 	 1 	 -1 
176.661		30 	 -301.483116075 	 56.9830772371 	 0 	 0 	 1 	 0 
165.51		37.5891 	 117.361997578 	 -34.25384852 	 0 	 0 	 1 	 0 
157.635		46.1021 	 198.52736441 	 -22.1990399455 	 0 	 0 	 1 	 1 
153.545		55.285 	 -104.325709371 	 70.5236113272 	 1 	 0 	 1 	 1 
153.545		64.715 	 -231.739048593 	 -126.209221129 	 0 	 0 	 1 	 -1 
157.635		73.8979 	 -58.5437711259 	 170.492438787 	 0 	 1 	 1 	 -1 
165.51		82.4109 	 211.397064088 	 -157.338999906 	 0 	 0 	 1 	 -1 
176.661		90 	 56.3784399667 	 -60.5592872704 	 1 	 0 	 1 	 -1 
165.51		97.5891 	 -73.7092914479 	 -106.969532472 	 0 	 1 	 1 	 1 
157.635		106.102 	 -108.98473835 	 169.081942112 	 1 	 0 	 1 	 0 
153.545		115.285 	 -213.847695955 	 -173.001614469 	 0 	 1 	 1 	 -1 
153.545		124.715 	 122.661548258 	 -61.6523524174 	 0 	 1 	 1 	 1 
157.635		133.898 	 -293.727297068 	 -174.121969364 	 1 	 1 	 1 	 -1 
165.51		142.411 	 -3.75547672571 	 -64.4213866172 	 0 	 1 	 1 	 -1 
176.661		150 	 10.8057610568 	 -126.359570755 	 1 	 0 	 1 	 0 
165.509		157.589 	 69.8137792608 	 -150.265092847 	 0 	 0 	 1 	 -1 
157.635		166.102 	 228.308589505 	 134.950263658 	 1 	 1 	 1 	 0 
153.546		175.285 	 -104.136589894 	 -175.43724764 	 1 	 0 	 1 	 1 
153.546		184.715 	 38.3312030432 	 -84.8436404338 	 1 	 0 	 1 	 1 
157.635		193.898 	 8.41086231549 	 -40.033167808 	 1 	 1 	 1 	 0 
165.509		202.411 	 -337.855182407 	 92.744954234 	 0 	 1 	 1 	 1 
165.51		217.589 	 286.43965203 	 -132.816029017 	 1 	 1 	 1 	 -1 
157.635		226.102 	 -77.4474085887 	 -44.9356200566 	 0 	 1 	 1 	 1 
153.545		235.285 	 -153.534886674 	 -117.272260165 	 0 	 1 	 1 	 0 
153.545		244.715 	 -64.1205283588 	 106.178092751 	 1 	 1 	 1 	 0 
157.635		253.898 	 63.1596673656 	 -52.288389041 	 0 	 1 	 1 	 0 
165.51		262.411 	 -121.953108008 	 52.4354684382 	 1 	 0 	 1 	 0 
176.661		270 	 112.079437522 	 128.180366645 	 0 	 1 	 1 	 0 
165.51		277.589 	 -71.2231041799 	 32.2238114848 	 1 	 1 	 1 	 -1 
157.635		286.102 	 76.0567671477 	 -84.8596686014 	 1 	 1 	 1 	 0 
153.545		295.285 	 70.37891347 	 58.6939082749 	 0 	 0 	 1 	 -1 
153.545		304.715 	 213.91963054 	 124.842040516 	 0 	 0 	 1 	 1 
157.635		313.898 	 -421.543284051 	 -120.583723276 	 1 	 1 	 1 	 0 
165.51		322.411 	 235.046479648 	 62.9437306076 	 1 	 0 	 1 	 -1 
176.661		330 	 -78.4198613008 	 -139.962608896 	 0 	 0 	 1 	 1 
190.511		336.587 	 -102.75076888 	 124.403133 	 1 	 1 	 1 	 1 
181.979		343.898 	 -294.251095729 	 119.5957274 	 1 	 1 	 1 	 1 
176.661		351.787 	 206.631287148 	 91.5898430582 	 0 	 1 	 1 	 1 
174.852		0 	 -35.9880332237 	 -81.4469273065 	 1 	 1 	 1 	 0 
176.661		8.21321 	 8.47678633728 	 30.9874876942 	 1 	 0 	 1 	 -1 
181.979		16.1021 	 -16.6959445793 	 -133.761234455 	 0 	 1 	 1 	 -1 
190.511		23.4132 	 83.4225984827 	 -65.396593447 	 1 	 0 	 1 	 0 
201.845		30 	 100.482866751 	 121.319566509 	 1 	 1 	 1 	 0 
181.979		43.8979 	 -84.5542118333 	 -124.74322363 	 0 	 1 	 1 	 1 
176.661		51.7868 	 31.3659900737 	 58.5397679294 	 1 	 0 	 1 	 -1 
174.852		60 	 44.3915752504 	 36.5983120553 	 0 	 1 	 1 	 0 
176.661		68.2132 	 -72.2452433914 	 -148.500230176 	 1 	 1 	 1 	 -1 
181.979		76.1021 	 -194.966064189 	 66.2582042276 	 1 	 1 	 1 	 -1 
190.511		83.4132 	 -333.497828727 	 -47.3123674798 	 0 	 1 	 1 	 -1 
201.845		90 	 -394.098091436 	 -112.13573045 	 1 	 0 	 1 	 0 
190.511		96.5868 	 -269.85255775 	 -28.0970293056 	 0 	 0 	 1 	 -1 
181.979		103.898 	 -31.4321825886 	 -71.959362617 	 0 	 0 	 1 	 0 
176.661		111.787 	 -271.296283564 	 20.7479975428 	 0 	 1 	 1 	 0 
174.852		120 	 32.3003464798 	 -42.6602337636 	 1 	 0 	 1 	 0 
176.661		128.213 	 79.2419065959 	 10.1145311204 	 0 	 1 	 1 	 -1 
181.979		136.102 	 -23.3243214623 	 -96.5293976302 	 1 	 1 	 1 	 0 
190.51		143.413 	 -125.998231347 	 38.6301359054 	 1 	 1 	 1 	 1 
201.845		150 	 -35.1892923081 	 41.5163300854 	 0 	 1 	 1 	 -1 
190.511		156.587 	 -196.102804122 	 -37.026449003 	 0 	 1 	 1 	 -1 
181.979		163.898 	 -83.4614078713 	 -129.713231884 	 0 	 1 	 1 	 -1 
176.661		171.787 	 134.636679773 	 133.098992039 	 0 	 1 	 1 	 -1 
174.852		180 	 40.6662093432 	 -164.983750345 	 0 	 1 	 1 	 0 
176.661		188.213 	 46.5275030183 	 149.930642112 	 1 	 0 	 1 	 1 
181.979		196.102 	 18.8844189508 	 161.710301734 	 1 	 1 	 1 	 -1 
190.511		203.413 	 58.1977310862 	 37.1061288868 	 1 	 0 	 1 	 1 
201.845		210 	 129.087101449 	 177.90489082 	 1 	 1 	 1 	 1 
190.51		216.587 	 -256.217209531 	 125.513888977 	 0 	 0 	 1 	 0 
181.979		223.898 	 52.421577553 	 129.845546994 	 0 	 1 	 1 	 1 
176.661		231.787 	 -188.959862882 	 -22.4582682495 	 1 	 0 	 1 	 -1 
174.853		240 	 -155.108227892 	 23.8714043817 	 0 	 1 	 1 	 -1 
176.662		248.213 	 -185.80447936 	 96.8346601027 	 1 	 0 	 1 	 0 
181.979		256.102 	 -17.9249755752 	 -90.5837157981 	 1 	 1 	 1 	 -1 
190.511		263.413 	 -283.373701269 	 106.961316278 	 1 	 0 	 1 	 0 
190.511		276.587 	 47.3201010743 	 175.932868029 	 0 	 0 	 1 	 -1 
181.979		283.898 	 -172.92603605 	 176.218127614 	 0 	 0 	 1 	 0 
176.662		291.787 	 16.3064899723 	 86.3818551024 	 1 	 1 	 1 	 -1 
174.853		300 	 86.3170039065 	 -46.0458105577 	 1 	 1 	 1 	 1 
176.661		308.213 	 45.3585796654 	 -120.484549426 	 1 	 0 	 1 	 -1 
181.979		316.102 	 -60.1917180025 	 -9.83408575664 	 1 	 1 	 1 	 0 
190.511		323.413 	 189.768892129 	 -69.9265863885 	 1 	 1 	 1 	 -1 
201.845		330 	 -114.081009563 	 62.039862481 	 0 	 1 	 1 	 0 
215.536		335.818 	 -216.575955672 	 161.164035793 	 1 	 1 	 1 	 -1 
206.511		342.216 	 80.2094881958 	 132.009145377 	 0 	 0 	 1 	 -1 
200.265		349.107 	 -340.222863365 	 -42.7129721633 	 1 	 1 	 1 	 1 
197.068		356.329 	 -147.957089033 	 159.729902396 	 0 	 1 	 1 	 1 
197.068		3.6705 	 -160.248276823 	 -48.5751947719 	 0 	 1 	 1 	 0 
200.265		10.8934 	 200.200408031 	 -24.6740737294 	 0 	 0 	 1 	 1 
206.511		17.7836 	 45.8033365517 	 156.462606747 	 1 	 1 	 1 	 1 
215.536		24.1825 	 -188.042370312 	 147.033037509 	 1 	 1 	 1 	 1 
227.007		30 	 -100.221457756 	 -43.3030000186 	 1 	 0 	 1 	 1 
215.536		35.8175 	 -105.536473648 	 43.3732453006 	 1 	 1 	 1 	 1 
206.511		42.2164 	 98.3191845662 	 -42.239336568 	 1 	 0 	 1 	 0 
200.265		49.1066 	 165.421584942 	 -92.2735504674 	 1 	 1 	 1 	 1 
197.068		56.3295 	 37.128381243 	 -74.6778590766 	 1 	 0 	 1 	 -1 
197.068		63.6705 	 -23.3594490541 	 -78.4327546031 	 1 	 0 	 1 	 1 
200.265		70.8934 	 67.5621232551 	 -106.491498991 	 0 	 1 	 1 	 1 
206.511		77.7836 	 25.333380736 	 -17.144974671 	 0 	 1 	 1 	 0 
215.536		84.1825 	 -293.80299493 	 -168.327121624 	 0 	 1 	 1 	 0 
227.007		90 	 -11.1127452949 	 -128.513305582 	 0 	 0 	 1 	 -1 
215.536		95.8175 	 -279.662877352 	 -151.808689596 	 1 	 1 	 1 	 1 
206.511		102.216 	 -152.622659167 	 29.4714105589 	 0 	 1 	 1 	 0 
200.265		109.107 	 -216.851725243 	 -67.7285181609 	 1 	 0 	 1 	 -1 
197.068		116.33 	 -61.7834790491 	 -29.5479889353 	 1 	 1 	 1 	 -1 
197.068		123.671 	 18.8903811075 	 117.658981292 	 0 	 1 	 1 	 -1 
200.265		130.893 	 -99.2605251615 	 18.1872831054 	 0 	 1 	 1 	 -1 
206.51		137.784 	 148.288280196 	 105.798781048 	 1 	 1 	 1 	 -1 
215.536		144.182 	 178.043280237 	 38.8376395125 	 1 	 0 	 1 	 0 
227.007		150 	 -154.148412684 	 155.669060242 	 1 	 0 	 1 	 1 
215.536		155.818 	 -291.013770827 	 -170.399216445 	 1 	 0 	 1 	 -1 
206.511		162.216 	 126.382278288 	 -86.9955117177 	 1 	 0 	 1 	 0 
200.266		169.107 	 50.4836337454 	 -51.9843342546 	 1 	 0 	 1 	 0 
197.068		176.33 	 -324.1465602 	 149.328344542 	 0 	 0 	 1 	 1 
197.068		183.671 	 -84.9338239856 	 -81.0461058035 	 1 	 1 	 1 	 1 
200.266		190.893 	 -28.8403735624 	 174.213057602 	 0 	 1 	 1 	 0 
206.511		197.784 	 -154.758134413 	 -126.378029451 	 0 	 1 	 1 	 0 
215.536		204.182 	 47.3637221555 	 89.9482415011 	 0 	 0 	 1 	 0 
227.007		210 	 247.81721556 	 25.8431144445 	 0 	 0 	 1 	 -1 
215.536		215.818 	 62.5362848779 	 28.5465421303 	 0 	 1 	 1 	 -1 
206.51		222.216 	 239.087028203 	 163.429363321 	 1 	 0 	 1 	 0 
200.265		229.107 	 60.3591673662 	 22.977197393 	 0 	 0 	 1 	 0 
197.068		236.329 	 -89.6337582218 	 -179.140984689 	 0 	 0 	 1 	 0 
197.068		243.671 	 -537.975947404 	 -110.838171604 	 0 	 1 	 1 	 1 
200.265		250.893 	 -6.85192860993 	 -15.1819492709 	 1 	 1 	 1 	 1 
206.51		257.784 	 -108.422743982 	 159.863394124 	 0 	 1 	 1 	 0 
215.536		264.182 	 166.868765827 	 -128.437071623 	 0 	 1 	 1 	 -1 
227.007		270 	 58.6483604067 	 167.73591357 	 0 	 0 	 1 	 1 
215.536		275.818 	 -27.4382934277 	 -46.8101490253 	 1 	 0 	 1 	 1 
206.51		282.216 	 55.4422926432 	 75.722609219 	 0 	 0 	 1 	 0 
200.265		289.107 	 76.7286187297 	 154.352363424 	 0 	 1 	 1 	 1 
197.068		296.329 	 -196.699946278 	 -22.1183296235 	 0 	 0 	 1 	 -1 
197.068		303.67 	 -21.1408577234 	 -54.948340023 	 0 	 0 	 1 	 -1 
200.265		310.893 	 230.166429578 	 157.752700399 	 0 	 1 	 1 	 0 
206.511		317.784 	 102.903035447 	 158.06291399 	 1 	 1 	 1 	 -1 
227.008		330 	 184.135176124 	 74.5201332436 	 0 	 1 	 1 	 -1 
240.57		335.209 	 178.561249497 	 109.58395279 	 0 	 1 	 1 	 0 
231.161		340.893 	 -112.919739101 	 25.3299257319 	 0 	 0 	 1 	 1 
224.195		346.996 	 95.3921347875 	 -163.950706269 	 1 	 1 	 1 	 -1 
219.909		353.413 	 -23.5500325014 	 -178.183324288 	 0 	 0 	 1 	 0 
218.461		0 	 -307.311289153 	 -94.568854871 	 0 	 0 	 1 	 -1 
219.909		6.58678 	 21.2865753212 	 169.610735361 	 1 	 0 	 1 	 1 
224.195		13.0039 	 114.517890025 	 79.5222979334 	 0 	 0 	 1 	 0 
231.161		19.1066 	 327.158707426 	 -153.816450807 	 1 	 1 	 1 	 -1 
240.57		24.7913 	 -89.1219790125 	 39.2708831238 	 0 	 0 	 1 	 1 
252.146		30 	 302.706790243 	 94.9994505365 	 0 	 1 	 1 	 -1 
240.57		35.2087 	 266.761025056 	 -131.945796467 	 0 	 1 	 1 	 1 
231.161		40.8934 	 -179.286979108 	 -83.0836728899 	 1 	 0 	 1 	 -1 
224.195		46.9961 	 -175.089740003 	 148.572311229 	 0 	 0 	 1 	 0 
219.909		53.4132 	 186.441834802 	 138.004964786 	 1 	 0 	 1 	 -1 
218.461		60 	 -121.185373272 	 41.9361477908 	 1 	 1 	 1 	 0 
219.909		66.5868 	 163.966636887 	 82.5698107508 	 1 	 1 	 1 	 1 
224.195		73.0039 	 -207.955724105 	 -178.413472102 	 0 	 1 	 1 	 0 
231.161		79.1066 	 269.579816759 	 77.6668593163 	 1 	 0 	 1 	 1 
240.57		84.7913 	 -85.955975853 	 -133.891039874 	 1 	 0 	 1 	 1 
240.57		95.2087 	 181.963490904 	 122.799516483 	 1 	 1 	 1 	 1 
231.161		100.893 	 32.6872933656 	 -24.2925557434 	 1 	 0 	 1 	 -1 
224.195		106.996 	 81.0903923441 	 -102.123195948 	 1 	 0 	 1 	 1 
219.909		113.413 	 -74.3001615634 	 54.0915454838 	 0 	 0 	 1 	 1 
218.461		120 	 -158.029652153 	 61.3385212927 	 0 	 0 	 1 	 1 
219.909		126.587 	 -15.981554403 	 -36.1150901447 	 1 	 1 	 1 	 -1 
224.195		133.004 	 169.760939678 	 55.3601695275 	 1 	 0 	 1 	 -1 
231.161		139.107 	 -143.222829906 	 -163.848285402 	 1 	 1 	 1 	 1 
252.146		150 	 -241.77421802 	 -170.524442847 	 1 	 1 	 1 	 1 
240.57		155.209 	 -37.5662857656 	 114.210937728 	 1 	 0 	 1 	 0 
231.16		160.893 	 187.965370225 	 94.924042493 	 0 	 0 	 1 	 0 
224.196		166.996 	 8.24611913409 	 -168.793748974 	 1 	 0 	 1 	 1 
219.909		173.413 	 133.569769139 	 156.959199989 	 0 	 0 	 1 	 1 
218.461		180 	 -21.2048853559 	 50.7251930395 	 0 	 0 	 1 	 1 
219.909		186.587 	 160.601280794 	 112.363958312 	 1 	 0 	 1 	 1 
224.196		193.004 	 149.447105471 	 -3.57340743302 	 1 	 1 	 1 	 0 
231.16		199.107 	 -81.5862335548 	 157.728899437 	 0 	 0 	 1 	 0 
240.57		204.791 	 -146.194894642 	 15.64779831 	 1 	 0 	 1 	 -1 
252.146		210 	 -218.353921601 	 162.333928767 	 1 	 0 	 1 	 1 
240.57		215.209 	 -113.129908083 	 46.8601270094 	 1 	 1 	 1 	 -1 
231.161		220.893 	 185.84467526 	 -108.574960661 	 1 	 0 	 1 	 -1 
224.196		226.996 	 147.60541813 	 78.1577111372 	 1 	 1 	 1 	 0 
219.909		233.413 	 -101.499512142 	 -176.31762052 	 0 	 1 	 1 	 -1 
218.461		240 	 91.3881811139 	 -167.628352544 	 0 	 1 	 1 	 1 
219.909		246.587 	 -363.831920788 	 -28.5260842291 	 0 	 1 	 1 	 1 
224.195		253.004 	 -297.903583185 	 -83.0324104474 	 1 	 1 	 1 	 0 
231.16		259.107 	 100.44072369 	 -149.427534786 	 0 	 1 	 1 	 0 
240.57		264.791 	 -319.809024991 	 -93.9399457915 	 0 	 1 	 1 	 -1 
252.146		270 	 11.666384116 	 26.6186277244 	 0 	 1 	 1 	 1 
240.57		275.209 	 388.52308869 	 -20.8967449677 	 1 	 0 	 1 	 0 
231.16		280.893 	 290.372984742 	 -60.3181980632 	 0 	 1 	 1 	 1 
224.195		286.996 	 51.1446126144 	 -101.043186263 	 1 	 0 	 1 	 0 
219.909		293.413 	 42.7201149494 	 50.4611217318 	 1 	 0 	 1 	 -1 
218.461		300 	 218.348229635 	 158.942481057 	 1 	 0 	 1 	 1 
219.909		306.587 	 28.1552951994 	 -79.849455668 	 0 	 0 	 1 	 0 
224.196		313.004 	 -159.559535908 	 -112.939515571 	 0 	 0 	 1 	 0 
231.161		319.107 	 -45.3396779988 	 143.15789718 	 0 	 1 	 1 	 -1 
240.57		324.791 	 -87.7464553573 	 -33.851132691 	 1 	 1 	 1 	 1 
252.146		330 	 293.271972508 	 84.0932801456 	 0 	 1 	 1 	 1 
265.601		334.715 	 321.768715516 	 161.802167415 	 0 	 1 	 1 	 0 
255.886		339.826 	 -105.603909488 	 8.60613881646 	 1 	 1 	 1 	 0 
248.348		345.295 	 -264.53007132 	 179.634273985 	 1 	 0 	 1 	 1 
243.191		351.052 	 -339.601277975 	 -24.9717212059 	 1 	 1 	 1 	 -1 
240.57		356.996 	 23.389875593 	 103.942499781 	 1 	 0 	 1 	 1 
240.57		3.00449 	 -65.0900773001 	 32.6850541293 	 1 	 1 	 1 	 -1 
243.191		8.94827 	 77.8071057193 	 -133.06778837 	 1 	 0 	 1 	 -1 
248.348		14.7047 	 140.396118252 	 151.318886434 	 0 	 0 	 1 	 0 
255.886		20.1736 	 -67.316364253 	 122.161392167 	 1 	 0 	 1 	 -1 
265.601		25.285 	 10.3834598363 	 -80.7556299531 	 0 	 1 	 1 	 1 
277.258		30 	 125.608102472 	 -20.3741258359 	 1 	 1 	 1 	 0 
265.601		34.715 	 211.634102143 	 -161.81150471 	 1 	 0 	 1 	 0 
255.887		39.8264 	 181.282073824 	 150.708030015 	 0 	 1 	 1 	 0 
248.348		45.2953 	 -15.3242259574 	 -12.1572722532 	 0 	 0 	 1 	 -1 
243.191		51.0517 	 -133.339768789 	 102.282692854 	 0 	 0 	 1 	 -1 
240.57		56.9955 	 -27.2312166532 	 -131.766327423 	 1 	 0 	 1 	 0 
240.57		63.0045 	 108.739354817 	 31.367112232 	 1 	 1 	 1 	 0 
243.191		68.9483 	 -105.818988743 	 32.0785146325 	 1 	 0 	 1 	 0 
248.348		74.7047 	 176.582771706 	 -13.4562672057 	 0 	 0 	 1 	 1 
255.887		80.1736 	 -65.027621435 	 -49.1086109754 	 1 	 1 	 1 	 1 
265.601		85.285 	 72.9503292206 	 -9.78540428655 	 0 	 1 	 1 	 -1 
277.257		90 	 35.8751442708 	 -30.1192325496 	 1 	 0 	 1 	 -1 
265.601		94.715 	 10.8281191898 	 -36.7968131748 	 1 	 0 	 1 	 1 
255.887		99.8264 	 -119.595761043 	 -104.259330332 	 0 	 1 	 1 	 -1 
248.348		105.295 	 85.9457004643 	 100.802355676 	 1 	 1 	 1 	 1 
243.191		111.052 	 -283.458715359 	 -115.992477688 	 0 	 0 	 1 	 0 
240.57		116.996 	 -83.5853059769 	 98.9127814982 	 1 	 1 	 1 	 1 
240.57		123.005 	 -72.4107941932 	 -167.816904154 	 1 	 1 	 1 	 0 
243.191		128.948 	 -131.975544355 	 112.682611658 	 1 	 0 	 1 	 -1 
248.348		134.705 	 51.8998470391 	 -161.582681578 	 0 	 1 	 1 	 0 
255.887		140.174 	 0.797524902799 	 -162.433946415 	 1 	 1 	 1 	 -1 
265.6		145.285 	 -135.031772446 	 19.2984231639 	 1 	 0 	 1 	 -1 
277.257		150 	 23.4313060298 	 -100.566984524 	 1 	 1 	 1 	 0 
265.601		154.715 	 44.3317831482 	 72.8635551649 	 0 	 1 	 1 	 0 
255.886		159.826 	 67.8282956501 	 -35.6694958594 	 0 	 0 	 1 	 -1 
248.348		165.295 	 -57.3161837411 	 -92.7399325307 	 1 	 1 	 1 	 1 
243.191		171.052 	 -30.4505761501 	 48.0524402705 	 0 	 1 	 1 	 -1 
240.57		176.996 	 -18.3847064182 	 -105.646929694 	 1 	 1 	 1 	 0 
240.57		183.005 	 -37.7997986328 	 -178.894067754 	 1 	 1 	 1 	 0 
243.191		188.948 	 -293.649859742 	 96.5908062716 	 0 	 1 	 1 	 0 
248.348		194.705 	 -16.258022868 	 157.61989685 	 1 	 0 	 1 	 -1 
255.886		200.174 	 -109.116969433 	 -93.7391397505 	 0 	 1 	 1 	 1 
265.601		205.285 	 -14.7566295242 	 -4.73259801312 	 1 	 0 	 1 	 0 
277.258		210 	 -197.886700329 	 9.3048840732 	 0 	 0 	 1 	 1 
265.6		214.715 	 12.3208973507 	 149.114287798 	 0 	 0 	 1 	 1 
255.887		219.826 	 148.713046575 	 -111.296786359 	 1 	 1 	 1 	 1 
248.348		225.295 	 -54.9977927398 	 136.511518883 	 1 	 1 	 1 	 1 
243.191		231.052 	 168.708660199 	 -115.481841821 	 1 	 1 	 1 	 0 
240.57		236.995 	 -87.0933614779 	 18.9714817919 	 1 	 0 	 1 	 -1 
240.57		243.004 	 8.34776513436 	 -176.925459662 	 1 	 1 	 1 	 0 
243.19		248.948 	 -72.6176660101 	 -140.102453094 	 0 	 1 	 1 	 0 
248.348		254.705 	 125.52198203 	 124.499727259 	 1 	 1 	 1 	 0 
255.886		260.174 	 191.077598457 	 54.9783025351 	 1 	 1 	 1 	 1 
265.601		265.285 	 144.190529042 	 54.3372509209 	 0 	 0 	 1 	 0 
277.258		270 	 -112.936228021 	 -149.895056185 	 0 	 0 	 1 	 1 
265.601		274.715 	 -14.4932120317 	 108.005373523 	 0 	 1 	 1 	 1 
255.886		279.826 	 128.562566618 	 -130.947981388 	 0 	 1 	 1 	 0 
248.348		285.295 	 -186.689035815 	 -134.764955865 	 0 	 0 	 1 	 -1 
243.19		291.052 	 312.05859 	 -52.6569056299 	 1 	 0 	 1 	 0 
240.57		296.996 	 -112.361956544 	 -136.621823731 	 0 	 1 	 1 	 1 
240.57		303.004 	 -136.476296301 	 -130.854788854 	 1 	 0 	 1 	 -1 
243.191		308.948 	 -333.705577305 	 84.4100061851 	 1 	 0 	 1 	 1 
248.348		314.705 	 -98.7307107867 	 -48.0759628261 	 0 	 0 	 1 	 -1 
255.886		320.174 	 -52.6720065636 	 -3.08349763154 	 0 	 1 	 1 	 0 
265.6		325.285 	 -24.2516439398 	 95.2579849981 	 1 	 1 	 1 	 -1 
277.258		330 	 -201.200141181 	 -62.8615791277 	 0 	 1 	 1 	 1 
290.619		334.307 	 108.704429392 	 -141.963094227 	 1 	 1 	 1 	 -1 
280.659		338.948 	 -335.084558222 	 55.5272077615 	 1 	 0 	 1 	 1 
272.656		343.898 	 -30.7145358221 	 103.144976195 	 1 	 0 	 1 	 0 
266.79		349.107 	 -71.5498451125 	 -6.72415658815 	 1 	 0 	 1 	 0 
263.206		354.504 	 -179.287148091 	 -110.409988639 	 0 	 1 	 1 	 0 
262.001		0 	 -12.3172069568 	 69.4657498709 	 0 	 0 	 1 	 -1 
263.206		5.49637 	 176.148242796 	 -105.471220945 	 0 	 1 	 1 	 0 
266.79		10.8934 	 49.8391909061 	 39.5624960759 	 0 	 0 	 1 	 -1 
272.656		16.1021 	 30.1156729738 	 26.1089501112 	 0 	 1 	 1 	 1 
280.659		21.0517 	 45.3163165771 	 152.252352479 	 0 	 0 	 1 	 0 
290.619		25.6934 	 -55.501098275 	 -160.32003259 	 0 	 0 	 1 	 1 
302.34		30 	 191.270285944 	 132.813408344 	 0 	 0 	 1 	 0 
290.619		34.3066 	 93.2015062964 	 -9.14307129878 	 1 	 0 	 1 	 1 
280.659		38.9483 	 40.8723305185 	 -22.9855788683 	 0 	 1 	 1 	 1 
272.656		43.8979 	 -93.9993166335 	 80.2610054375 	 1 	 0 	 1 	 0 
266.789		49.1066 	 -66.8012289579 	 173.643871264 	 0 	 0 	 1 	 0 
263.206		54.5036 	 -136.861097737 	 92.1100497006 	 0 	 0 	 1 	 -1 
262.001		60 	 -26.5798307128 	 -146.795102053 	 0 	 1 	 1 	 1 
263.206		65.4964 	 174.010832188 	 106.206907307 	 0 	 0 	 1 	 -1 
266.79		70.8934 	 245.60557667 	 81.4904065204 	 0 	 0 	 1 	 1 
272.656		76.1021 	 34.7290415548 	 104.760759088 	 0 	 1 	 1 	 1 
280.659		81.0517 	 -159.160049715 	 148.547906807 	 1 	 1 	 1 	 1 
290.619		85.6934 	 151.949956176 	 -80.9137450771 	 1 	 0 	 1 	 0 
302.34		90 	 64.3495263936 	 57.6875828645 	 0 	 0 	 1 	 0 
290.619		94.3066 	 -155.883686447 	 -41.7155605529 	 0 	 0 	 1 	 -1 
280.659		98.9483 	 8.92130294089 	 75.5543740619 	 1 	 0 	 1 	 -1 
272.655		103.898 	 -28.9112713924 	 -110.670739804 	 0 	 1 	 1 	 1 
266.79		109.107 	 0.849728822355 	 -158.857346865 	 1 	 1 	 1 	 -1 
263.206		114.504 	 2.49907809012 	 152.461287041 	 0 	 0 	 1 	 0 
262		120 	 -225.166084551 	 88.2951602615 	 1 	 0 	 1 	 1 
263.206		125.496 	 -112.936034645 	 161.121099796 	 1 	 1 	 1 	 0 
266.79		130.893 	 14.9901986421 	 11.0596991886 	 1 	 0 	 1 	 0 
272.655		136.102 	 -123.797970927 	 -59.001259734 	 1 	 0 	 1 	 -1 
280.659		141.052 	 144.910578627 	 -13.588192557 	 0 	 1 	 1 	 -1 
290.619		145.693 	 -54.782558883 	 46.4256179891 	 0 	 0 	 1 	 -1 
302.34		150 	 54.4341522567 	 -100.421913211 	 1 	 1 	 1 	 -1 
290.619		154.307 	 -8.47889556691 	 138.917201868 	 0 	 1 	 1 	 0 
280.659		158.948 	 44.7967255019 	 175.309786137 	 1 	 0 	 1 	 1 
272.656		163.898 	 72.1321734146 	 75.569031312 	 0 	 1 	 1 	 0 
266.789		169.107 	 -12.2368020796 	 88.8696903953 	 1 	 1 	 1 	 -1 
263.206		174.504 	 -48.1305414131 	 166.77722802 	 0 	 0 	 1 	 -1 
262.001		180 	 62.7096732436 	 118.107897536 	 0 	 1 	 1 	 0 
263.206		185.496 	 -82.7996705096 	 157.830921586 	 1 	 0 	 1 	 0 
266.789		190.893 	 44.9113029741 	 -56.5114746705 	 0 	 0 	 1 	 1 
272.656		196.102 	 -36.1529180065 	 -159.110603329 	 0 	 0 	 1 	 0 
280.659		201.052 	 -169.508912242 	 118.070190038 	 1 	 0 	 1 	 -1 
290.619		205.693 	 393.547816519 	 -166.478771411 	 1 	 0 	 1 	 0 
302.34		210 	 -54.373983165 	 161.115053043 	 1 	 0 	 1 	 -1 
290.619		214.307 	 -193.600846591 	 122.896660004 	 1 	 0 	 1 	 -1 
280.658		218.948 	 48.3503679581 	 -148.43448798 	 1 	 0 	 1 	 -1 
272.656		223.898 	 130.507482017 	 88.1447341942 	 0 	 0 	 1 	 1 
266.79		229.107 	 3.30918222724 	 -98.5785486938 	 1 	 1 	 1 	 0 
263.206		234.504 	 -100.237602703 	 -110.458959743 	 0 	 1 	 1 	 1 
262		240 	 -16.1057209159 	 39.7037401305 	 1 	 0 	 1 	 -1 
263.206		245.496 	 -269.615439232 	 179.794943505 	 1 	 1 	 1 	 1 
266.789		250.893 	 -462.825465656 	 -103.403972776 	 1 	 0 	 1 	 1 
272.656		256.102 	 -205.527858476 	 -116.412169417 	 0 	 0 	 1 	 1 
280.659		261.052 	 22.185909281 	 -39.5851572594 	 1 	 0 	 1 	 -1 
290.62		265.693 	 18.7234197603 	 -70.5521283429 	 0 	 0 	 1 	 1 
302.34		270 	 -55.2531787277 	 -53.4098956611 	 1 	 1 	 1 	 0 
290.62		274.307 	 -174.247707039 	 151.170440207 	 1 	 1 	 1 	 0 
280.659		278.948 	 -164.162417522 	 -109.486258713 	 1 	 0 	 1 	 -1 
272.656		283.898 	 204.327528936 	 -87.8209895043 	 1 	 1 	 1 	 -1 
266.789		289.107 	 182.695972594 	 8.24592043086 	 1 	 0 	 1 	 0 
263.206		294.504 	 -109.916816097 	 5.6878745044 	 0 	 1 	 1 	 1 
262		300 	 232.117662723 	 124.524208126 	 1 	 0 	 1 	 1 
263.206		305.496 	 234.731943044 	 2.47598880862 	 0 	 0 	 1 	 -1 
266.79		310.893 	 -275.602406225 	 -164.876987761 	 1 	 0 	 1 	 1 
272.656		316.102 	 -72.7919841862 	 111.830407637 	 1 	 1 	 1 	 0 
280.659		321.052 	 -31.5845957053 	 -172.487822166 	 0 	 0 	 1 	 1 
290.619		325.693 	 1.07402583039 	 -159.199348233 	 0 	 0 	 1 	 0 
302.34		330 	 -22.2700687854 	 68.3515683305 	 1 	 1 	 1 	 1 
315.62		333.963 	 86.4114609389 	 47.5260587299 	 0 	 1 	 1 	 1 
305.457		338.213 	 346.678299282 	 18.9822655098 	 1 	 0 	 1 	 0 
297.071		342.731 	 -88.7409854221 	 18.3057098797 	 1 	 1 	 1 	 0 
290.619		347.48 	 356.398664415 	 -178.402978751 	 1 	 0 	 1 	 0 
286.236		352.411 	 52.6907874336 	 25.3533055013 	 1 	 0 	 1 	 -1 
284.018		357.457 	 -55.6489289111 	 158.74918328 	 0 	 1 	 1 	 0 
284.018		2.54292 	 0.1910422134 	 -127.336916217 	 1 	 0 	 1 	 -1 
286.236		7.58909 	 -97.1893115584 	 139.140797945 	 0 	 0 	 1 	 0 
290.619		12.5198 	 233.612185224 	 -109.743591532 	 1 	 0 	 1 	 -1 
297.071		17.2695 	 60.0217920097 	 -167.41669321 	 0 	 1 	 1 	 -1 
305.457		21.7868 	 152.865253553 	 43.5750491856 	 0 	 0 	 1 	 0 
315.62		26.0368 	 58.5780788989 	 83.0704896854 	 0 	 0 	 1 	 -1 
327.39		30 	 -141.675115067 	 64.463858963 	 0 	 0 	 1 	 1 
305.457		38.2132 	 -284.332477866 	 -82.9591505857 	 0 	 0 	 1 	 -1 
297.071		42.7305 	 -199.818759556 	 129.559066505 	 0 	 0 	 1 	 1 
290.619		47.4802 	 312.611735408 	 33.157540451 	 1 	 1 	 1 	 1 
286.236		52.4109 	 201.220871278 	 171.600356011 	 1 	 1 	 1 	 1 
284.018		57.4571 	 79.2275171174 	 -89.088232804 	 1 	 1 	 1 	 0 
284.018		62.5429 	 4.57802479943 	 146.396451764 	 1 	 1 	 1 	 -1 
286.236		67.5891 	 91.8980123081 	 23.4470719833 	 1 	 0 	 1 	 0 
290.619		72.5198 	 -63.1851738515 	 -149.665917351 	 1 	 1 	 1 	 -1 
297.071		77.2695 	 -107.153708269 	 -87.014283669 	 0 	 1 	 1 	 -1 
305.457		81.7868 	 98.0658886499 	 162.155721787 	 0 	 0 	 1 	 1 
315.62		86.0368 	 -200.134030743 	 58.0711092409 	 0 	 1 	 1 	 -1 
327.39		90 	 -95.3301093021 	 -179.712101676 	 1 	 0 	 1 	 0 
315.62		93.9632 	 -1.05798369298 	 92.988069712 	 1 	 0 	 1 	 -1 
305.457		98.2132 	 -18.4458753781 	 56.5577996891 	 1 	 1 	 1 	 1 
297.071		102.731 	 -84.2303491292 	 71.2717716097 	 1 	 0 	 1 	 0 
290.619		107.48 	 -85.5027048267 	 -100.316362917 	 1 	 0 	 1 	 0 
286.236		112.411 	 -165.497611845 	 -38.2134419703 	 1 	 0 	 1 	 0 
284.018		117.457 	 166.973349443 	 -127.9748674 	 1 	 1 	 1 	 -1 
284.018		122.543 	 -119.639622681 	 44.5559179861 	 0 	 0 	 1 	 -1 
286.236		127.589 	 119.107924918 	 124.06647353 	 1 	 1 	 1 	 -1 
290.62		132.52 	 7.47846994119 	 72.9001466405 	 0 	 1 	 1 	 0 
297.071		137.269 	 -79.3551174717 	 -46.2912432874 	 0 	 1 	 1 	 0 
305.457		141.787 	 45.9845796778 	 -108.108588346 	 1 	 0 	 1 	 1 
315.62		146.037 	 -25.7642643524 	 -13.1888871222 	 1 	 1 	 1 	 1 
327.39		150 	 164.961057586 	 43.2082492636 	 1 	 1 	 1 	 -1 
315.619		153.963 	 116.75664933 	 137.873947252 	 1 	 1 	 1 	 1 
305.457		158.213 	 -9.91077494952 	 17.4456372422 	 0 	 1 	 1 	 0 
297.071		162.731 	 175.702942071 	 -172.615111055 	 1 	 0 	 1 	 1 
290.62		167.48 	 -261.614597877 	 106.215204991 	 0 	 0 	 1 	 0 
286.236		172.411 	 14.2503646998 	 14.390021077 	 1 	 0 	 1 	 -1 
284.019		177.457 	 -48.0390674191 	 38.2256351588 	 1 	 1 	 1 	 0 
284.019		182.543 	 -117.735997969 	 40.0743870217 	 0 	 0 	 1 	 0 
286.236		187.589 	 144.250757207 	 46.0024675957 	 0 	 1 	 1 	 -1 
290.62		192.52 	 -86.2950312389 	 -11.9570884312 	 1 	 1 	 1 	 0 
297.071		197.269 	 118.416742325 	 69.2062202847 	 0 	 0 	 1 	 0 
305.457		201.787 	 -5.01499564092 	 55.8828548552 	 0 	 0 	 1 	 1 
315.62		206.037 	 101.291989208 	 -74.0753020261 	 0 	 0 	 1 	 1 
327.39		210 	 -51.8032603797 	 -96.0127750744 	 0 	 0 	 1 	 -1 
315.62		213.963 	 103.117827377 	 102.929673507 	 1 	 0 	 1 	 1 
305.457		218.213 	 -135.51861282 	 114.868983353 	 1 	 1 	 1 	 -1 
297.071		222.731 	 174.163606782 	 -117.595960116 	 0 	 0 	 1 	 0 
290.619		227.48 	 -224.674348426 	 25.071388077 	 1 	 0 	 1 	 -1 
286.236		232.411 	 -208.360945439 	 -91.9845611254 	 0 	 1 	 1 	 -1 
284.018		237.457 	 -38.0033596671 	 37.036735188 	 0 	 0 	 1 	 0 
284.019		242.543 	 213.919359431 	 -159.829469079 	 0 	 1 	 1 	 0 
286.236		247.589 	 -81.2561348108 	 82.8792499122 	 1 	 0 	 1 	 0 
290.62		252.52 	 -117.600289466 	 143.656228601 	 0 	 1 	 1 	 1 
297.071		257.269 	 -155.455884033 	 23.4073963564 	 0 	 0 	 1 	 0 
305.457		261.787 	 56.6086162332 	 -64.1760867358 	 0 	 1 	 1 	 0 
315.62		266.037 	 221.435426551 	 -166.590437294 	 0 	 0 	 1 	 0 
327.39		270 	 -265.276999919 	 -33.7451322559 	 1 	 0 	 1 	 1 
315.62		273.963 	 -197.703189965 	 111.791415309 	 1 	 1 	 1 	 -1 
305.457		278.213 	 -8.10482233488 	 -108.613622204 	 0 	 1 	 1 	 0 
297.071		282.731 	 47.8548142678 	 -16.0600698472 	 0 	 1 	 1 	 1 
290.62		287.48 	 -114.078354105 	 -26.4497458126 	 1 	 1 	 1 	 -1 
286.236		292.411 	 -146.371590719 	 125.617241734 	 1 	 0 	 1 	 0 
284.019		297.457 	 188.220149439 	 74.2171853379 	 0 	 0 	 1 	 -1 
284.018		302.543 	 31.3845655775 	 152.171310453 	 1 	 1 	 1 	 1 
286.236		307.589 	 -115.707610234 	 -92.4500956103 	 1 	 0 	 1 	 0 
290.619		312.52 	 -221.981237116 	 -173.966536909 	 1 	 1 	 1 	 1 
297.071		317.269 	 114.574807566 	 104.00376177 	 1 	 1 	 1 	 -1 
305.457		321.787 	 -111.348575928 	 -165.655310283 	 1 	 0 	 1 	 1 
327.39		330 	 2.50660963055 	 61.0994032398 	 0 	 0 	 1 	 -1 
340.597		333.67 	 151.668104759 	 113.291861713 	 0 	 0 	 1 	 0 
330.266		337.589 	 52.4063421898 	 87.7863041778 	 1 	 0 	 1 	 -1 
321.56		341.742 	 -14.3996494048 	 71.3233670037 	 1 	 0 	 1 	 0 
314.619		346.102 	 99.2632011424 	 73.4731071156 	 1 	 1 	 1 	 -1 
309.563		350.633 	 237.76958078 	 -71.5443132023 	 0 	 0 	 1 	 1 
306.489		355.285 	 181.30542704 	 -33.2379281897 	 1 	 1 	 1 	 -1 
305.457		0 	 -29.3385754432 	 78.5933931941 	 0 	 1 	 1 	 -1 
306.489		4.715 	 278.558481211 	 -167.989626431 	 1 	 0 	 1 	 0 
309.563		9.367 	 31.8199799967 	 -137.195208011 	 0 	 0 	 1 	 -1 
314.619		13.8979 	 68.3683030224 	 26.5638514692 	 0 	 0 	 1 	 1 
321.56		18.2585 	 -119.037570321 	 19.5947059539 	 1 	 1 	 1 	 1 
330.266		22.4109 	 -29.8058127487 	 -171.063829421 	 1 	 1 	 1 	 1 
340.597		26.3295 	 -341.918126342 	 1.32789582374 	 0 	 0 	 1 	 -1 
352.406		30 	 -152.755661835 	 -34.2341681787 	 0 	 1 	 1 	 -1 
340.597		33.6705 	 152.633611518 	 -17.7689810936 	 1 	 1 	 1 	 -1 
330.266		37.5891 	 -82.3238916798 	 4.22140726449 	 1 	 0 	 1 	 0 
321.56		41.7415 	 -232.503318897 	 -56.0333513222 	 1 	 0 	 1 	 -1 
314.619		46.1021 	 318.841178776 	 120.518877908 	 1 	 0 	 1 	 -1 
309.563		50.633 	 -49.6277693576 	 -95.8656967691 	 0 	 0 	 1 	 -1 
306.489		55.285 	 111.006179571 	 131.066756162 	 1 	 0 	 1 	 -1 
305.457		60 	 -44.7976354184 	 87.083142686 	 0 	 0 	 1 	 -1 
306.489		64.715 	 -24.9224750118 	 13.8588629169 	 0 	 0 	 1 	 1 
309.563		69.367 	 -417.187769621 	 8.46333887648 	 1 	 0 	 1 	 -1 
314.619		73.8979 	 185.479891416 	 89.876802564 	 0 	 1 	 1 	 0 
321.56		78.2585 	 76.1639125692 	 49.09446884 	 1 	 1 	 1 	 -1 
330.266		82.4109 	 161.37632524 	 -29.5813048676 	 1 	 0 	 1 	 0 
340.597		86.3295 	 -226.180337174 	 -57.2480081191 	 1 	 0 	 1 	 -1 
352.406		90 	 212.397440082 	 65.6191928011 	 0 	 1 	 1 	 0 
340.597		93.6705 	 -110.830411445 	 119.170723669 	 1 	 1 	 1 	 0 
330.266		97.5891 	 232.468222274 	 -36.8494595145 	 1 	 1 	 1 	 0 
321.56		101.742 	 147.409451948 	 -15.639481885 	 1 	 1 	 1 	 -1 
314.619		106.102 	 122.372185469 	 123.678583014 	 0 	 1 	 1 	 0 
309.563		110.633 	 105.039444021 	 -10.9834842772 	 0 	 0 	 1 	 0 
306.489		115.285 	 7.01249278202 	 162.270485667 	 0 	 0 	 1 	 0 
305.457		120 	 42.1158506319 	 75.3854738008 	 1 	 0 	 1 	 -1 
306.489		124.715 	 -113.025690028 	 107.508277552 	 0 	 0 	 1 	 1 
309.563		129.367 	 335.377466371 	 -33.5722471928 	 1 	 0 	 1 	 1 
314.619		133.898 	 -186.237939128 	 31.3907242832 	 0 	 1 	 1 	 1 
321.56		138.258 	 -148.85029474 	 16.0874546307 	 0 	 0 	 1 	 -1 
330.266		142.411 	 4.0489373506 	 96.6083221413 	 0 	 0 	 1 	 0 
340.597		146.329 	 -272.812601502 	 -142.143228525 	 1 	 1 	 1 	 1 
352.406		150 	 -119.747984559 	 -111.723027631 	 0 	 1 	 1 	 1 
340.597		153.671 	 -48.3100641886 	 -64.6776351329 	 1 	 1 	 1 	 -1 
330.266		157.589 	 -90.002888864 	 -13.2417974763 	 1 	 1 	 1 	 1 
321.561		161.742 	 91.5050017785 	 116.640856959 	 0 	 1 	 1 	 1 
314.618		166.102 	 155.689198542 	 170.953247062 	 0 	 1 	 1 	 1 
309.563		170.633 	 -204.269289641 	 -58.948485191 	 0 	 0 	 1 	 0 
306.488		175.285 	 42.177430728 	 -90.8314741596 	 0 	 0 	 1 	 1 
305.457		180 	 206.034777418 	 13.8830473686 	 0 	 1 	 1 	 0 
306.488		184.715 	 230.353064846 	 92.4079464958 	 0 	 0 	 1 	 0 
309.563		189.367 	 154.716427695 	 115.595694792 	 1 	 1 	 1 	 0 
314.618		193.898 	 -249.665108501 	 -83.3255271858 	 1 	 1 	 1 	 -1 
321.561		198.258 	 70.4965598511 	 108.835078942 	 0 	 1 	 1 	 -1 
330.266		202.411 	 245.163962359 	 -136.008566893 	 1 	 1 	 1 	 1 
340.597		206.329 	 -145.973970331 	 155.616737258 	 0 	 1 	 1 	 1 
352.406		210 	 162.575883099 	 46.5357242592 	 1 	 0 	 1 	 0 
330.266		217.589 	 111.619878464 	 -111.064097891 	 1 	 0 	 1 	 -1 
321.56		221.742 	 -182.698649359 	 76.1574279904 	 1 	 1 	 1 	 -1 
314.619		226.102 	 -118.992465847 	 28.9837614921 	 1 	 1 	 1 	 1 
309.563		230.633 	 -210.321813052 	 113.67175365 	 1 	 0 	 1 	 1 
306.489		235.285 	 64.0553412918 	 -92.6603681721 	 0 	 1 	 1 	 1 
305.456		240 	 50.8235131066 	 126.54832582 	 0 	 0 	 1 	 1 
306.488		244.715 	 -109.487451733 	 -5.04259150033 	 1 	 0 	 1 	 -1 
309.563		249.367 	 141.502977537 	 156.593444044 	 0 	 0 	 1 	 1 
314.619		253.898 	 -195.998169013 	 145.542282564 	 0 	 0 	 1 	 -1 
321.56		258.258 	 -198.32003734 	 68.2492906708 	 1 	 1 	 1 	 1 
330.266		262.411 	 45.6515796066 	 -80.9114919455 	 0 	 1 	 1 	 0 
340.597		266.33 	 -9.87058666022 	 114.348116057 	 0 	 0 	 1 	 -1 
340.597		273.671 	 139.392625195 	 149.658391171 	 1 	 0 	 1 	 0 
330.266		277.589 	 -78.193596373 	 -114.379489509 	 1 	 1 	 1 	 -1 
321.56		281.742 	 -4.76903003886 	 -169.798826053 	 0 	 1 	 1 	 0 
314.619		286.102 	 295.876031329 	 -151.871719263 	 0 	 0 	 1 	 1 
309.563		290.633 	 -113.647877767 	 178.102585994 	 0 	 1 	 1 	 0 
306.488		295.285 	 51.9604602582 	 -54.3440109467 	 1 	 0 	 1 	 -1 
305.457		300 	 198.730181958 	 -104.931361031 	 1 	 0 	 1 	 -1 
306.489		304.715 	 156.386323601 	 1.98033500001 	 0 	 0 	 1 	 -1 
309.563		309.367 	 1.06581288129 	 -65.121632885 	 0 	 0 	 1 	 -1 
314.619		313.898 	 -128.957117017 	 -26.520820595 	 0 	 1 	 1 	 1 
321.56		318.258 	 125.847236697 	 30.1868968712 	 0 	 1 	 1 	 -1 
330.266		322.411 	 -68.6699958314 	 25.5481775498 	 0 	 0 	 1 	 0 
340.597		326.33 	 233.076398614 	 125.400743995 	 1 	 1 	 1 	 1 
352.406		330 	 -7.32257432876 	 -105.354793296 	 1 	 1 	 1 	 -1 
365.546		333.418 	 -62.7897107886 	 -91.7652764898 	 0 	 1 	 1 	 1 
355.074		337.053 	 212.665618272 	 -134.56115354 	 1 	 0 	 1 	 0 
346.099		340.893 	 192.469611723 	 -5.76110602121 	 1 	 0 	 1 	 1 
338.742		344.921 	 -50.6843313708 	 57.5599973898 	 0 	 0 	 1 	 0 
333.116		349.107 	 -14.2813662347 	 -176.261603109 	 0 	 0 	 1 	 0 
329.31		353.413 	 125.699889763 	 177.834956472 	 1 	 1 	 1 	 -1 
327.39		357.796 	 -107.611437983 	 -102.853595825 	 1 	 1 	 1 	 1 
327.39		2.20423 	 317.787102604 	 -159.389350578 	 1 	 0 	 1 	 0 
329.31		6.58678 	 -316.780391716 	 63.28264481 	 0 	 1 	 1 	 1 
333.116		10.8934 	 107.089106409 	 -110.627783695 	 1 	 1 	 1 	 1 
338.742		15.0791 	 -161.900958685 	 -127.385412101 	 0 	 1 	 1 	 0 
346.099		19.1066 	 -278.454618676 	 158.532258718 	 0 	 0 	 1 	 1 
355.074		22.9473 	 23.6415174137 	 -43.1526146701 	 0 	 0 	 1 	 -1 
365.546		26.582 	 88.0486749641 	 24.1929069463 	 1 	 1 	 1 	 0 
377.385		30 	 -104.732736204 	 -4.48755601793 	 0 	 1 	 1 	 -1 
365.546		33.418 	 445.629461161 	 90.7034555421 	 1 	 1 	 1 	 -1 
355.074		37.0527 	 -250.163368308 	 -86.4680924913 	 1 	 1 	 1 	 1 
346.099		40.8934 	 28.0981333047 	 -71.339175323 	 1 	 1 	 1 	 0 
338.743		44.9209 	 -30.3475552276 	 -162.444893783 	 0 	 0 	 1 	 0 
333.116		49.1066 	 -163.380767294 	 -158.632380468 	 1 	 0 	 1 	 0 
329.31		53.4132 	 -129.486814258 	 -176.926947326 	 0 	 1 	 1 	 1 
327.39		57.7958 	 77.2368051169 	 12.9711752055 	 1 	 0 	 1 	 -1 
327.39		62.2042 	 117.106588442 	 -68.9976808695 	 0 	 0 	 1 	 0 
329.31		66.5868 	 -332.04562398 	 -93.9815301821 	 1 	 0 	 1 	 1 
333.116		70.8934 	 -131.873242913 	 -129.668427047 	 0 	 1 	 1 	 -1 
338.742		75.0791 	 -8.23530932903 	 43.9775598096 	 1 	 1 	 1 	 1 
346.099		79.1066 	 -17.5119661684 	 111.135296754 	 1 	 1 	 1 	 1 
355.074		82.9473 	 99.865641974 	 100.062467067 	 1 	 1 	 1 	 -1 
