25.2587		30 	 29.0163166899 	 64.9561993512 	 0 	 1 	 1 	 1 
25.2587		90 	 34.4654042325 	 78.2864165241 	 0 	 1 	 1 	 -1 
25.2587		150 	 18.4473420862 	 137.948579179 	 1 	 0 	 1 	 0 
25.2587		210 	 33.4692112292 	 -133.689479094 	 0 	 0 	 1 	 0 
25.2587		270 	 35.715463423 	 -71.9709058416 	 1 	 0 	 1 	 0 
43.7478		0 	 59.8010967218 	 3.66860455484 	 0 	 1 	 1 	 1 
50.5147		30 	 33.9919866259 	 16.4484782966 	 1 	 0 	 1 	 -1 
43.7478		60 	 25.976663491 	 49.08166342 	 0 	 0 	 1 	 0 
50.5147		90 	 61.4414079223 	 90.6693185526 	 1 	 0 	 1 	 -1 
43.7478		120 	 35.2360789618 	 94.2426225061 	 1 	 1 	 1 	 -1 
50.5147		150 	 44.0467742614 	 141.176515325 	 0 	 0 	 1 	 0 
43.7478		180 	 48.2152311379 	 -155.538181256 	 0 	 1 	 1 	 -1 
50.5147		210 	 44.7496869576 	 -128.918028377 	 1 	 0 	 1 	 0 
43.7478		240 	 41.4967541756 	 -145.920653568 	 0 	 0 	 1 	 0 
43.7478		300 	 54.7836332983 	 -52.6084492302 	 0 	 0 	 1 	 0 
50.5148		330 	 58.9379747808 	 -31.7325233838 	 1 	 1 	 1 	 0 
66.8212		349.107 	 51.9066629429 	 -14.112572091 	 1 	 0 	 1 	 1 
66.8212		10.8934 	 65.1721288495 	 22.6569690074 	 0 	 1 	 1 	 1 
75.7654		30 	 82.34995211 	 37.3022455039 	 0 	 0 	 1 	 1 
66.8212		49.1066 	 60.9440023846 	 67.990970002 	 0 	 0 	 1 	 0 
66.8212		70.8934 	 63.1334752321 	 76.9396437878 	 0 	 1 	 1 	 -1 
75.7654		90 	 67.5600690859 	 102.110645495 	 1 	 1 	 1 	 0 
66.8212		109.107 	 61.2742390008 	 119.872437895 	 0 	 1 	 1 	 -1 
66.8212		130.893 	 72.5866494594 	 137.284155468 	 0 	 0 	 1 	 0 
75.7654		150 	 63.969050542 	 156.985284495 	 0 	 1 	 1 	 1 
66.8212		169.107 	 67.7037795017 	 -172.76769082 	 0 	 1 	 1 	 -1 
66.8212		190.893 	 67.7928807604 	 -175.700730354 	 0 	 1 	 1 	 0 
66.8212		229.107 	 60.4350601959 	 -119.963551792 	 1 	 0 	 1 	 0 
66.8212		250.893 	 76.6752328809 	 -118.936961124 	 1 	 1 	 1 	 1 
75.7654		270 	 86.71024984 	 -90.1010128318 	 0 	 1 	 1 	 -1 
66.8212		289.107 	 54.1876408896 	 -81.7386768518 	 0 	 0 	 1 	 0 
66.8212		310.893 	 73.7153895265 	 -45.446955219 	 0 	 1 	 1 	 1 
75.7654		330 	 74.7078840698 	 -42.6786873462 	 0 	 1 	 1 	 1 
91.0523		343.898 	 83.2016829421 	 -21.5439461062 	 1 	 0 	 1 	 1 
87.4818		0 	 84.9737664713 	 12.4155423604 	 1 	 0 	 1 	 1 
91.0523		16.1021 	 106.728723281 	 23.2053821997 	 1 	 1 	 1 	 1 
101.008		30 	 87.305187516 	 38.6906760719 	 1 	 0 	 1 	 0 
91.0523		43.8979 	 80.6202889933 	 44.6283376199 	 1 	 1 	 1 	 0 
87.4818		60 	 85.8305057802 	 66.4935232157 	 0 	 0 	 1 	 0 
91.0523		76.1021 	 81.1222329423 	 70.0278875409 	 1 	 0 	 1 	 -1 
91.0523		103.898 	 95.9355210608 	 112.653512295 	 0 	 1 	 1 	 0 
87.4818		120 	 92.1413152748 	 128.545257227 	 1 	 1 	 1 	 1 
91.0523		136.102 	 92.4657216484 	 127.726591222 	 0 	 0 	 1 	 1 
91.0523		163.898 	 101.656779539 	 164.531437291 	 1 	 1 	 1 	 1 
87.4818		180 	 98.961368597 	 177.018240121 	 0 	 1 	 1 	 0 
91.0523		196.102 	 109.677346569 	 -166.853648334 	 1 	 1 	 1 	 1 
101.008		210 	 109.328397281 	 -154.283276005 	 0 	 0 	 1 	 0 
91.0523		223.898 	 71.3351473092 	 -137.896722288 	 0 	 0 	 1 	 -1 
87.4818		240 	 73.9123882319 	 -121.306315338 	 0 	 1 	 1 	 -1 
91.0523		256.102 	 69.5793726221 	 -101.920744404 	 1 	 1 	 1 	 -1 
101.008		270 	 93.2733477928 	 -88.351774161 	 1 	 0 	 1 	 -1 
91.0523		283.898 	 85.8203033907 	 -65.5498344467 	 0 	 0 	 1 	 1 
87.4817		300 	 94.9783109123 	 -67.3571263375 	 0 	 1 	 1 	 -1 
91.0523		316.102 	 95.0077118626 	 -56.1173974518 	 0 	 1 	 1 	 -1 
101.008		330 	 116.51586149 	 -33.2752880139 	 1 	 0 	 1 	 -1 
115.709		340.893 	 120.607455502 	 -12.5001813022 	 1 	 0 	 1 	 1 
110.065		353.413 	 102.400681728 	 -9.39254000212 	 0 	 1 	 1 	 0 
110.065		6.58677 	 120.397724801 	 15.1273465644 	 1 	 1 	 1 	 1 
115.709		19.1066 	 108.585188719 	 20.9294298169 	 1 	 1 	 1 	 1 
126.24		30 	 120.141674718 	 24.7966461738 	 1 	 0 	 1 	 1 
115.709		40.8934 	 127.089621928 	 49.1246878247 	 1 	 1 	 1 	 0 
110.065		53.4132 	 114.500606441 	 43.9951324687 	 0 	 0 	 1 	 0 
110.065		66.5868 	 124.050799851 	 65.0701650225 	 1 	 1 	 1 	 -1 
115.709		79.1066 	 111.372444182 	 69.7268546205 	 0 	 1 	 1 	 1 
126.24		90 	 133.751414707 	 89.0847645507 	 1 	 1 	 1 	 -1 
115.709		100.893 	 117.814262536 	 105.904352869 	 0 	 1 	 1 	 0 
110.065		113.413 	 120.976278089 	 118.496959123 	 1 	 1 	 1 	 -1 
110.065		126.587 	 129.860955421 	 126.940054414 	 1 	 0 	 1 	 -1 
115.709		139.107 	 114.990516752 	 146.583361393 	 0 	 1 	 1 	 0 
126.24		150 	 107.971606743 	 155.24354811 	 1 	 1 	 1 	 0 
115.709		160.893 	 102.389724095 	 161.480618823 	 0 	 1 	 1 	 -1 
110.066		173.413 	 99.5119953057 	 174.553639335 	 1 	 1 	 1 	 0 
110.066		186.587 	 126.591893227 	 -177.344174079 	 0 	 1 	 1 	 1 
115.709		199.107 	 110.95473223 	 -170.188800424 	 0 	 1 	 1 	 0 
126.24		210 	 127.33197809 	 -143.232522518 	 1 	 1 	 1 	 0 
115.709		220.893 	 123.063815938 	 -140.692350654 	 1 	 0 	 1 	 -1 
110.065		233.413 	 117.2765234 	 -133.085308049 	 0 	 0 	 1 	 1 
110.065		246.587 	 89.6600480135 	 -109.748597599 	 1 	 0 	 1 	 0 
115.709		259.107 	 98.825841581 	 -95.6256447659 	 1 	 1 	 1 	 -1 
126.24		270 	 115.121100336 	 -95.2290929403 	 0 	 0 	 1 	 -1 
115.709		280.893 	 129.478744269 	 -77.192928045 	 0 	 0 	 1 	 -1 
110.065		293.413 	 117.953475946 	 -60.5863107218 	 1 	 1 	 1 	 1 
110.065		306.587 	 112.310651667 	 -61.1698110079 	 1 	 0 	 1 	 -1 
115.709		319.107 	 127.839033497 	 -48.9171384541 	 0 	 0 	 1 	 -1 
126.24		330 	 137.187162595 	 -29.0436282347 	 1 	 1 	 1 	 0 
140.56		338.948 	 134.023601555 	 -27.5418872155 	 0 	 1 	 1 	 1 
133.593		349.107 	 129.806584973 	 -3.32296554474 	 0 	 0 	 1 	 -1 
131.188		0 	 139.468725115 	 2.43366236675 	 0 	 1 	 1 	 0 
133.593		10.8934 	 141.772169773 	 11.4636213308 	 0 	 0 	 1 	 -1 
140.56		21.0517 	 145.630928683 	 23.2449351133 	 1 	 0 	 1 	 0 
151.459		30 	 165.930312455 	 26.7042520183 	 1 	 0 	 1 	 -1 
140.56		38.9483 	 128.178311229 	 34.3557308869 	 0 	 1 	 1 	 -1 
133.593		49.1066 	 129.008788465 	 42.5536602442 	 0 	 1 	 1 	 1 
131.188		60 	 138.178299339 	 58.060582009 	 1 	 1 	 1 	 0 
133.593		70.8934 	 146.071213626 	 66.7640309214 	 1 	 1 	 1 	 -1 
140.56		81.0517 	 133.970120885 	 83.8062187629 	 0 	 0 	 1 	 0 
151.459		90 	 150.105960059 	 83.8444010128 	 1 	 0 	 1 	 -1 
140.56		98.9483 	 155.884739796 	 101.82927943 	 0 	 0 	 1 	 0 
133.593		109.107 	 140.218268494 	 106.754750707 	 1 	 0 	 1 	 0 
131.188		120 	 130.076730778 	 115.430917611 	 0 	 1 	 1 	 1 
133.593		130.893 	 132.52288706 	 134.541672169 	 0 	 1 	 1 	 0 
140.56		141.052 	 136.452527831 	 148.337670311 	 1 	 0 	 1 	 -1 
151.459		150 	 158.068388692 	 145.807595381 	 1 	 1 	 1 	 0 
140.56		158.948 	 120.608661249 	 157.130683669 	 1 	 0 	 1 	 1 
133.593		169.107 	 154.661380416 	 167.44851084 	 0 	 0 	 1 	 -1 
131.188		180 	 125.565244372 	 -173.718276383 	 0 	 1 	 1 	 -1 
133.593		190.893 	 142.22474424 	 -174.013541868 	 0 	 0 	 1 	 -1 
140.56		201.052 	 140.742684139 	 -150.672696034 	 1 	 1 	 1 	 1 
151.459		210 	 143.051610289 	 -146.592778832 	 1 	 1 	 1 	 1 
140.56		218.948 	 126.224531582 	 -138.988152942 	 1 	 1 	 1 	 0 
133.593		229.107 	 122.903495225 	 -134.100660502 	 0 	 0 	 1 	 0 
131.188		240 	 124.849093217 	 -124.412803641 	 0 	 1 	 1 	 0 
133.592		250.893 	 133.548850235 	 -104.687253843 	 1 	 0 	 1 	 0 
140.56		261.052 	 148.230127319 	 -103.684021138 	 0 	 0 	 1 	 -1 
151.459		270 	 158.312278602 	 -82.4658232238 	 0 	 1 	 1 	 -1 
140.56		278.948 	 147.924467253 	 -80.473052751 	 0 	 1 	 1 	 0 
133.592		289.107 	 149.53804812 	 -70.9298191611 	 1 	 1 	 1 	 0 
131.188		300 	 122.330122893 	 -59.0305437 	 0 	 0 	 1 	 -1 
133.593		310.893 	 125.568944369 	 -47.9739970335 	 0 	 1 	 1 	 -1 
140.56		321.052 	 152.386438522 	 -34.0108223076 	 0 	 1 	 1 	 -1 
151.459		330 	 138.140844791 	 -31.7258632045 	 0 	 0 	 1 	 1 
165.51		337.589 	 153.218098765 	 -18.2392010716 	 0 	 0 	 1 	 -1 
157.635		346.102 	 165.024970404 	 -14.6137415341 	 1 	 1 	 1 	 1 
153.545		355.285 	 149.006534516 	 -12.1690441868 	 0 	 0 	 1 	 -1 
153.545		4.715 	 170.010182636 	 5.43981594472 	 1 	 1 	 1 	 1 
157.635		13.8979 	 151.418300006 	 16.9047325172 	 0 	 0 	 1 	 -1 
165.51		22.4109 	 159.484580287 	 17.8487362349 	 1 	 0 	 1 	 1 
176.661		30 	 176.317692749 	 25.281613933 	 1 	 1 	 1 	 1 
165.51		37.5891 	 169.947679139 	 40.6010742798 	 0 	 1 	 1 	 -1 
157.635		46.1021 	 157.552176929 	 53.0195096348 	 1 	 0 	 1 	 -1 
153.545		55.285 	 154.036039646 	 49.455772127 	 0 	 0 	 1 	 0 
153.545		64.715 	 160.406182397 	 66.2468497095 	 1 	 1 	 1 	 0 
157.635		73.8979 	 147.243600717 	 70.9558921731 	 0 	 0 	 1 	 -1 
165.51		82.4109 	 162.265226024 	 88.8006380126 	 0 	 0 	 1 	 0 
176.661		90 	 170.521918117 	 93.2299666433 	 0 	 1 	 1 	 -1 
165.51		97.5891 	 174.236471577 	 98.3912817783 	 0 	 1 	 1 	 -1 
157.635		106.102 	 178.60584736 	 106.471180165 	 0 	 1 	 1 	 -1 
153.545		115.285 	 160.964673468 	 114.569883839 	 1 	 0 	 1 	 0 
153.545		124.715 	 154.35708347 	 119.63904358 	 1 	 0 	 1 	 1 
157.635		133.898 	 166.80042291 	 134.730151254 	 1 	 1 	 1 	 0 
165.51		142.411 	 165.216665536 	 149.499424703 	 0 	 0 	 1 	 -1 
176.661		150 	 161.132256562 	 150.604273183 	 0 	 0 	 1 	 -1 
165.509		157.589 	 181.719886614 	 158.595719222 	 1 	 0 	 1 	 0 
157.635		166.102 	 166.70743882 	 166.126983128 	 1 	 0 	 1 	 -1 
153.546		175.285 	 167.29535779 	 171.730248544 	 0 	 1 	 1 	 -1 
153.546		184.715 	 157.499685015 	 -179.999647188 	 0 	 0 	 1 	 1 
157.635		193.898 	 169.821045013 	 -171.217051651 	 0 	 1 	 1 	 0 
165.509		202.411 	 173.97065245 	 -160.828275901 	 1 	 1 	 1 	 1 
165.51		217.589 	 159.619080612 	 -137.642918382 	 0 	 0 	 1 	 1 
157.635		226.102 	 178.001198825 	 -131.485069622 	 1 	 1 	 1 	 1 
153.545		235.285 	 140.063439118 	 -127.075363869 	 1 	 0 	 1 	 -1 
153.545		244.715 	 145.370713338 	 -115.501367607 	 0 	 1 	 1 	 -1 
157.635		253.898 	 149.86858952 	 -106.757357396 	 0 	 1 	 1 	 -1 
165.51		262.411 	 172.441205907 	 -98.9365397185 	 1 	 0 	 1 	 0 
176.661		270 	 172.52939394 	 -92.6254369767 	 1 	 1 	 1 	 1 
165.51		277.589 	 175.28242985 	 -84.1885704103 	 1 	 1 	 1 	 -1 
157.635		286.102 	 151.579887712 	 -79.835844598 	 1 	 0 	 1 	 -1 
153.545		295.285 	 162.37499971 	 -60.7764462275 	 1 	 1 	 1 	 0 
153.545		304.715 	 169.595860655 	 -51.294806676 	 1 	 1 	 1 	 -1 
157.635		313.898 	 151.475532971 	 -44.5599506207 	 1 	 0 	 1 	 -1 
165.51		322.411 	 172.18380084 	 -32.3689061589 	 0 	 0 	 1 	 -1 
176.661		330 	 195.003177861 	 -33.5753872472 	 0 	 1 	 1 	 0 
190.511		336.587 	 198.505836196 	 -17.3497754708 	 1 	 0 	 1 	 -1 
181.979		343.898 	 165.771537083 	 -17.8333607704 	 0 	 0 	 1 	 1 
176.661		351.787 	 165.496216835 	 -10.3398389255 	 0 	 1 	 1 	 0 
174.852		0 	 167.120279481 	 -0.752686186165 	 1 	 1 	 1 	 -1 
176.661		8.21321 	 177.881732052 	 11.6054803378 	 0 	 0 	 1 	 1 
181.979		16.1021 	 163.014147665 	 14.1102719188 	 0 	 0 	 1 	 1 
190.511		23.4132 	 184.429276297 	 29.2323987544 	 1 	 1 	 1 	 -1 
201.845		30 	 207.446249142 	 28.2265312451 	 1 	 1 	 1 	 -1 
181.979		43.8979 	 172.745177383 	 42.4404898743 	 1 	 0 	 1 	 -1 
176.661		51.7868 	 169.616135563 	 45.5869700064 	 1 	 0 	 1 	 0 
174.852		60 	 186.798864601 	 58.3049190077 	 0 	 1 	 1 	 -1 
176.661		68.2132 	 170.455114232 	 75.1866175587 	 1 	 1 	 1 	 0 
181.979		76.1021 	 180.526183194 	 69.2198307353 	 0 	 0 	 1 	 0 
190.511		83.4132 	 199.433424881 	 85.2957325358 	 1 	 1 	 1 	 0 
201.845		90 	 214.219489806 	 85.7979040786 	 1 	 1 	 1 	 1 
190.511		96.5868 	 200.29063087 	 96.0929277742 	 0 	 0 	 1 	 1 
181.979		103.898 	 199.345189041 	 105.228172205 	 0 	 1 	 1 	 0 
176.661		111.787 	 172.663568179 	 108.493114734 	 0 	 1 	 1 	 -1 
174.852		120 	 169.062998866 	 116.050367212 	 1 	 0 	 1 	 1 
176.661		128.213 	 163.598997879 	 127.385712705 	 0 	 1 	 1 	 0 
181.979		136.102 	 189.924162144 	 139.787424471 	 1 	 0 	 1 	 -1 
190.51		143.413 	 182.503443381 	 142.989444009 	 1 	 1 	 1 	 -1 
201.845		150 	 204.741587764 	 153.9573446 	 1 	 1 	 1 	 -1 
190.511		156.587 	 200.872985648 	 160.235407659 	 1 	 0 	 1 	 0 
181.979		163.898 	 190.776082208 	 163.969531663 	 1 	 0 	 1 	 0 
176.661		171.787 	 175.988132189 	 175.657613541 	 0 	 1 	 1 	 1 
174.852		180 	 173.056853577 	 -175.125889395 	 0 	 0 	 1 	 0 
176.661		188.213 	 166.737502313 	 -170.595344847 	 1 	 1 	 1 	 1 
181.979		196.102 	 174.476551007 	 -159.788564255 	 0 	 0 	 1 	 -1 
190.511		203.413 	 189.698238625 	 -160.303099573 	 0 	 1 	 1 	 -1 
201.845		210 	 220.815068825 	 -152.082994938 	 0 	 1 	 1 	 -1 
190.51		216.587 	 204.818228258 	 -138.552437509 	 1 	 0 	 1 	 -1 
181.979		223.898 	 164.000641134 	 -139.144461235 	 0 	 0 	 1 	 0 
176.661		231.787 	 182.737695197 	 -125.397035939 	 1 	 0 	 1 	 -1 
174.853		240 	 188.776153568 	 -120.739728776 	 0 	 1 	 1 	 -1 
176.662		248.213 	 187.445930403 	 -115.564064642 	 1 	 1 	 1 	 0 
181.979		256.102 	 169.326358911 	 -107.873487394 	 0 	 0 	 1 	 0 
190.511		263.413 	 185.316253428 	 -93.8744620318 	 0 	 0 	 1 	 -1 
190.511		276.587 	 176.389126115 	 -80.0656390518 	 0 	 0 	 1 	 0 
181.979		283.898 	 193.177338503 	 -75.6169184014 	 1 	 0 	 1 	 -1 
176.662		291.787 	 178.066342083 	 -65.5681636909 	 0 	 1 	 1 	 1 
174.853		300 	 158.503876809 	 -63.5269287356 	 0 	 1 	 1 	 1 
176.661		308.213 	 160.594241234 	 -55.4398112212 	 1 	 1 	 1 	 0 
181.979		316.102 	 186.420011859 	 -41.0957353806 	 1 	 0 	 1 	 1 
190.511		323.413 	 182.12710924 	 -36.038266983 	 0 	 0 	 1 	 -1 
201.845		330 	 200.186714228 	 -32.4598920319 	 0 	 0 	 1 	 1 
215.536		335.818 	 214.850507032 	 -26.3988392271 	 0 	 1 	 1 	 -1 
206.511		342.216 	 209.468126033 	 -14.720929619 	 0 	 1 	 1 	 1 
200.265		349.107 	 205.927627836 	 -6.71787554819 	 1 	 1 	 1 	 0 
197.068		356.329 	 209.977491122 	 -7.2755056215 	 0 	 0 	 1 	 1 
197.068		3.6705 	 200.19724558 	 6.11976832223 	 0 	 0 	 1 	 0 
200.265		10.8934 	 193.838896956 	 12.5625644633 	 1 	 1 	 1 	 -1 
206.511		17.7836 	 209.058068192 	 15.2859063584 	 1 	 1 	 1 	 1 
215.536		24.1825 	 209.425480632 	 26.083178324 	 1 	 0 	 1 	 -1 
227.007		30 	 232.052477032 	 32.1232292269 	 1 	 0 	 1 	 -1 
215.536		35.8175 	 223.030426176 	 37.1095656428 	 1 	 0 	 1 	 1 
206.511		42.2164 	 225.034001605 	 42.8784115657 	 1 	 1 	 1 	 -1 
200.265		49.1066 	 197.878332346 	 51.4605712291 	 0 	 1 	 1 	 -1 
197.068		56.3295 	 186.46565553 	 53.3606779243 	 1 	 0 	 1 	 1 
197.068		63.6705 	 207.659198779 	 64.2828070846 	 1 	 0 	 1 	 0 
200.265		70.8934 	 215.760128145 	 67.7442219497 	 0 	 1 	 1 	 -1 
206.511		77.7836 	 198.228732479 	 83.5594775164 	 1 	 0 	 1 	 0 
215.536		84.1825 	 202.965862672 	 86.2245093424 	 0 	 1 	 1 	 1 
227.007		90 	 240.299576705 	 93.0299377684 	 0 	 0 	 1 	 0 
215.536		95.8175 	 215.412826763 	 100.714459248 	 0 	 0 	 1 	 -1 
206.511		102.216 	 213.944306429 	 99.7204188995 	 1 	 0 	 1 	 -1 
200.265		109.107 	 221.270785217 	 110.586033403 	 0 	 0 	 1 	 -1 
197.068		116.33 	 183.258966396 	 116.471075601 	 0 	 1 	 1 	 1 
197.068		123.671 	 211.137965853 	 125.316780382 	 0 	 1 	 1 	 -1 
200.265		130.893 	 188.539828073 	 128.647717278 	 0 	 1 	 1 	 1 
206.51		137.784 	 192.130503664 	 135.207400202 	 0 	 0 	 1 	 0 
215.536		144.182 	 226.653159949 	 144.505570541 	 0 	 0 	 1 	 0 
227.007		150 	 236.182988496 	 149.859148925 	 1 	 0 	 1 	 -1 
215.536		155.818 	 207.845254679 	 158.217666285 	 1 	 1 	 1 	 -1 
206.511		162.216 	 203.819070694 	 158.456619656 	 0 	 0 	 1 	 -1 
200.266		169.107 	 220.132919097 	 171.315737378 	 0 	 0 	 1 	 1 
197.068		176.33 	 200.58342349 	 -178.421307755 	 1 	 0 	 1 	 1 
197.068		183.671 	 203.163065945 	 179.405715412 	 0 	 1 	 1 	 -1 
200.266		190.893 	 198.830801052 	 -165.484791068 	 1 	 1 	 1 	 0 
206.511		197.784 	 198.690508785 	 -162.474027528 	 1 	 1 	 1 	 0 
215.536		204.182 	 232.70629788 	 -152.46174774 	 0 	 0 	 1 	 0 
227.007		210 	 227.103825396 	 -144.928641405 	 1 	 1 	 1 	 -1 
215.536		215.818 	 196.004440469 	 -146.572114592 	 1 	 0 	 1 	 0 
206.51		222.216 	 210.883042936 	 -143.38107474 	 0 	 0 	 1 	 0 
200.265		229.107 	 203.109473821 	 -128.320943953 	 1 	 1 	 1 	 -1 
197.068		236.329 	 204.305201827 	 -129.603635933 	 1 	 0 	 1 	 1 
197.068		243.671 	 187.432054652 	 -111.709321254 	 0 	 1 	 1 	 -1 
200.265		250.893 	 214.309388851 	 -111.251577998 	 1 	 0 	 1 	 1 
206.51		257.784 	 212.20113933 	 -96.525237319 	 1 	 1 	 1 	 0 
215.536		264.182 	 196.641220778 	 -99.1614310627 	 0 	 0 	 1 	 0 
227.007		270 	 231.914916825 	 -88.5306322574 	 1 	 0 	 1 	 1 
215.536		275.818 	 234.569661115 	 -83.075867313 	 0 	 1 	 1 	 -1 
206.51		282.216 	 203.980195413 	 -71.6129030064 	 1 	 1 	 1 	 1 
200.265		289.107 	 189.395909385 	 -76.4236032832 	 1 	 0 	 1 	 0 
197.068		296.329 	 190.970836291 	 -65.1215451328 	 0 	 1 	 1 	 1 
197.068		303.67 	 209.837077812 	 -57.2824928787 	 1 	 0 	 1 	 1 
200.265		310.893 	 212.214039167 	 -53.6812599542 	 0 	 1 	 1 	 1 
206.511		317.784 	 188.50442759 	 -43.7596585296 	 1 	 1 	 1 	 0 
227.008		330 	 215.387913737 	 -32.6983216545 	 0 	 1 	 1 	 -1 
240.57		335.209 	 231.115881094 	 -19.9644010069 	 1 	 0 	 1 	 -1 
231.161		340.893 	 230.5460617 	 -16.2182813513 	 1 	 1 	 1 	 0 
224.195		346.996 	 220.59743735 	 -8.67869019205 	 1 	 1 	 1 	 -1 
219.909		353.413 	 227.971034614 	 -6.14749610936 	 0 	 0 	 1 	 -1 
218.461		0 	 225.960767642 	 3.43770662589 	 1 	 0 	 1 	 1 
219.909		6.58678 	 207.070071293 	 7.12808019826 	 1 	 1 	 1 	 0 
224.195		13.0039 	 226.832967693 	 9.69861039954 	 1 	 1 	 1 	 0 
231.161		19.1066 	 222.897879143 	 20.0531860223 	 1 	 1 	 1 	 0 
240.57		24.7913 	 222.819011067 	 25.7505037576 	 1 	 0 	 1 	 -1 
252.146		30 	 241.909385879 	 28.6597053341 	 0 	 0 	 1 	 -1 
240.57		35.2087 	 238.515821015 	 40.3743721779 	 0 	 0 	 1 	 1 
231.161		40.8934 	 220.452674563 	 40.7293249959 	 1 	 0 	 1 	 -1 
224.195		46.9961 	 234.478390162 	 48.6753291148 	 1 	 1 	 1 	 -1 
219.909		53.4132 	 238.62652143 	 52.8397492058 	 0 	 1 	 1 	 1 
218.461		60 	 226.151319791 	 57.412427768 	 0 	 1 	 1 	 1 
219.909		66.5868 	 229.226064068 	 67.8708369715 	 1 	 0 	 1 	 -1 
224.195		73.0039 	 234.677800972 	 74.2830355269 	 0 	 1 	 1 	 0 
231.161		79.1066 	 224.078281621 	 78.2715570091 	 1 	 1 	 1 	 1 
240.57		84.7913 	 246.656263083 	 81.8016009784 	 0 	 0 	 1 	 0 
240.57		95.2087 	 235.804437977 	 97.3994929972 	 1 	 0 	 1 	 1 
231.161		100.893 	 230.301540799 	 95.9328406743 	 1 	 0 	 1 	 -1 
224.195		106.996 	 215.542673903 	 109.584157371 	 0 	 0 	 1 	 -1 
219.909		113.413 	 229.263563896 	 112.17857405 	 0 	 0 	 1 	 1 
218.461		120 	 205.731475332 	 119.006542304 	 0 	 0 	 1 	 -1 
219.909		126.587 	 225.620898341 	 128.107847922 	 1 	 1 	 1 	 0 
224.195		133.004 	 229.428298824 	 136.204987453 	 0 	 1 	 1 	 0 
231.161		139.107 	 251.981761856 	 139.446385139 	 0 	 1 	 1 	 -1 
252.146		150 	 270.827140754 	 148.018744933 	 1 	 1 	 1 	 1 
240.57		155.209 	 243.864351975 	 157.949839277 	 0 	 0 	 1 	 1 
231.16		160.893 	 209.606026778 	 161.056632711 	 0 	 1 	 1 	 1 
224.196		166.996 	 223.589949865 	 170.341751617 	 1 	 1 	 1 	 1 
219.909		173.413 	 204.760393289 	 172.36934503 	 0 	 0 	 1 	 0 
218.461		180 	 231.135776701 	 -176.972822494 	 1 	 1 	 1 	 1 
219.909		186.587 	 226.735312609 	 -178.064591796 	 1 	 1 	 1 	 1 
224.196		193.004 	 230.882247781 	 -169.090978299 	 0 	 0 	 1 	 -1 
231.16		199.107 	 216.511817479 	 -159.951884464 	 0 	 1 	 1 	 0 
240.57		204.791 	 224.28598612 	 -155.652697818 	 1 	 1 	 1 	 -1 
252.146		210 	 266.605331397 	 -146.518330899 	 0 	 1 	 1 	 0 
240.57		215.209 	 240.314930229 	 -148.107145078 	 1 	 0 	 1 	 0 
231.161		220.893 	 217.943746194 	 -140.767356368 	 0 	 1 	 1 	 0 
224.196		226.996 	 228.314363372 	 -130.962549051 	 1 	 0 	 1 	 1 
219.909		233.413 	 222.464954048 	 -122.228024032 	 0 	 0 	 1 	 0 
218.461		240 	 227.351744442 	 -122.605339074 	 1 	 1 	 1 	 0 
219.909		246.587 	 217.479078038 	 -115.38066923 	 1 	 0 	 1 	 1 
224.195		253.004 	 215.617412424 	 -110.883332848 	 1 	 1 	 1 	 1 
231.16		259.107 	 242.717228814 	 -99.7019688771 	 0 	 0 	 1 	 0 
240.57		264.791 	 229.975040734 	 -94.8748639765 	 1 	 0 	 1 	 0 
252.146		270 	 270.30373259 	 -90.9425874707 	 0 	 1 	 1 	 -1 
240.57		275.209 	 247.826754137 	 -86.5311872444 	 0 	 1 	 1 	 -1 
231.16		280.893 	 240.354236837 	 -79.3495753827 	 0 	 0 	 1 	 -1 
224.195		286.996 	 230.423720343 	 -75.4161057918 	 0 	 0 	 1 	 1 
219.909		293.413 	 228.98812601 	 -67.7840498693 	 0 	 1 	 1 	 1 
218.461		300 	 201.979007405 	 -60.6170902092 	 1 	 1 	 1 	 0 
219.909		306.587 	 216.172360394 	 -49.7517362952 	 0 	 0 	 1 	 0 
224.196		313.004 	 218.92516826 	 -44.1759871562 	 1 	 0 	 1 	 0 
231.161		319.107 	 230.90550031 	 -37.6224471226 	 0 	 1 	 1 	 -1 
240.57		324.791 	 252.644998529 	 -36.4584426845 	 0 	 0 	 1 	 -1 
252.146		330 	 252.088096269 	 -27.2992209127 	 1 	 0 	 1 	 -1 
265.601		334.715 	 274.902988974 	 -26.7447184339 	 1 	 0 	 1 	 0 
255.886		339.826 	 251.338185752 	 -22.58758652 	 0 	 1 	 1 	 1 
248.348		345.295 	 258.492029334 	 -14.6622626278 	 1 	 1 	 1 	 0 
243.191		351.052 	 230.196784158 	 -13.2133081925 	 1 	 1 	 1 	 -1 
240.57		356.996 	 237.533058601 	 1.66689223371 	 1 	 1 	 1 	 1 
240.57		3.00449 	 228.126779531 	 -0.26642031399 	 0 	 1 	 1 	 1 
243.191		8.94827 	 230.721700785 	 12.3508988471 	 0 	 1 	 1 	 1 
248.348		14.7047 	 235.289403177 	 16.0590532299 	 0 	 1 	 1 	 1 
255.886		20.1736 	 259.772858743 	 22.3613933513 	 1 	 0 	 1 	 0 
265.601		25.285 	 249.236872969 	 23.4567575807 	 0 	 0 	 1 	 -1 
277.258		30 	 257.423478751 	 29.8978449584 	 1 	 0 	 1 	 -1 
265.601		34.715 	 253.436623966 	 33.8634267229 	 1 	 1 	 1 	 0 
255.887		39.8264 	 254.205171592 	 43.9789317991 	 0 	 1 	 1 	 -1 
248.348		45.2953 	 245.552997189 	 49.7018566626 	 1 	 1 	 1 	 -1 
243.191		51.0517 	 250.862402264 	 47.6888435224 	 1 	 1 	 1 	 1 
240.57		56.9955 	 241.61238543 	 61.5113753202 	 0 	 0 	 1 	 -1 
240.57		63.0045 	 258.918690628 	 63.6937065746 	 1 	 0 	 1 	 -1 
243.191		68.9483 	 257.096694768 	 71.2252380053 	 1 	 1 	 1 	 1 
248.348		74.7047 	 250.390437002 	 72.0388285063 	 0 	 0 	 1 	 1 
255.887		80.1736 	 248.055923075 	 80.242000099 	 0 	 1 	 1 	 1 
265.601		85.285 	 266.596815591 	 82.1282126919 	 0 	 0 	 1 	 -1 
277.257		90 	 276.225464344 	 85.8988527415 	 0 	 0 	 1 	 0 
265.601		94.715 	 281.435086636 	 96.6522166404 	 1 	 0 	 1 	 1 
255.887		99.8264 	 266.21344452 	 100.100967603 	 0 	 1 	 1 	 -1 
248.348		105.295 	 250.908098071 	 107.059104353 	 0 	 0 	 1 	 1 
243.191		111.052 	 264.374437355 	 110.437124315 	 1 	 1 	 1 	 -1 
240.57		116.996 	 233.372601381 	 120.387675214 	 0 	 0 	 1 	 -1 
240.57		123.005 	 227.283623902 	 125.994113537 	 1 	 0 	 1 	 1 
243.191		128.948 	 247.686876865 	 127.088674702 	 0 	 1 	 1 	 -1 
248.348		134.705 	 234.627756503 	 135.432234622 	 0 	 1 	 1 	 1 
255.887		140.174 	 258.603058231 	 138.505110016 	 1 	 0 	 1 	 0 
265.6		145.285 	 249.633753081 	 148.038662522 	 0 	 1 	 1 	 0 
277.257		150 	 280.098313303 	 148.080612711 	 1 	 1 	 1 	 0 
265.601		154.715 	 264.603102986 	 153.063503225 	 0 	 0 	 1 	 1 
255.886		159.826 	 256.174147725 	 163.887105749 	 0 	 1 	 1 	 1 
248.348		165.295 	 230.151910614 	 163.549735649 	 1 	 1 	 1 	 1 
243.191		171.052 	 242.663705537 	 173.820615619 	 0 	 1 	 1 	 0 
240.57		176.996 	 248.088596752 	 173.981451539 	 1 	 1 	 1 	 1 
240.57		183.005 	 230.382824391 	 -174.671034011 	 0 	 0 	 1 	 0 
243.191		188.948 	 246.752155709 	 -174.39477505 	 0 	 1 	 1 	 0 
248.348		194.705 	 246.710847964 	 -161.601995458 	 0 	 0 	 1 	 -1 
255.886		200.174 	 262.407695584 	 -162.798949786 	 1 	 0 	 1 	 0 
265.601		205.285 	 271.520489833 	 -158.052657829 	 1 	 0 	 1 	 1 
277.258		210 	 271.614068276 	 -148.843779672 	 0 	 0 	 1 	 1 
265.6		214.715 	 265.884966711 	 -140.667370688 	 1 	 1 	 1 	 1 
255.887		219.826 	 239.575921269 	 -142.532153225 	 1 	 1 	 1 	 -1 
248.348		225.295 	 231.524622009 	 -133.546051951 	 1 	 1 	 1 	 1 
243.191		231.052 	 251.852900161 	 -127.437950058 	 1 	 0 	 1 	 -1 
240.57		236.995 	 247.737254913 	 -123.701717705 	 1 	 0 	 1 	 -1 
240.57		243.004 	 236.517482881 	 -119.665229538 	 1 	 0 	 1 	 -1 
243.19		248.948 	 225.833456486 	 -111.222919519 	 0 	 1 	 1 	 -1 
248.348		254.705 	 262.617533427 	 -105.206162748 	 1 	 0 	 1 	 1 
255.886		260.174 	 248.793516656 	 -96.3234037734 	 1 	 0 	 1 	 -1 
265.601		265.285 	 259.143590168 	 -93.5924794571 	 0 	 0 	 1 	 -1 
277.258		270 	 272.559013245 	 -88.4890685316 	 0 	 1 	 1 	 0 
265.601		274.715 	 259.897749845 	 -83.8977446458 	 1 	 0 	 1 	 -1 
255.886		279.826 	 252.657132067 	 -76.4121517634 	 0 	 1 	 1 	 -1 
248.348		285.295 	 247.965938542 	 -77.5281071977 	 0 	 1 	 1 	 1 
243.19		291.052 	 229.152220487 	 -68.3419814008 	 0 	 0 	 1 	 1 
240.57		296.996 	 234.759219803 	 -67.4898323342 	 1 	 1 	 1 	 0 
240.57		303.004 	 238.211555837 	 -59.6307798633 	 0 	 1 	 1 	 -1 
243.191		308.948 	 226.713120013 	 -50.0280783238 	 1 	 1 	 1 	 1 
248.348		314.705 	 268.694446954 	 -47.3582579076 	 0 	 1 	 1 	 1 
255.886		320.174 	 249.30461327 	 -37.793286949 	 1 	 1 	 1 	 1 
265.6		325.285 	 256.529376756 	 -35.7173176723 	 1 	 0 	 1 	 1 
277.258		330 	 283.805623157 	 -34.1860380365 	 1 	 1 	 1 	 1 
290.619		334.307 	 275.238491329 	 -24.2541913158 	 1 	 1 	 1 	 1 
280.659		338.948 	 261.317226337 	 -23.2952740059 	 1 	 1 	 1 	 -1 
272.656		343.898 	 287.787238857 	 -15.9314595929 	 1 	 0 	 1 	 -1 
266.79		349.107 	 260.439432389 	 -7.37815263622 	 1 	 0 	 1 	 1 
263.206		354.504 	 262.321253702 	 -2.74492913766 	 0 	 0 	 1 	 1 
262.001		0 	 244.81094847 	 -1.95013120217 	 1 	 0 	 1 	 1 
263.206		5.49637 	 270.553513961 	 7.51945152993 	 1 	 0 	 1 	 -1 
266.79		10.8934 	 251.986019784 	 9.1876679351 	 0 	 0 	 1 	 0 
272.656		16.1021 	 265.18202597 	 13.9302502715 	 1 	 0 	 1 	 1 
280.659		21.0517 	 271.842217696 	 20.792726473 	 1 	 1 	 1 	 1 
290.619		25.6934 	 298.491387711 	 24.2459914753 	 0 	 1 	 1 	 1 
302.34		30 	 302.350082737 	 32.0794602769 	 0 	 0 	 1 	 0 
290.619		34.3066 	 292.889975279 	 37.8897301768 	 1 	 1 	 1 	 1 
280.659		38.9483 	 274.246085814 	 41.9436292555 	 1 	 1 	 1 	 0 
272.656		43.8979 	 259.48285664 	 41.3968071995 	 1 	 1 	 1 	 -1 
266.789		49.1066 	 273.446430244 	 50.984697161 	 0 	 1 	 1 	 1 
263.206		54.5036 	 276.780836644 	 53.0360345655 	 0 	 0 	 1 	 -1 
262.001		60 	 268.102786508 	 61.2189589936 	 0 	 1 	 1 	 -1 
263.206		65.4964 	 241.833239064 	 64.3245624683 	 1 	 0 	 1 	 -1 
266.79		70.8934 	 276.115588803 	 71.0111855584 	 0 	 1 	 1 	 1 
272.656		76.1021 	 261.880624069 	 79.370658481 	 0 	 1 	 1 	 1 
280.659		81.0517 	 288.422399293 	 79.5714541922 	 0 	 1 	 1 	 1 
290.619		85.6934 	 290.904116348 	 81.7300114652 	 0 	 1 	 1 	 1 
302.34		90 	 322.016945284 	 89.6086304776 	 1 	 1 	 1 	 -1 
290.619		94.3066 	 281.073488269 	 97.8059221303 	 0 	 0 	 1 	 -1 
280.659		98.9483 	 292.151158382 	 100.653454901 	 0 	 0 	 1 	 0 
272.655		103.898 	 291.613191637 	 103.945527003 	 0 	 0 	 1 	 1 
266.79		109.107 	 248.334022143 	 108.237674638 	 1 	 1 	 1 	 1 
263.206		114.504 	 268.189031667 	 116.437684167 	 1 	 1 	 1 	 -1 
262		120 	 259.448396234 	 116.840242752 	 1 	 0 	 1 	 0 
263.206		125.496 	 254.492515188 	 122.603220555 	 0 	 1 	 1 	 1 
266.79		130.893 	 267.855175608 	 133.425014446 	 1 	 1 	 1 	 0 
272.655		136.102 	 285.886886835 	 136.570308403 	 0 	 1 	 1 	 -1 
280.659		141.052 	 263.247674409 	 141.269364925 	 0 	 0 	 1 	 0 
290.619		145.693 	 290.129357415 	 142.322946106 	 0 	 1 	 1 	 0 
302.34		150 	 309.341850548 	 151.489596283 	 0 	 1 	 1 	 -1 
290.619		154.307 	 302.154267406 	 156.954444 	 0 	 0 	 1 	 0 
280.659		158.948 	 298.473609645 	 160.075645134 	 1 	 1 	 1 	 0 
272.656		163.898 	 258.097113439 	 165.99773343 	 0 	 0 	 1 	 1 
266.789		169.107 	 269.138706772 	 167.519250441 	 0 	 0 	 1 	 1 
263.206		174.504 	 264.385447824 	 170.298033928 	 1 	 1 	 1 	 -1 
262.001		180 	 273.453927714 	 -177.217634711 	 1 	 1 	 1 	 1 
263.206		185.496 	 262.661114993 	 -176.466259521 	 0 	 1 	 1 	 0 
266.789		190.893 	 267.158578045 	 -165.212998592 	 1 	 0 	 1 	 0 
272.656		196.102 	 271.68327556 	 -161.158683024 	 0 	 0 	 1 	 0 
280.659		201.052 	 299.189565858 	 -159.977216005 	 0 	 0 	 1 	 1 
290.619		205.693 	 308.164712115 	 -151.787552195 	 0 	 1 	 1 	 -1 
302.34		210 	 309.349359747 	 -151.840275355 	 0 	 0 	 1 	 -1 
290.619		214.307 	 293.918929505 	 -149.16663598 	 0 	 0 	 1 	 0 
280.658		218.948 	 282.511538355 	 -139.354702826 	 0 	 1 	 1 	 -1 
272.656		223.898 	 282.241861497 	 -136.492543374 	 1 	 0 	 1 	 0 
266.79		229.107 	 250.862337938 	 -129.879327461 	 0 	 0 	 1 	 0 
263.206		234.504 	 265.631407143 	 -127.584647975 	 1 	 1 	 1 	 0 
262		240 	 271.51542871 	 -120.059180432 	 1 	 1 	 1 	 1 
263.206		245.496 	 278.614912602 	 -113.511466893 	 1 	 0 	 1 	 -1 
266.789		250.893 	 252.92934659 	 -111.682508421 	 1 	 0 	 1 	 1 
272.656		256.102 	 271.473080642 	 -106.758289893 	 0 	 0 	 1 	 -1 
280.659		261.052 	 281.935363839 	 -96.3891437498 	 0 	 1 	 1 	 0 
290.62		265.693 	 274.027247198 	 -93.9992163291 	 1 	 1 	 1 	 -1 
302.34		270 	 321.264591874 	 -89.3083305932 	 0 	 1 	 1 	 -1 
290.62		274.307 	 276.211115485 	 -83.9316669136 	 1 	 1 	 1 	 0 
280.659		278.948 	 260.72520055 	 -81.4151200795 	 0 	 1 	 1 	 1 
272.656		283.898 	 284.226037889 	 -72.5218596015 	 0 	 0 	 1 	 0 
266.789		289.107 	 264.325509673 	 -68.8147854894 	 0 	 1 	 1 	 1 
263.206		294.504 	 257.946768024 	 -64.1532526106 	 0 	 0 	 1 	 1 
262		300 	 244.765523619 	 -58.9896294242 	 1 	 1 	 1 	 -1 
263.206		305.496 	 270.813958798 	 -52.5406381832 	 0 	 1 	 1 	 0 
266.79		310.893 	 255.747595324 	 -48.3918704485 	 0 	 0 	 1 	 1 
272.656		316.102 	 267.517217279 	 -41.3176728122 	 0 	 0 	 1 	 0 
280.659		321.052 	 286.096571448 	 -40.8312360128 	 1 	 1 	 1 	 0 
290.619		325.693 	 292.246632284 	 -36.8174314888 	 0 	 1 	 1 	 0 
302.34		330 	 294.10013266 	 -28.2182259605 	 1 	 0 	 1 	 1 
315.62		333.963 	 308.583913648 	 -23.2015389367 	 0 	 1 	 1 	 0 
305.457		338.213 	 318.418130658 	 -23.8900285901 	 1 	 0 	 1 	 -1 
297.071		342.731 	 284.624798312 	 -16.5868761521 	 0 	 1 	 1 	 0 
290.619		347.48 	 283.824098619 	 -13.3065001913 	 0 	 1 	 1 	 -1 
286.236		352.411 	 269.262580964 	 -8.39319322125 	 1 	 0 	 1 	 1 
284.018		357.457 	 284.604232578 	 -0.56059384096 	 0 	 0 	 1 	 0 
284.018		2.54292 	 277.925463435 	 5.31729761151 	 0 	 0 	 1 	 1 
286.236		7.58909 	 296.638828989 	 4.54396114168 	 0 	 1 	 1 	 -1 
290.619		12.5198 	 304.801881329 	 13.9592330649 	 0 	 0 	 1 	 1 
297.071		17.2695 	 308.505014995 	 15.6097307875 	 0 	 0 	 1 	 1 
305.457		21.7868 	 320.832483518 	 23.2232846338 	 0 	 1 	 1 	 -1 
315.62		26.0368 	 331.035390123 	 24.4433343752 	 1 	 0 	 1 	 0 
327.39		30 	 314.411135089 	 32.5344358898 	 1 	 0 	 1 	 0 
305.457		38.2132 	 308.900990811 	 39.7210455431 	 1 	 0 	 1 	 -1 
297.071		42.7305 	 299.615423466 	 44.7135507547 	 1 	 1 	 1 	 -1 
290.619		47.4802 	 284.763350511 	 45.0054535828 	 0 	 1 	 1 	 1 
286.236		52.4109 	 286.027009907 	 48.5124574541 	 0 	 0 	 1 	 0 
284.018		57.4571 	 284.299152669 	 59.5830722235 	 1 	 0 	 1 	 0 
284.018		62.5429 	 288.907357507 	 59.2974559513 	 0 	 1 	 1 	 0 
286.236		67.5891 	 277.982577737 	 71.2292886306 	 1 	 0 	 1 	 -1 
290.619		72.5198 	 269.093339095 	 71.7495972294 	 1 	 1 	 1 	 0 
297.071		77.2695 	 305.709518637 	 79.9954492357 	 0 	 1 	 1 	 -1 
305.457		81.7868 	 305.891307452 	 85.674170037 	 1 	 1 	 1 	 0 
315.62		86.0368 	 314.500116286 	 89.3031723792 	 0 	 0 	 1 	 0 
327.39		90 	 337.378820981 	 89.2295374371 	 1 	 1 	 1 	 -1 
315.62		93.9632 	 327.972981058 	 93.9144816352 	 1 	 0 	 1 	 1 
305.457		98.2132 	 290.691594376 	 101.021695574 	 0 	 0 	 1 	 0 
297.071		102.731 	 307.262055577 	 101.804955818 	 0 	 1 	 1 	 -1 
290.619		107.48 	 285.693281161 	 111.736570915 	 1 	 1 	 1 	 1 
286.236		112.411 	 299.768856699 	 112.808043697 	 1 	 1 	 1 	 0 
284.018		117.457 	 264.529838767 	 118.846602899 	 1 	 0 	 1 	 1 
284.018		122.543 	 266.084470877 	 121.566453513 	 1 	 1 	 1 	 1 
286.236		127.589 	 286.048061508 	 125.155234352 	 1 	 1 	 1 	 1 
290.62		132.52 	 281.137920317 	 133.34877774 	 0 	 0 	 1 	 1 
297.071		137.269 	 298.144112304 	 139.979934895 	 1 	 0 	 1 	 1 
305.457		141.787 	 298.246582854 	 144.664021044 	 1 	 0 	 1 	 0 
315.62		146.037 	 322.979685176 	 145.267186533 	 1 	 0 	 1 	 1 
327.39		150 	 331.257537962 	 153.230290842 	 0 	 1 	 1 	 -1 
315.619		153.963 	 315.798221496 	 151.568804433 	 1 	 1 	 1 	 0 
305.457		158.213 	 290.479638925 	 156.190523332 	 0 	 1 	 1 	 0 
297.071		162.731 	 300.913309852 	 165.494481977 	 1 	 1 	 1 	 -1 
290.62		167.48 	 283.38648471 	 166.396328549 	 1 	 0 	 1 	 1 
286.236		172.411 	 277.769774543 	 174.676824337 	 0 	 1 	 1 	 0 
284.019		177.457 	 284.7312523 	 175.666142237 	 1 	 1 	 1 	 1 
284.019		182.543 	 275.657216057 	 179.962508759 	 0 	 1 	 1 	 0 
286.236		187.589 	 298.08179176 	 -175.027756516 	 1 	 1 	 1 	 -1 
290.62		192.52 	 283.427035643 	 -165.553141957 	 1 	 0 	 1 	 0 
297.071		197.269 	 302.196109193 	 -161.086337342 	 0 	 0 	 1 	 0 
305.457		201.787 	 297.161761291 	 -154.595034149 	 1 	 0 	 1 	 0 
315.62		206.037 	 318.140779944 	 -156.98147127 	 1 	 1 	 1 	 -1 
327.39		210 	 345.326226161 	 -148.551993174 	 1 	 1 	 1 	 1 
315.62		213.963 	 315.984939748 	 -144.226542644 	 0 	 1 	 1 	 1 
305.457		218.213 	 307.270263626 	 -143.535937434 	 1 	 0 	 1 	 0 
297.071		222.731 	 288.821022063 	 -138.737407707 	 1 	 0 	 1 	 -1 
290.619		227.48 	 279.63118624 	 -136.101849592 	 1 	 0 	 1 	 1 
286.236		232.411 	 270.277157786 	 -126.485391906 	 1 	 0 	 1 	 0 
284.018		237.457 	 288.081334754 	 -119.72588353 	 1 	 1 	 1 	 0 
284.019		242.543 	 285.01584929 	 -121.594256188 	 1 	 0 	 1 	 0 
286.236		247.589 	 286.622529676 	 -110.193590159 	 0 	 0 	 1 	 1 
290.62		252.52 	 295.25847368 	 -104.873606272 	 1 	 1 	 1 	 -1 
297.071		257.269 	 293.519409113 	 -104.622800182 	 1 	 1 	 1 	 1 
305.457		261.787 	 312.236495597 	 -99.6446454772 	 1 	 0 	 1 	 0 
315.62		266.037 	 316.235410539 	 -97.1464911203 	 0 	 1 	 1 	 -1 
327.39		270 	 319.002638805 	 -91.6255141935 	 1 	 1 	 1 	 -1 
315.62		273.963 	 304.308007028 	 -83.1313634195 	 0 	 1 	 1 	 1 
305.457		278.213 	 293.657656636 	 -80.3810293379 	 0 	 1 	 1 	 1 
297.071		282.731 	 287.594532474 	 -74.1497313156 	 1 	 0 	 1 	 1 
290.62		287.48 	 297.742605178 	 -72.0717588131 	 0 	 1 	 1 	 1 
286.236		292.411 	 279.065482482 	 -68.2579055662 	 0 	 0 	 1 	 0 
284.019		297.457 	 278.412876877 	 -64.1196239709 	 0 	 0 	 1 	 -1 
284.018		302.543 	 290.462463923 	 -59.8436603144 	 0 	 1 	 1 	 0 
286.236		307.589 	 292.082126023 	 -53.9523630127 	 0 	 1 	 1 	 1 
290.619		312.52 	 284.317453074 	 -45.4337476123 	 0 	 1 	 1 	 1 
297.071		317.269 	 303.134376353 	 -40.6648503218 	 1 	 0 	 1 	 1 
305.457		321.787 	 320.268195931 	 -35.925779723 	 0 	 1 	 1 	 1 
327.39		330 	 314.487545206 	 -30.1805798459 	 1 	 0 	 1 	 1 
340.597		333.67 	 349.608248017 	 -23.0263094101 	 1 	 1 	 1 	 0 
330.266		337.589 	 338.194296471 	 -22.4346979221 	 0 	 0 	 1 	 0 
321.56		341.742 	 327.285689421 	 -19.3556021225 	 0 	 0 	 1 	 -1 
314.619		346.102 	 309.087285545 	 -15.2423577051 	 1 	 1 	 1 	 -1 
309.563		350.633 	 297.711091623 	 -9.71917690484 	 1 	 0 	 1 	 1 
306.489		355.285 	 315.01564604 	 -3.26515940318 	 1 	 0 	 1 	 -1 
305.457		0 	 322.834089462 	 -0.282244922632 	 0 	 1 	 1 	 -1 
306.489		4.715 	 306.285821563 	 8.73050579893 	 0 	 1 	 1 	 1 
309.563		9.367 	 324.794137322 	 9.85021799028 	 0 	 1 	 1 	 -1 
314.619		13.8979 	 319.589184512 	 16.7012426231 	 0 	 0 	 1 	 0 
321.56		18.2585 	 326.701703365 	 15.0203538782 	 0 	 1 	 1 	 0 
330.266		22.4109 	 337.820427601 	 20.5698775186 	 1 	 0 	 1 	 0 
340.597		26.3295 	 328.817039969 	 25.187486803 	 0 	 0 	 1 	 0 
352.406		30 	 347.853264077 	 31.9385677327 	 1 	 0 	 1 	 -1 
340.597		33.6705 	 348.126154032 	 35.5451418253 	 0 	 0 	 1 	 1 
330.266		37.5891 	 328.611258816 	 39.6812095496 	 1 	 0 	 1 	 1 
321.56		41.7415 	 340.589485727 	 41.4249390412 	 0 	 0 	 1 	 0 
314.619		46.1021 	 322.002952278 	 44.7384641081 	 0 	 0 	 1 	 0 
309.563		50.633 	 316.293991947 	 47.1637601165 	 0 	 1 	 1 	 1 
306.489		55.285 	 317.250413385 	 52.8080274246 	 1 	 0 	 1 	 1 
305.457		60 	 305.341268787 	 57.0580531621 	 0 	 0 	 1 	 0 
306.489		64.715 	 286.120390577 	 65.2277447906 	 0 	 0 	 1 	 -1 
309.563		69.367 	 320.339296049 	 72.7163327766 	 1 	 1 	 1 	 1 
314.619		73.8979 	 309.013896353 	 76.8616256558 	 1 	 1 	 1 	 1 
321.56		78.2585 	 330.282894059 	 77.5901342744 	 0 	 0 	 1 	 0 
330.266		82.4109 	 342.53471534 	 81.1136949067 	 1 	 0 	 1 	 0 
340.597		86.3295 	 341.779489111 	 87.9652838889 	 1 	 1 	 1 	 -1 
352.406		90 	 341.24561585 	 88.726704873 	 0 	 1 	 1 	 -1 
340.597		93.6705 	 326.064172257 	 96.0040253322 	 1 	 1 	 1 	 0 
330.266		97.5891 	 345.481866196 	 99.2694824096 	 0 	 0 	 1 	 0 
321.56		101.742 	 325.436866235 	 99.0723552621 	 0 	 1 	 1 	 -1 
314.619		106.102 	 322.489534676 	 107.987217478 	 0 	 1 	 1 	 -1 
309.563		110.633 	 316.612713068 	 112.908070315 	 1 	 0 	 1 	 0 
306.489		115.285 	 291.899965864 	 115.924627137 	 1 	 0 	 1 	 -1 
305.457		120 	 291.415495143 	 117.843585083 	 0 	 0 	 1 	 -1 
306.489		124.715 	 308.311239615 	 122.935592183 	 1 	 1 	 1 	 1 
309.563		129.367 	 318.034596765 	 131.699698618 	 1 	 0 	 1 	 0 
314.619		133.898 	 327.418093496 	 133.182830707 	 1 	 0 	 1 	 -1 
321.56		138.258 	 311.775329275 	 138.381185134 	 0 	 1 	 1 	 1 
330.266		142.411 	 324.499242927 	 143.428640439 	 0 	 0 	 1 	 0 
340.597		146.329 	 324.926249506 	 147.629791105 	 1 	 0 	 1 	 1 
352.406		150 	 345.854733414 	 148.551837367 	 1 	 1 	 1 	 0 
340.597		153.671 	 336.029011628 	 154.843925675 	 1 	 1 	 1 	 0 
330.266		157.589 	 339.898012279 	 159.299271074 	 0 	 0 	 1 	 -1 
321.561		161.742 	 326.047006655 	 165.222866306 	 0 	 1 	 1 	 1 
314.618		166.102 	 318.355751958 	 168.657961856 	 0 	 0 	 1 	 1 
309.563		170.633 	 318.44873227 	 171.38406855 	 1 	 1 	 1 	 0 
306.488		175.285 	 295.270426612 	 178.482561204 	 1 	 0 	 1 	 1 
305.457		180 	 292.647832727 	 178.099407895 	 1 	 0 	 1 	 1 
306.488		184.715 	 301.998246844 	 -172.197989117 	 1 	 0 	 1 	 -1 
309.563		189.367 	 319.119070865 	 -171.23435265 	 1 	 0 	 1 	 0 
314.618		193.898 	 309.166692675 	 -163.081457943 	 1 	 1 	 1 	 1 
321.561		198.258 	 327.943795604 	 -159.474958287 	 1 	 1 	 1 	 1 
330.266		202.411 	 340.358048982 	 -157.31302592 	 1 	 0 	 1 	 -1 
340.597		206.329 	 326.455418407 	 -154.496970103 	 0 	 1 	 1 	 1 
352.406		210 	 343.930784578 	 -152.502174871 	 0 	 0 	 1 	 1 
330.266		217.589 	 344.153305823 	 -144.8378953 	 1 	 1 	 1 	 -1 
321.56		221.742 	 339.75352413 	 -137.129972173 	 1 	 1 	 1 	 -1 
314.619		226.102 	 323.113139016 	 -133.783112525 	 0 	 0 	 1 	 0 
309.563		230.633 	 320.72822804 	 -128.483996253 	 0 	 0 	 1 	 -1 
306.489		235.285 	 305.687948552 	 -127.633725909 	 1 	 1 	 1 	 1 
305.456		240 	 316.275314909 	 -122.755743061 	 1 	 0 	 1 	 1 
306.488		244.715 	 302.120737642 	 -113.264266945 	 0 	 0 	 1 	 -1 
309.563		249.367 	 320.654358957 	 -110.247308507 	 1 	 1 	 1 	 -1 
314.619		253.898 	 298.393133716 	 -105.250742106 	 0 	 1 	 1 	 1 
321.56		258.258 	 316.257064282 	 -103.431045018 	 1 	 1 	 1 	 0 
330.266		262.411 	 316.486943674 	 -98.7832337556 	 0 	 1 	 1 	 -1 
340.597		266.33 	 335.759427527 	 -92.319210466 	 0 	 1 	 1 	 1 
340.597		273.671 	 318.630894867 	 -85.6385676013 	 1 	 0 	 1 	 1 
330.266		277.589 	 329.53339788 	 -85.512118282 	 0 	 1 	 1 	 1 
321.56		281.742 	 329.918508234 	 -75.8977126006 	 1 	 1 	 1 	 0 
314.619		286.102 	 311.788730019 	 -72.5242418065 	 0 	 0 	 1 	 0 
309.563		290.633 	 310.168757321 	 -71.6614925295 	 0 	 1 	 1 	 0 
306.488		295.285 	 296.628807066 	 -62.0215620821 	 0 	 0 	 1 	 0 
305.457		300 	 295.961780878 	 -59.4505967925 	 0 	 1 	 1 	 1 
306.489		304.715 	 308.813556536 	 -52.9668225341 	 0 	 0 	 1 	 -1 
309.563		309.367 	 328.731771753 	 -51.1554994316 	 0 	 1 	 1 	 0 
314.619		313.898 	 332.887794781 	 -45.1111132974 	 1 	 1 	 1 	 0 
321.56		318.258 	 334.414688737 	 -38.935771756 	 1 	 0 	 1 	 -1 
330.266		322.411 	 323.363989184 	 -40.1157854331 	 0 	 0 	 1 	 -1 
340.597		326.33 	 355.139078976 	 -35.671691146 	 0 	 1 	 1 	 0 
352.406		330 	 359.730031976 	 -30.2145421746 	 0 	 1 	 1 	 1 
365.546		333.418 	 360.625673156 	 -28.4699710973 	 1 	 0 	 1 	 -1 
355.074		337.053 	 347.186141995 	 -23.1814427982 	 1 	 0 	 1 	 1 
346.099		340.893 	 351.816378355 	 -21.5591486674 	 1 	 0 	 1 	 -1 
338.742		344.921 	 336.082848823 	 -16.9441217312 	 1 	 1 	 1 	 1 
333.116		349.107 	 340.167695951 	 -11.5294660396 	 0 	 0 	 1 	 -1 
329.31		353.413 	 317.705166459 	 -7.70497726116 	 1 	 0 	 1 	 -1 
327.39		357.796 	 321.907323179 	 0.663557283589 	 1 	 1 	 1 	 1 
327.39		2.20423 	 333.477880458 	 3.63007891884 	 0 	 0 	 1 	 1 
329.31		6.58678 	 319.774145828 	 8.832109938 	 0 	 0 	 1 	 0 
333.116		10.8934 	 346.343131705 	 10.9113020428 	 0 	 1 	 1 	 0 
338.742		15.0791 	 319.427133262 	 14.6829807336 	 1 	 0 	 1 	 -1 
346.099		19.1066 	 356.085526078 	 19.217656349 	 0 	 0 	 1 	 1 
355.074		22.9473 	 336.299292944 	 23.004807562 	 0 	 0 	 1 	 -1 
365.546		26.582 	 346.562740823 	 25.22194997 	 1 	 1 	 1 	 1 
377.385		30 	 362.564575044 	 28.5946640737 	 1 	 0 	 1 	 1 
365.546		33.418 	 366.049371375 	 36.1967593243 	 1 	 1 	 1 	 -1 
355.074		37.0527 	 350.28972763 	 39.2303774579 	 1 	 1 	 1 	 -1 
346.099		40.8934 	 355.306556358 	 42.4333892132 	 0 	 0 	 1 	 -1 
338.743		44.9209 	 345.32285192 	 45.7612151466 	 0 	 0 	 1 	 0 
333.116		49.1066 	 333.514017752 	 47.4271941933 	 1 	 0 	 1 	 -1 
329.31		53.4132 	 318.260384317 	 53.3927552433 	 1 	 0 	 1 	 1 
327.39		57.7958 	 339.190887178 	 57.3760510397 	 0 	 0 	 1 	 -1 
327.39		62.2042 	 320.309242672 	 61.5013775897 	 1 	 0 	 1 	 1 
329.31		66.5868 	 318.201909552 	 65.7763691662 	 0 	 0 	 1 	 0 
333.116		70.8934 	 334.485651603 	 72.7836390179 	 1 	 1 	 1 	 0 
338.742		75.0791 	 356.235020661 	 76.5299684457 	 1 	 1 	 1 	 1 
346.099		79.1066 	 333.949911867 	 79.6795844034 	 0 	 1 	 1 	 -1 
355.074		82.9473 	 351.671852385 	 81.5183219869 	 0 	 0 	 1 	 1 
