25.2587		30 	 300.932474244 	 58.8819947136 	 1 	 1 	 1 	 0 
25.2587		90 	 205.005119734 	 67.5647491575 	 1 	 1 	 1 	 -1 
25.2587		150 	 210.844266396 	 63.8535929417 	 0 	 0 	 1 	 1 
25.2587		210 	 225.312100067 	 61.4666450325 	 1 	 1 	 1 	 -1 
25.2587		270 	 201.137724793 	 86.1567932833 	 1 	 1 	 1 	 1 
43.7478		0 	 259.13101766 	 63.5431541579 	 0 	 0 	 1 	 1 
50.5147		30 	 189.863983154 	 66.0663842421 	 0 	 0 	 1 	 1 
43.7478		60 	 194.607629945 	 52.9750264441 	 0 	 0 	 1 	 0 
50.5147		90 	 207.101057196 	 63.3486099776 	 1 	 1 	 1 	 -1 
43.7478		120 	 190.695340657 	 74.7708059305 	 0 	 0 	 1 	 -1 
50.5147		150 	 218.122641422 	 65.6300499475 	 1 	 1 	 1 	 1 
43.7478		180 	 232.701296146 	 61.4376850918 	 1 	 0 	 1 	 1 
50.5147		210 	 260.757624766 	 67.0448539157 	 1 	 0 	 1 	 1 
43.7478		240 	 221.709078398 	 60.4540135307 	 1 	 0 	 1 	 0 
43.7478		300 	 217.090037384 	 63.0828340947 	 0 	 0 	 1 	 0 
50.5148		330 	 214.385350338 	 62.6565422946 	 1 	 0 	 1 	 -1 
66.8212		349.107 	 215.488103352 	 63.3312396267 	 1 	 1 	 1 	 0 
66.8212		10.8934 	 212.765654442 	 66.0941381219 	 1 	 0 	 1 	 0 
75.7654		30 	 185.12873274 	 59.386950579 	 1 	 0 	 1 	 1 
66.8212		49.1066 	 223.095697775 	 76.9275052439 	 1 	 0 	 1 	 1 
66.8212		70.8934 	 217.063670404 	 62.0817194609 	 1 	 1 	 1 	 1 
75.7654		90 	 203.384919905 	 66.4400210788 	 0 	 1 	 1 	 1 
66.8212		109.107 	 296.35969003 	 59.9827470995 	 0 	 1 	 1 	 -1 
66.8212		130.893 	 215.526740212 	 63.2450189007 	 1 	 1 	 1 	 0 
75.7654		150 	 243.817702747 	 71.2371075847 	 1 	 1 	 1 	 -1 
66.8212		169.107 	 229.765448346 	 68.3880106314 	 0 	 0 	 1 	 1 
66.8212		190.893 	 204.804938709 	 58.5818112285 	 1 	 0 	 1 	 0 
66.8212		229.107 	 216.98429093 	 59.8363219393 	 1 	 0 	 1 	 -1 
66.8212		250.893 	 215.031735966 	 63.2337070591 	 1 	 0 	 1 	 1 
75.7654		270 	 232.604916322 	 73.3383803842 	 1 	 1 	 1 	 -1 
66.8212		289.107 	 222.835412387 	 63.1672644952 	 1 	 1 	 1 	 0 
66.8212		310.893 	 243.484724119 	 49.2067801743 	 0 	 1 	 1 	 -1 
75.7654		330 	 206.382913357 	 61.0648062599 	 1 	 1 	 1 	 0 
91.0523		343.898 	 156.397452032 	 84.0464438957 	 1 	 1 	 1 	 0 
87.4818		0 	 216.618072654 	 63.6808719202 	 1 	 0 	 1 	 -1 
91.0523		16.1021 	 150.780600343 	 73.2392214759 	 1 	 0 	 1 	 0 
101.008		30 	 237.079718642 	 68.8633815929 	 0 	 1 	 1 	 0 
91.0523		43.8979 	 253.833925029 	 61.9104037679 	 0 	 0 	 1 	 0 
87.4818		60 	 213.179602189 	 57.2632752207 	 0 	 1 	 1 	 1 
91.0523		76.1021 	 211.070222261 	 49.701702564 	 0 	 0 	 1 	 1 
91.0523		103.898 	 176.33672596 	 41.7328947645 	 1 	 1 	 1 	 1 
87.4818		120 	 171.533377729 	 88.8887935565 	 0 	 0 	 1 	 -1 
91.0523		136.102 	 218.302286118 	 62.1146313908 	 1 	 0 	 1 	 -1 
91.0523		163.898 	 255.032571725 	 67.3748524772 	 0 	 0 	 1 	 1 
87.4818		180 	 216.308616783 	 65.2873641811 	 1 	 1 	 1 	 0 
91.0523		196.102 	 219.224489958 	 52.7940386827 	 1 	 0 	 1 	 0 
101.008		210 	 218.330514002 	 71.8736476543 	 0 	 0 	 1 	 0 
91.0523		223.898 	 99.8582167169 	 40.4279714864 	 1 	 1 	 1 	 0 
87.4818		240 	 224.230119245 	 60.6756064263 	 0 	 1 	 1 	 -1 
91.0523		256.102 	 180.676927726 	 50.7173745483 	 0 	 1 	 1 	 -1 
101.008		270 	 145.513554285 	 46.0313895171 	 0 	 0 	 1 	 -1 
91.0523		283.898 	 212.530963266 	 61.3285424029 	 1 	 1 	 1 	 -1 
87.4817		300 	 212.077682945 	 45.4811530638 	 1 	 0 	 1 	 -1 
91.0523		316.102 	 173.743953364 	 69.506449775 	 0 	 1 	 1 	 0 
101.008		330 	 205.107640206 	 76.4185716904 	 0 	 0 	 1 	 0 
115.709		340.893 	 207.921699627 	 62.4561455085 	 1 	 0 	 1 	 -1 
110.065		353.413 	 230.607707668 	 57.5838227878 	 0 	 1 	 1 	 0 
110.065		6.58677 	 237.074926058 	 54.4712541109 	 0 	 1 	 1 	 0 
115.709		19.1066 	 211.92889201 	 59.9690361638 	 0 	 0 	 1 	 1 
126.24		30 	 214.228448314 	 61.4401939323 	 1 	 0 	 1 	 -1 
115.709		40.8934 	 216.955603768 	 58.5143421587 	 1 	 0 	 1 	 -1 
110.065		53.4132 	 252.776578255 	 61.8645698739 	 1 	 0 	 1 	 -1 
110.065		66.5868 	 207.916050803 	 59.9094473676 	 1 	 0 	 1 	 1 
115.709		79.1066 	 247.02607137 	 50.479829342 	 1 	 0 	 1 	 -1 
126.24		90 	 205.788726434 	 62.71494482 	 1 	 0 	 1 	 -1 
115.709		100.893 	 236.691300664 	 50.6685668184 	 0 	 0 	 1 	 0 
110.065		113.413 	 222.860018282 	 50.2438348431 	 1 	 1 	 1 	 0 
110.065		126.587 	 215.974782808 	 57.031910294 	 0 	 0 	 1 	 0 
115.709		139.107 	 201.198532053 	 58.4921593682 	 0 	 0 	 1 	 1 
126.24		150 	 214.666769717 	 71.8875756936 	 1 	 1 	 1 	 0 
115.709		160.893 	 282.80120289 	 70.2611436317 	 1 	 1 	 1 	 1 
110.066		173.413 	 236.806732927 	 67.8615766249 	 1 	 0 	 1 	 -1 
110.066		186.587 	 213.954477518 	 63.6715603888 	 1 	 1 	 1 	 1 
115.709		199.107 	 225.077537822 	 59.4296244465 	 1 	 1 	 1 	 0 
126.24		210 	 213.058826112 	 62.8449042267 	 0 	 0 	 1 	 0 
115.709		220.893 	 213.855957253 	 80.7810994427 	 1 	 0 	 1 	 0 
110.065		233.413 	 237.047135702 	 60.1247735764 	 0 	 0 	 1 	 0 
110.065		246.587 	 229.304853265 	 64.5978484086 	 1 	 1 	 1 	 -1 
115.709		259.107 	 214.175472441 	 63.3920470352 	 0 	 0 	 1 	 -1 
126.24		270 	 197.382874429 	 77.6702751632 	 1 	 0 	 1 	 0 
115.709		280.893 	 174.306085885 	 69.5615047367 	 0 	 1 	 1 	 1 
110.065		293.413 	 267.563501188 	 77.661498589 	 0 	 0 	 1 	 -1 
110.065		306.587 	 251.954944439 	 78.5872230143 	 0 	 0 	 1 	 1 
115.709		319.107 	 191.860143751 	 61.820314109 	 0 	 0 	 1 	 0 
126.24		330 	 154.545305702 	 74.8991826166 	 0 	 0 	 1 	 1 
140.56		338.948 	 226.528375146 	 61.4755840381 	 0 	 1 	 1 	 1 
133.593		349.107 	 184.911239346 	 38.0396821451 	 1 	 0 	 1 	 -1 
131.188		0 	 211.604469142 	 65.2463683715 	 0 	 0 	 1 	 -1 
133.593		10.8934 	 221.048593414 	 61.8663713952 	 0 	 0 	 1 	 1 
140.56		21.0517 	 203.292103992 	 77.2230027967 	 0 	 1 	 1 	 0 
151.459		30 	 116.430009435 	 80.6945964311 	 1 	 1 	 1 	 1 
140.56		38.9483 	 197.05811839 	 58.1035154387 	 1 	 0 	 1 	 -1 
133.593		49.1066 	 225.750619602 	 60.9629280331 	 0 	 1 	 1 	 1 
131.188		60 	 210.895206046 	 63.8118328435 	 0 	 1 	 1 	 -1 
133.593		70.8934 	 182.370080412 	 52.2455657899 	 1 	 0 	 1 	 0 
140.56		81.0517 	 255.011985922 	 56.1664287354 	 1 	 0 	 1 	 0 
151.459		90 	 220.267602 	 60.4901751533 	 0 	 1 	 1 	 -1 
140.56		98.9483 	 214.531957768 	 63.0148713539 	 0 	 1 	 1 	 -1 
133.593		109.107 	 172.977439424 	 70.3000589925 	 0 	 0 	 1 	 -1 
131.188		120 	 264.301346663 	 64.4135664636 	 0 	 0 	 1 	 1 
133.593		130.893 	 167.970675387 	 17.2869600068 	 0 	 1 	 1 	 0 
140.56		141.052 	 183.819931754 	 68.3943997096 	 1 	 0 	 1 	 1 
151.459		150 	 155.498354973 	 56.6905873429 	 0 	 1 	 1 	 0 
140.56		158.948 	 181.920872222 	 87.5698878629 	 0 	 1 	 1 	 1 
133.593		169.107 	 188.492713648 	 58.9170242546 	 1 	 0 	 1 	 0 
131.188		180 	 179.962918205 	 73.8534080649 	 0 	 0 	 1 	 -1 
133.593		190.893 	 209.125629693 	 68.6443040942 	 0 	 1 	 1 	 1 
140.56		201.052 	 183.683320405 	 56.791427816 	 1 	 0 	 1 	 -1 
151.459		210 	 219.952764553 	 66.1781288942 	 1 	 1 	 1 	 0 
140.56		218.948 	 196.760031691 	 71.0327793869 	 0 	 1 	 1 	 0 
133.593		229.107 	 326.483084979 	 48.6060080444 	 1 	 1 	 1 	 0 
131.188		240 	 223.109609166 	 74.0431288558 	 1 	 1 	 1 	 0 
133.592		250.893 	 233.641958114 	 59.1905966716 	 0 	 1 	 1 	 -1 
140.56		261.052 	 250.289138725 	 60.9446836948 	 1 	 1 	 1 	 -1 
151.459		270 	 250.556796724 	 56.6126880166 	 1 	 1 	 1 	 -1 
140.56		278.948 	 224.374402005 	 66.7327903422 	 0 	 1 	 1 	 0 
133.592		289.107 	 174.939457949 	 60.8942747428 	 1 	 0 	 1 	 1 
131.188		300 	 225.777963304 	 61.6073136901 	 1 	 0 	 1 	 0 
133.593		310.893 	 115.057317084 	 63.9507977533 	 1 	 1 	 1 	 -1 
140.56		321.052 	 267.473603629 	 44.9115121514 	 1 	 0 	 1 	 1 
151.459		330 	 204.004016564 	 51.9467000683 	 0 	 0 	 1 	 0 
165.51		337.589 	 194.096053941 	 62.967599107 	 0 	 1 	 1 	 1 
157.635		346.102 	 221.061399532 	 68.5757711897 	 0 	 1 	 1 	 0 
153.545		355.285 	 210.409962424 	 97.1006386145 	 0 	 1 	 1 	 -1 
153.545		4.715 	 217.948487558 	 41.4215894867 	 0 	 1 	 1 	 0 
157.635		13.8979 	 233.202278027 	 69.9113103527 	 1 	 0 	 1 	 1 
165.51		22.4109 	 208.279566696 	 62.847485205 	 0 	 0 	 1 	 1 
176.661		30 	 264.635052946 	 55.1054111331 	 1 	 1 	 1 	 -1 
165.51		37.5891 	 194.86120334 	 64.5157028177 	 0 	 0 	 1 	 -1 
157.635		46.1021 	 222.3316101 	 59.3066936072 	 1 	 0 	 1 	 1 
153.545		55.285 	 210.150789654 	 59.4785282786 	 1 	 1 	 1 	 -1 
153.545		64.715 	 181.992688297 	 45.1796682532 	 1 	 1 	 1 	 1 
157.635		73.8979 	 237.166187933 	 59.3971498323 	 1 	 0 	 1 	 1 
165.51		82.4109 	 236.994640471 	 85.3902909459 	 1 	 0 	 1 	 -1 
176.661		90 	 213.388422649 	 63.4919323333 	 0 	 0 	 1 	 0 
165.51		97.5891 	 211.50391202 	 70.5778834719 	 1 	 1 	 1 	 1 
157.635		106.102 	 235.88416687 	 78.6196692395 	 0 	 0 	 1 	 1 
153.545		115.285 	 161.185961658 	 78.0296445794 	 1 	 0 	 1 	 0 
153.545		124.715 	 161.979387935 	 58.5480961027 	 0 	 1 	 1 	 -1 
157.635		133.898 	 208.580953717 	 81.0110445659 	 0 	 0 	 1 	 0 
165.51		142.411 	 206.693732085 	 61.6468466768 	 0 	 0 	 1 	 0 
176.661		150 	 222.916543455 	 63.3719020229 	 0 	 1 	 1 	 1 
165.509		157.589 	 205.306698089 	 62.5028158046 	 1 	 1 	 1 	 -1 
157.635		166.102 	 286.396624328 	 67.6161339461 	 1 	 0 	 1 	 0 
153.546		175.285 	 220.28814088 	 60.4193853472 	 0 	 0 	 1 	 -1 
153.546		184.715 	 213.424330345 	 65.9366341041 	 0 	 0 	 1 	 -1 
157.635		193.898 	 221.420842854 	 67.1204503834 	 1 	 1 	 1 	 0 
165.509		202.411 	 227.782372789 	 68.0721618637 	 0 	 0 	 1 	 1 
165.51		217.589 	 216.268251055 	 57.5690595585 	 0 	 1 	 1 	 -1 
157.635		226.102 	 239.783171272 	 70.4680235187 	 0 	 1 	 1 	 -1 
153.545		235.285 	 218.963534648 	 64.9526289654 	 0 	 0 	 1 	 -1 
153.545		244.715 	 303.586860752 	 85.8933975878 	 1 	 1 	 1 	 0 
157.635		253.898 	 196.481476195 	 58.848122915 	 1 	 1 	 1 	 -1 
165.51		262.411 	 214.343189323 	 49.7790012911 	 1 	 1 	 1 	 -1 
176.661		270 	 195.859609968 	 59.8820769676 	 0 	 1 	 1 	 0 
165.51		277.589 	 226.354519234 	 58.9918832066 	 0 	 0 	 1 	 -1 
157.635		286.102 	 215.712070099 	 63.1780411782 	 0 	 1 	 1 	 0 
153.545		295.285 	 216.746974503 	 58.3967889299 	 0 	 0 	 1 	 1 
153.545		304.715 	 216.35586928 	 63.3752134697 	 0 	 1 	 1 	 0 
157.635		313.898 	 189.250831645 	 51.8498417784 	 1 	 0 	 1 	 0 
165.51		322.411 	 184.134929773 	 67.3760322277 	 1 	 1 	 1 	 1 
176.661		330 	 190.71930057 	 52.3879552014 	 1 	 0 	 1 	 0 
190.511		336.587 	 146.317306129 	 69.8751644872 	 0 	 1 	 1 	 -1 
181.979		343.898 	 309.709383019 	 53.515077709 	 0 	 0 	 1 	 -1 
176.661		351.787 	 222.973373343 	 64.4573601863 	 0 	 0 	 1 	 1 
174.852		0 	 201.604379685 	 62.085036541 	 1 	 1 	 1 	 -1 
176.661		8.21321 	 253.884129601 	 66.5882966543 	 0 	 1 	 1 	 1 
181.979		16.1021 	 255.445859709 	 62.1362524905 	 1 	 0 	 1 	 1 
190.511		23.4132 	 214.048696838 	 59.6350586279 	 0 	 0 	 1 	 -1 
201.845		30 	 272.649911359 	 49.0219582899 	 0 	 1 	 1 	 1 
181.979		43.8979 	 224.840666466 	 65.8542557711 	 1 	 0 	 1 	 -1 
176.661		51.7868 	 324.763042818 	 81.2253074066 	 0 	 0 	 1 	 1 
174.852		60 	 204.884915706 	 54.1970554598 	 1 	 1 	 1 	 -1 
176.661		68.2132 	 267.522306329 	 47.2940535123 	 1 	 1 	 1 	 -1 
181.979		76.1021 	 317.197810842 	 60.1453632609 	 0 	 1 	 1 	 -1 
190.511		83.4132 	 212.082067596 	 63.4998117267 	 0 	 0 	 1 	 0 
201.845		90 	 220.664165016 	 62.3180055363 	 0 	 1 	 1 	 -1 
190.511		96.5868 	 266.567860998 	 75.200521877 	 1 	 1 	 1 	 -1 
181.979		103.898 	 211.270926988 	 60.3520070822 	 1 	 0 	 1 	 -1 
176.661		111.787 	 229.93656243 	 67.611658977 	 0 	 0 	 1 	 -1 
174.852		120 	 214.923965085 	 76.4156874513 	 1 	 0 	 1 	 0 
176.661		128.213 	 276.42029794 	 57.4941606001 	 1 	 0 	 1 	 -1 
181.979		136.102 	 235.617523959 	 44.8874109309 	 0 	 1 	 1 	 0 
190.51		143.413 	 266.337649272 	 53.4003660435 	 0 	 0 	 1 	 0 
201.845		150 	 300.04759169 	 65.5540626582 	 1 	 1 	 1 	 1 
190.511		156.587 	 219.254738314 	 63.1111937648 	 0 	 1 	 1 	 1 
181.979		163.898 	 262.208170925 	 57.4369381242 	 1 	 0 	 1 	 0 
176.661		171.787 	 195.691010741 	 65.6696386596 	 0 	 1 	 1 	 1 
174.852		180 	 218.493157796 	 58.6734394209 	 0 	 1 	 1 	 1 
176.661		188.213 	 220.021307406 	 64.9905415941 	 1 	 0 	 1 	 0 
181.979		196.102 	 218.502370018 	 63.2221426592 	 0 	 0 	 1 	 -1 
190.511		203.413 	 267.858911276 	 52.9689169929 	 0 	 1 	 1 	 1 
201.845		210 	 195.460344954 	 56.5975410449 	 0 	 1 	 1 	 -1 
190.51		216.587 	 215.41834075 	 50.2426546116 	 0 	 1 	 1 	 1 
181.979		223.898 	 277.966078034 	 62.6546706285 	 0 	 0 	 1 	 1 
176.661		231.787 	 218.658414332 	 72.1915021534 	 1 	 1 	 1 	 1 
174.853		240 	 151.455066405 	 53.958694597 	 1 	 1 	 1 	 1 
176.662		248.213 	 128.901583698 	 52.6287012436 	 0 	 0 	 1 	 -1 
181.979		256.102 	 198.397175823 	 71.4314380593 	 1 	 0 	 1 	 -1 
190.511		263.413 	 210.042141209 	 59.9907558917 	 0 	 1 	 1 	 1 
190.511		276.587 	 235.311536745 	 62.3561454314 	 1 	 0 	 1 	 1 
181.979		283.898 	 221.915297365 	 62.6588715433 	 0 	 0 	 1 	 1 
176.662		291.787 	 188.227673853 	 53.5671190594 	 1 	 1 	 1 	 -1 
174.853		300 	 210.48383466 	 70.2271081829 	 0 	 0 	 1 	 -1 
176.661		308.213 	 198.336236952 	 60.2913769965 	 0 	 0 	 1 	 0 
181.979		316.102 	 227.445629938 	 70.2523506028 	 0 	 0 	 1 	 -1 
190.511		323.413 	 288.716277571 	 64.4615921132 	 0 	 1 	 1 	 0 
201.845		330 	 205.270596912 	 53.9514277724 	 1 	 1 	 1 	 -1 
215.536		335.818 	 210.996414741 	 64.9819232496 	 0 	 0 	 1 	 0 
206.511		342.216 	 238.558388877 	 73.3904193208 	 1 	 1 	 1 	 1 
200.265		349.107 	 154.876913662 	 53.3993137077 	 0 	 0 	 1 	 -1 
197.068		356.329 	 241.059769264 	 51.8937303925 	 0 	 0 	 1 	 1 
197.068		3.6705 	 217.92059446 	 50.9289706295 	 0 	 1 	 1 	 0 
200.265		10.8934 	 160.447781882 	 62.3870352901 	 1 	 1 	 1 	 1 
206.511		17.7836 	 210.985878267 	 71.7695016387 	 0 	 0 	 1 	 1 
215.536		24.1825 	 162.596563085 	 51.53679834 	 1 	 0 	 1 	 -1 
227.007		30 	 220.630648523 	 69.0033871905 	 0 	 0 	 1 	 -1 
215.536		35.8175 	 238.124731426 	 65.2454233226 	 1 	 0 	 1 	 1 
206.511		42.2164 	 214.251193951 	 63.3096206703 	 0 	 0 	 1 	 0 
200.265		49.1066 	 226.934661427 	 74.752851729 	 0 	 1 	 1 	 0 
197.068		56.3295 	 213.088888746 	 55.4887583811 	 0 	 0 	 1 	 1 
197.068		63.6705 	 219.408194088 	 63.7700462252 	 0 	 1 	 1 	 1 
200.265		70.8934 	 224.768581473 	 66.6988780266 	 0 	 1 	 1 	 0 
206.511		77.7836 	 238.014125558 	 52.1495739506 	 0 	 1 	 1 	 1 
215.536		84.1825 	 285.33396645 	 59.2927505642 	 0 	 1 	 1 	 -1 
227.007		90 	 232.557456458 	 64.3294219244 	 1 	 1 	 1 	 1 
215.536		95.8175 	 211.34861213 	 59.8374296812 	 0 	 0 	 1 	 0 
206.511		102.216 	 203.040392269 	 65.5982304835 	 0 	 1 	 1 	 1 
200.265		109.107 	 257.201554958 	 74.5176033013 	 0 	 1 	 1 	 0 
197.068		116.33 	 186.869077772 	 66.1656070695 	 0 	 0 	 1 	 1 
197.068		123.671 	 257.304996791 	 64.2213307499 	 0 	 1 	 1 	 0 
200.265		130.893 	 222.459510086 	 63.6079780053 	 0 	 1 	 1 	 0 
206.51		137.784 	 218.475910131 	 62.8090636788 	 1 	 1 	 1 	 0 
215.536		144.182 	 295.377275441 	 53.5523384209 	 1 	 0 	 1 	 0 
227.007		150 	 268.479806806 	 74.2878032451 	 1 	 0 	 1 	 1 
215.536		155.818 	 232.850870021 	 37.7324407914 	 0 	 1 	 1 	 -1 
206.511		162.216 	 170.165191045 	 50.2734911519 	 0 	 0 	 1 	 1 
200.266		169.107 	 238.627579378 	 70.8891285901 	 1 	 0 	 1 	 -1 
197.068		176.33 	 129.607439921 	 59.6165870682 	 0 	 1 	 1 	 -1 
197.068		183.671 	 225.887175398 	 42.9472785475 	 0 	 1 	 1 	 0 
200.266		190.893 	 137.488307268 	 41.5940311026 	 1 	 0 	 1 	 -1 
206.511		197.784 	 270.26587258 	 64.4319003417 	 1 	 1 	 1 	 -1 
215.536		204.182 	 142.170501328 	 61.3263934048 	 1 	 0 	 1 	 0 
227.007		210 	 213.614681256 	 62.9554745005 	 0 	 1 	 1 	 1 
215.536		215.818 	 263.467241693 	 60.6388532712 	 0 	 1 	 1 	 0 
206.51		222.216 	 252.037160003 	 67.7209081589 	 0 	 0 	 1 	 1 
200.265		229.107 	 204.284563437 	 58.4765936769 	 1 	 1 	 1 	 1 
197.068		236.329 	 220.104981922 	 56.8879392439 	 0 	 0 	 1 	 1 
197.068		243.671 	 219.602972188 	 61.0754065185 	 0 	 1 	 1 	 1 
200.265		250.893 	 235.585499989 	 58.0843119381 	 1 	 1 	 1 	 -1 
206.51		257.784 	 185.4845326 	 62.2651073604 	 0 	 1 	 1 	 -1 
215.536		264.182 	 218.44871793 	 59.1993576444 	 1 	 0 	 1 	 1 
227.007		270 	 296.919188437 	 55.0924220477 	 1 	 1 	 1 	 1 
215.536		275.818 	 214.192897252 	 63.7424404721 	 1 	 1 	 1 	 -1 
206.51		282.216 	 228.792389384 	 65.8150305308 	 1 	 0 	 1 	 0 
200.265		289.107 	 209.129777173 	 70.9981149698 	 0 	 0 	 1 	 -1 
197.068		296.329 	 208.157756221 	 74.5040932101 	 0 	 1 	 1 	 -1 
197.068		303.67 	 169.880575092 	 59.5252681867 	 0 	 1 	 1 	 1 
200.265		310.893 	 239.756648259 	 60.3601995937 	 0 	 0 	 1 	 -1 
206.511		317.784 	 225.920410433 	 62.831382817 	 1 	 0 	 1 	 0 
227.008		330 	 215.914009702 	 56.099122825 	 0 	 1 	 1 	 1 
240.57		335.209 	 211.907595108 	 66.2807395657 	 1 	 0 	 1 	 -1 
231.161		340.893 	 234.390025688 	 69.6621554833 	 1 	 0 	 1 	 -1 
224.195		346.996 	 182.403851264 	 94.9007508112 	 0 	 1 	 1 	 1 
219.909		353.413 	 206.91295096 	 63.7580847342 	 0 	 0 	 1 	 0 
218.461		0 	 217.689873535 	 60.5590468091 	 1 	 1 	 1 	 -1 
219.909		6.58678 	 215.187270909 	 57.5115944579 	 1 	 0 	 1 	 1 
224.195		13.0039 	 198.779439505 	 69.4750207735 	 1 	 1 	 1 	 0 
231.161		19.1066 	 236.069157226 	 68.3596114162 	 0 	 1 	 1 	 -1 
240.57		24.7913 	 219.835918336 	 63.9222277298 	 0 	 0 	 1 	 0 
252.146		30 	 62.6308276383 	 128.902344528 	 0 	 1 	 1 	 1 
240.57		35.2087 	 208.505342005 	 63.5598949815 	 0 	 0 	 1 	 1 
231.161		40.8934 	 253.26560846 	 70.2604392702 	 1 	 0 	 1 	 1 
224.195		46.9961 	 220.96379373 	 61.8356868295 	 0 	 1 	 1 	 1 
219.909		53.4132 	 210.59046125 	 65.5135282985 	 1 	 0 	 1 	 -1 
218.461		60 	 327.355369454 	 72.1427729386 	 0 	 0 	 1 	 0 
219.909		66.5868 	 215.131126538 	 70.810365924 	 0 	 1 	 1 	 -1 
224.195		73.0039 	 258.294457115 	 56.3776222225 	 1 	 1 	 1 	 0 
231.161		79.1066 	 218.976858854 	 55.7969074935 	 1 	 1 	 1 	 0 
240.57		84.7913 	 212.695534735 	 51.5888594802 	 0 	 0 	 1 	 -1 
240.57		95.2087 	 233.061816348 	 52.3707747049 	 1 	 1 	 1 	 -1 
231.161		100.893 	 245.673314629 	 87.9497933138 	 0 	 1 	 1 	 -1 
224.195		106.996 	 225.357105279 	 58.2377740014 	 1 	 0 	 1 	 -1 
219.909		113.413 	 229.004629989 	 63.9904262034 	 1 	 1 	 1 	 1 
218.461		120 	 214.783227823 	 61.5371411253 	 1 	 0 	 1 	 -1 
219.909		126.587 	 218.740825648 	 70.088986046 	 0 	 1 	 1 	 0 
224.195		133.004 	 175.655499828 	 59.9157990193 	 0 	 1 	 1 	 0 
231.161		139.107 	 207.086274999 	 76.6630879339 	 1 	 0 	 1 	 -1 
252.146		150 	 238.593300263 	 69.9677427647 	 0 	 1 	 1 	 -1 
240.57		155.209 	 216.251740855 	 63.7461571527 	 1 	 0 	 1 	 1 
231.16		160.893 	 172.158432135 	 60.032594468 	 1 	 1 	 1 	 0 
224.196		166.996 	 214.139686343 	 48.8133333161 	 1 	 0 	 1 	 1 
219.909		173.413 	 112.710677442 	 73.9474141597 	 0 	 0 	 1 	 1 
218.461		180 	 213.579422637 	 64.1435360649 	 0 	 1 	 1 	 0 
219.909		186.587 	 230.811494402 	 63.3412213135 	 0 	 1 	 1 	 -1 
224.196		193.004 	 227.901445959 	 65.915390881 	 1 	 1 	 1 	 1 
231.16		199.107 	 219.383197617 	 66.764261888 	 1 	 0 	 1 	 1 
240.57		204.791 	 212.409423497 	 63.1272337518 	 1 	 0 	 1 	 -1 
252.146		210 	 212.467648594 	 65.7537201202 	 1 	 1 	 1 	 -1 
240.57		215.209 	 235.705544911 	 63.5283852266 	 1 	 0 	 1 	 0 
231.161		220.893 	 215.895693501 	 59.295680955 	 1 	 0 	 1 	 -1 
224.196		226.996 	 226.881879385 	 68.1240227071 	 0 	 0 	 1 	 0 
219.909		233.413 	 225.594312629 	 63.5992985682 	 1 	 1 	 1 	 -1 
218.461		240 	 202.17193047 	 65.9832888121 	 0 	 1 	 1 	 0 
219.909		246.587 	 218.636540859 	 62.9314723719 	 1 	 0 	 1 	 1 
224.195		253.004 	 219.609683453 	 58.7690319708 	 0 	 1 	 1 	 -1 
231.16		259.107 	 136.521690926 	 80.0316197858 	 0 	 0 	 1 	 -1 
240.57		264.791 	 249.087017926 	 62.5258184394 	 1 	 0 	 1 	 -1 
252.146		270 	 231.835019795 	 61.768223988 	 1 	 0 	 1 	 0 
240.57		275.209 	 196.28082397 	 65.1725177856 	 0 	 0 	 1 	 0 
231.16		280.893 	 201.969104934 	 69.9256767927 	 1 	 0 	 1 	 0 
224.195		286.996 	 264.138231136 	 70.0623431338 	 1 	 1 	 1 	 0 
219.909		293.413 	 218.723832676 	 56.1049606266 	 1 	 0 	 1 	 -1 
218.461		300 	 261.163852828 	 71.2388610198 	 1 	 1 	 1 	 1 
219.909		306.587 	 185.979543956 	 49.6434233654 	 1 	 0 	 1 	 -1 
224.196		313.004 	 213.473157362 	 61.0319303887 	 0 	 1 	 1 	 1 
231.161		319.107 	 204.488159249 	 68.4830382964 	 1 	 0 	 1 	 0 
240.57		324.791 	 177.828090306 	 54.1012048879 	 1 	 0 	 1 	 1 
252.146		330 	 207.183591478 	 47.9448934771 	 1 	 0 	 1 	 -1 
265.601		334.715 	 248.204950151 	 53.5756295337 	 1 	 1 	 1 	 0 
255.886		339.826 	 212.853971995 	 61.3230601114 	 0 	 0 	 1 	 1 
248.348		345.295 	 213.869805757 	 61.5246313585 	 0 	 0 	 1 	 0 
243.191		351.052 	 234.046985812 	 61.5121379172 	 1 	 1 	 1 	 1 
240.57		356.996 	 236.544155808 	 59.0988262845 	 0 	 0 	 1 	 1 
240.57		3.00449 	 248.116517928 	 53.1011784698 	 1 	 1 	 1 	 0 
243.191		8.94827 	 127.832583635 	 40.3765097172 	 1 	 1 	 1 	 0 
248.348		14.7047 	 227.703402108 	 72.2739330754 	 1 	 1 	 1 	 0 
255.886		20.1736 	 230.699301979 	 69.3227602262 	 0 	 0 	 1 	 -1 
265.601		25.285 	 235.366283876 	 61.7005534834 	 0 	 0 	 1 	 -1 
277.258		30 	 278.348294916 	 56.1670529479 	 1 	 0 	 1 	 0 
265.601		34.715 	 253.689696692 	 47.5931625194 	 0 	 0 	 1 	 -1 
255.887		39.8264 	 226.320374364 	 69.6563366393 	 1 	 1 	 1 	 1 
248.348		45.2953 	 211.896174467 	 61.3153596795 	 0 	 1 	 1 	 -1 
243.191		51.0517 	 215.434445395 	 53.0600272207 	 0 	 0 	 1 	 0 
240.57		56.9955 	 178.513755948 	 57.3272904171 	 0 	 0 	 1 	 0 
240.57		63.0045 	 265.463922038 	 63.8998924919 	 1 	 1 	 1 	 -1 
243.191		68.9483 	 239.460386901 	 53.5059948158 	 1 	 1 	 1 	 0 
248.348		74.7047 	 211.961069367 	 66.0896995625 	 0 	 0 	 1 	 -1 
255.887		80.1736 	 195.222282052 	 61.5685059597 	 1 	 1 	 1 	 1 
265.601		85.285 	 231.214802357 	 62.4889238623 	 1 	 0 	 1 	 0 
277.257		90 	 219.870436871 	 59.1640392741 	 0 	 1 	 1 	 1 
265.601		94.715 	 196.347597123 	 62.7272530128 	 0 	 1 	 1 	 0 
255.887		99.8264 	 214.795278293 	 62.8972051463 	 1 	 0 	 1 	 1 
248.348		105.295 	 213.823974359 	 62.9185773972 	 1 	 1 	 1 	 0 
243.191		111.052 	 130.729819433 	 67.7868517138 	 1 	 1 	 1 	 -1 
240.57		116.996 	 180.234495188 	 61.6938294384 	 1 	 1 	 1 	 1 
240.57		123.005 	 238.143527837 	 67.2240080352 	 0 	 0 	 1 	 0 
243.191		128.948 	 209.443950283 	 64.1285172308 	 0 	 1 	 1 	 0 
248.348		134.705 	 221.671131876 	 61.5417553922 	 1 	 1 	 1 	 1 
255.887		140.174 	 254.379228326 	 91.5576306276 	 1 	 0 	 1 	 1 
265.6		145.285 	 171.011555623 	 43.574535157 	 1 	 0 	 1 	 -1 
277.257		150 	 221.72320253 	 63.5203865272 	 0 	 1 	 1 	 1 
265.601		154.715 	 251.976966038 	 59.6721183852 	 1 	 0 	 1 	 -1 
255.886		159.826 	 175.456015118 	 77.2648549532 	 1 	 0 	 1 	 1 
248.348		165.295 	 257.936972682 	 62.0647674456 	 0 	 1 	 1 	 1 
243.191		171.052 	 235.624433782 	 51.443572835 	 1 	 0 	 1 	 0 
240.57		176.996 	 242.168764394 	 60.4961922247 	 0 	 1 	 1 	 0 
240.57		183.005 	 120.765153992 	 73.5720350574 	 1 	 0 	 1 	 0 
243.191		188.948 	 159.68121665 	 70.0908205908 	 0 	 0 	 1 	 1 
248.348		194.705 	 219.35395452 	 65.0525465524 	 1 	 0 	 1 	 0 
255.886		200.174 	 248.823264667 	 53.9722722929 	 1 	 1 	 1 	 0 
265.601		205.285 	 231.917292165 	 56.1564341615 	 1 	 0 	 1 	 -1 
277.258		210 	 176.294181653 	 67.0694533468 	 0 	 0 	 1 	 0 
265.6		214.715 	 210.765137942 	 50.9991889776 	 1 	 1 	 1 	 -1 
255.887		219.826 	 238.435303085 	 56.0134644683 	 1 	 0 	 1 	 1 
248.348		225.295 	 187.83809401 	 60.3933114104 	 1 	 0 	 1 	 0 
243.191		231.052 	 201.47375028 	 54.7492519528 	 1 	 0 	 1 	 1 
240.57		236.995 	 234.270867192 	 63.2079978187 	 1 	 1 	 1 	 -1 
240.57		243.004 	 205.904320796 	 61.0201829425 	 1 	 1 	 1 	 1 
243.19		248.948 	 212.460033432 	 67.8343897687 	 0 	 0 	 1 	 1 
248.348		254.705 	 165.82808838 	 92.141235563 	 0 	 0 	 1 	 1 
255.886		260.174 	 211.145662702 	 62.3784775079 	 1 	 1 	 1 	 0 
265.601		265.285 	 246.913611561 	 70.7520296828 	 1 	 1 	 1 	 -1 
277.258		270 	 192.425063786 	 61.1461916885 	 1 	 0 	 1 	 -1 
265.601		274.715 	 214.424427964 	 64.9914191156 	 1 	 1 	 1 	 0 
255.886		279.826 	 238.093683571 	 65.3512209528 	 1 	 1 	 1 	 -1 
248.348		285.295 	 195.578726083 	 62.1279856789 	 1 	 1 	 1 	 -1 
243.19		291.052 	 219.887340654 	 54.9968751663 	 1 	 1 	 1 	 0 
240.57		296.996 	 253.224087614 	 68.6835473089 	 0 	 0 	 1 	 0 
240.57		303.004 	 210.858779981 	 78.0309315218 	 0 	 1 	 1 	 1 
243.191		308.948 	 218.42219836 	 58.4386952884 	 1 	 0 	 1 	 0 
248.348		314.705 	 210.264077399 	 63.7472750813 	 1 	 0 	 1 	 -1 
255.886		320.174 	 238.12984894 	 53.8714600478 	 0 	 0 	 1 	 -1 
265.6		325.285 	 207.014734701 	 62.8534238365 	 1 	 1 	 1 	 -1 
277.258		330 	 217.338691598 	 62.3657936724 	 1 	 1 	 1 	 -1 
290.619		334.307 	 281.387150738 	 38.5721458035 	 1 	 0 	 1 	 0 
280.659		338.948 	 237.50738587 	 53.1349130512 	 0 	 1 	 1 	 0 
272.656		343.898 	 240.216546736 	 78.5234703343 	 1 	 1 	 1 	 0 
266.79		349.107 	 212.442808117 	 61.8100764417 	 0 	 0 	 1 	 -1 
263.206		354.504 	 237.905573229 	 54.1851373011 	 0 	 0 	 1 	 1 
262.001		0 	 243.018150051 	 74.1834803503 	 0 	 1 	 1 	 1 
263.206		5.49637 	 251.237059741 	 57.2041132972 	 1 	 0 	 1 	 1 
266.79		10.8934 	 202.264875015 	 68.8152753345 	 1 	 1 	 1 	 -1 
272.656		16.1021 	 200.257949603 	 69.0845798069 	 0 	 0 	 1 	 0 
280.659		21.0517 	 193.631083396 	 62.5139465373 	 1 	 1 	 1 	 -1 
290.619		25.6934 	 305.448270918 	 51.4167544776 	 0 	 1 	 1 	 0 
302.34		30 	 158.137562239 	 64.6598244051 	 0 	 1 	 1 	 -1 
290.619		34.3066 	 263.888594355 	 75.7182120702 	 0 	 1 	 1 	 0 
280.659		38.9483 	 192.74159436 	 52.9150399581 	 0 	 0 	 1 	 1 
272.656		43.8979 	 272.260384112 	 60.0482751723 	 1 	 1 	 1 	 1 
266.789		49.1066 	 212.800495838 	 63.2765717322 	 0 	 0 	 1 	 0 
263.206		54.5036 	 221.573850242 	 70.0300119221 	 0 	 1 	 1 	 1 
262.001		60 	 225.433708328 	 61.5051746975 	 1 	 0 	 1 	 -1 
263.206		65.4964 	 249.760874402 	 60.0628827766 	 0 	 1 	 1 	 -1 
266.79		70.8934 	 197.013637849 	 56.9995242092 	 1 	 1 	 1 	 0 
272.656		76.1021 	 199.290070416 	 54.2333638878 	 1 	 1 	 1 	 -1 
280.659		81.0517 	 230.208858504 	 63.5590745598 	 1 	 0 	 1 	 -1 
290.619		85.6934 	 258.576611645 	 59.8970433252 	 0 	 0 	 1 	 -1 
302.34		90 	 207.454624341 	 56.8776745957 	 0 	 1 	 1 	 0 
290.619		94.3066 	 254.233926827 	 78.0632594865 	 1 	 0 	 1 	 0 
280.659		98.9483 	 258.144716823 	 72.9234029713 	 0 	 0 	 1 	 1 
272.655		103.898 	 184.661417681 	 62.7142623466 	 1 	 1 	 1 	 0 
266.79		109.107 	 192.527584915 	 63.2086420145 	 0 	 0 	 1 	 1 
263.206		114.504 	 217.175465177 	 63.5463332581 	 0 	 1 	 1 	 -1 
262		120 	 210.823086206 	 60.1456898675 	 1 	 0 	 1 	 1 
263.206		125.496 	 221.263729498 	 59.7811513583 	 0 	 1 	 1 	 -1 
266.79		130.893 	 189.793247932 	 61.3761237217 	 1 	 0 	 1 	 1 
272.655		136.102 	 219.824766523 	 34.057879457 	 0 	 0 	 1 	 0 
280.659		141.052 	 207.775790326 	 61.6955633205 	 1 	 0 	 1 	 1 
290.619		145.693 	 225.336398827 	 62.5426498282 	 1 	 1 	 1 	 -1 
302.34		150 	 221.377713834 	 63.7905930567 	 0 	 0 	 1 	 0 
290.619		154.307 	 252.265235326 	 77.3614060532 	 0 	 1 	 1 	 1 
280.659		158.948 	 321.707195518 	 57.6099536222 	 0 	 0 	 1 	 1 
272.656		163.898 	 265.341081373 	 67.5451359152 	 1 	 1 	 1 	 -1 
266.789		169.107 	 173.953585366 	 64.9987810317 	 1 	 0 	 1 	 -1 
263.206		174.504 	 259.161360552 	 62.9030427511 	 0 	 0 	 1 	 1 
262.001		180 	 262.887225505 	 44.721864256 	 1 	 0 	 1 	 1 
263.206		185.496 	 208.350650758 	 65.4302712958 	 0 	 0 	 1 	 0 
266.789		190.893 	 177.089931032 	 62.8157845761 	 0 	 0 	 1 	 -1 
272.656		196.102 	 273.954732754 	 77.7885372371 	 1 	 0 	 1 	 0 
280.659		201.052 	 273.456137059 	 73.7202224507 	 0 	 1 	 1 	 -1 
290.619		205.693 	 194.70847675 	 69.7741964774 	 0 	 0 	 1 	 1 
302.34		210 	 251.504560683 	 69.9112552664 	 0 	 0 	 1 	 0 
290.619		214.307 	 218.063564223 	 61.0731388448 	 1 	 1 	 1 	 -1 
280.658		218.948 	 210.601622226 	 53.2762055899 	 1 	 0 	 1 	 0 
272.656		223.898 	 225.82944797 	 42.0075991039 	 0 	 0 	 1 	 -1 
266.79		229.107 	 216.887965992 	 72.3078725758 	 0 	 0 	 1 	 0 
263.206		234.504 	 173.339282073 	 55.0949021496 	 0 	 1 	 1 	 0 
262		240 	 251.462258742 	 80.1344206904 	 1 	 0 	 1 	 0 
263.206		245.496 	 218.146164545 	 58.7101853101 	 1 	 0 	 1 	 -1 
266.789		250.893 	 220.842917687 	 60.643035128 	 0 	 0 	 1 	 0 
272.656		256.102 	 232.634954775 	 68.223451256 	 0 	 0 	 1 	 1 
280.659		261.052 	 236.217542931 	 40.718541601 	 1 	 1 	 1 	 -1 
290.62		265.693 	 262.316526916 	 85.6819063593 	 0 	 0 	 1 	 0 
302.34		270 	 122.056800826 	 71.4303451592 	 1 	 1 	 1 	 -1 
290.62		274.307 	 103.3930965 	 39.6907074734 	 1 	 1 	 1 	 1 
280.659		278.948 	 192.375062587 	 48.8044236079 	 1 	 1 	 1 	 1 
272.656		283.898 	 259.946531961 	 43.2025805232 	 1 	 0 	 1 	 1 
266.789		289.107 	 213.69311502 	 65.0437239162 	 0 	 1 	 1 	 -1 
263.206		294.504 	 279.226567082 	 63.4739956171 	 1 	 0 	 1 	 1 
262		300 	 236.218371251 	 67.2170127175 	 1 	 1 	 1 	 0 
263.206		305.496 	 221.678622899 	 63.5593779197 	 0 	 0 	 1 	 -1 
266.79		310.893 	 213.170818204 	 53.7025887047 	 1 	 1 	 1 	 1 
272.656		316.102 	 154.013186471 	 68.4924026441 	 1 	 0 	 1 	 0 
280.659		321.052 	 221.172524048 	 78.2695643926 	 0 	 1 	 1 	 0 
290.619		325.693 	 222.447955762 	 64.3475871339 	 1 	 1 	 1 	 -1 
302.34		330 	 315.140006737 	 71.4892691845 	 1 	 0 	 1 	 1 
315.62		333.963 	 214.970285348 	 63.2523924827 	 1 	 1 	 1 	 1 
305.457		338.213 	 203.795475396 	 64.8563631014 	 0 	 1 	 1 	 0 
297.071		342.731 	 124.846735675 	 54.4828912782 	 1 	 1 	 1 	 1 
290.619		347.48 	 192.52599516 	 69.5618966021 	 0 	 1 	 1 	 1 
286.236		352.411 	 205.697921675 	 60.5622516272 	 0 	 1 	 1 	 0 
284.018		357.457 	 185.215434166 	 65.4605802422 	 0 	 0 	 1 	 -1 
284.018		2.54292 	 203.582393971 	 73.2432383869 	 1 	 1 	 1 	 -1 
286.236		7.58909 	 245.867619624 	 72.5630336125 	 0 	 1 	 1 	 1 
290.619		12.5198 	 221.078649354 	 70.2221645679 	 1 	 0 	 1 	 -1 
297.071		17.2695 	 264.514265086 	 58.9801467131 	 1 	 0 	 1 	 0 
305.457		21.7868 	 98.0699851084 	 117.7501772 	 1 	 1 	 1 	 0 
315.62		26.0368 	 204.478797994 	 64.3155355089 	 1 	 0 	 1 	 -1 
327.39		30 	 205.318039344 	 60.5347733033 	 0 	 0 	 1 	 0 
305.457		38.2132 	 195.694423602 	 58.3962211145 	 1 	 0 	 1 	 1 
297.071		42.7305 	 237.951857848 	 65.0036328382 	 0 	 1 	 1 	 1 
290.619		47.4802 	 202.822537191 	 60.1643806966 	 1 	 0 	 1 	 1 
286.236		52.4109 	 295.668445794 	 71.0799176113 	 0 	 0 	 1 	 -1 
284.018		57.4571 	 289.253166495 	 58.9732405032 	 0 	 1 	 1 	 -1 
284.018		62.5429 	 171.123724571 	 52.3301982395 	 0 	 1 	 1 	 0 
286.236		67.5891 	 216.797737423 	 63.3982727307 	 0 	 1 	 1 	 0 
290.619		72.5198 	 221.240792551 	 61.8548928462 	 1 	 1 	 1 	 0 
297.071		77.2695 	 221.518268493 	 66.1303891638 	 1 	 1 	 1 	 1 
305.457		81.7868 	 162.883817426 	 94.7157562399 	 1 	 0 	 1 	 0 
315.62		86.0368 	 198.221231402 	 76.0776019572 	 1 	 1 	 1 	 0 
327.39		90 	 254.556394293 	 62.9406534759 	 0 	 0 	 1 	 1 
315.62		93.9632 	 281.592297209 	 64.2172237743 	 0 	 0 	 1 	 0 
305.457		98.2132 	 214.002705776 	 67.0431028364 	 1 	 1 	 1 	 0 
297.071		102.731 	 162.842216404 	 68.9436355713 	 0 	 1 	 1 	 1 
290.619		107.48 	 226.133577345 	 63.6253638795 	 1 	 0 	 1 	 -1 
286.236		112.411 	 229.768577464 	 61.7342017995 	 1 	 1 	 1 	 0 
284.018		117.457 	 235.229453837 	 68.0048248427 	 0 	 1 	 1 	 0 
284.018		122.543 	 221.100405122 	 62.4586685398 	 1 	 1 	 1 	 1 
286.236		127.589 	 193.939263538 	 60.3620075519 	 1 	 0 	 1 	 -1 
290.62		132.52 	 139.031177893 	 43.0252133651 	 0 	 1 	 1 	 1 
297.071		137.269 	 216.240707249 	 59.4470277514 	 1 	 0 	 1 	 -1 
305.457		141.787 	 220.231814941 	 64.2500420177 	 0 	 1 	 1 	 -1 
315.62		146.037 	 215.98448437 	 54.649870741 	 0 	 0 	 1 	 1 
327.39		150 	 213.569056147 	 63.8770506315 	 1 	 1 	 1 	 0 
315.619		153.963 	 209.786352036 	 66.2155284257 	 1 	 0 	 1 	 1 
305.457		158.213 	 171.013101338 	 74.1823496649 	 1 	 0 	 1 	 -1 
297.071		162.731 	 230.815735366 	 73.0992413649 	 1 	 1 	 1 	 -1 
290.62		167.48 	 173.686414139 	 53.9512035072 	 0 	 1 	 1 	 0 
286.236		172.411 	 125.205058984 	 42.3146711835 	 0 	 0 	 1 	 -1 
284.019		177.457 	 229.50267299 	 68.3309862142 	 1 	 0 	 1 	 -1 
284.019		182.543 	 233.813251111 	 59.4904473189 	 0 	 0 	 1 	 0 
286.236		187.589 	 346.527591193 	 70.4958555834 	 1 	 0 	 1 	 1 
290.62		192.52 	 217.844713953 	 62.366142774 	 0 	 1 	 1 	 0 
297.071		197.269 	 210.786373588 	 38.7214764794 	 1 	 1 	 1 	 1 
305.457		201.787 	 215.720823226 	 60.957422592 	 1 	 1 	 1 	 1 
315.62		206.037 	 215.324113932 	 63.2877210955 	 1 	 0 	 1 	 0 
327.39		210 	 175.044686155 	 66.457148843 	 1 	 1 	 1 	 0 
315.62		213.963 	 219.010435383 	 61.9652319252 	 0 	 1 	 1 	 1 
305.457		218.213 	 104.13350626 	 83.061458391 	 1 	 1 	 1 	 1 
297.071		222.731 	 195.438491081 	 70.1743704102 	 0 	 0 	 1 	 0 
290.619		227.48 	 238.111883249 	 67.5181309209 	 1 	 1 	 1 	 1 
286.236		232.411 	 209.346285992 	 61.1770419112 	 1 	 0 	 1 	 0 
284.018		237.457 	 298.323202201 	 57.0492979275 	 1 	 0 	 1 	 0 
284.019		242.543 	 198.18982096 	 67.2018282227 	 1 	 0 	 1 	 1 
286.236		247.589 	 280.11036633 	 75.3422971012 	 0 	 1 	 1 	 1 
290.62		252.52 	 224.061675667 	 65.6468417469 	 0 	 1 	 1 	 1 
297.071		257.269 	 205.355187561 	 56.8516027547 	 1 	 1 	 1 	 0 
305.457		261.787 	 163.159956229 	 61.0251598107 	 0 	 1 	 1 	 -1 
315.62		266.037 	 266.492667586 	 59.3909680833 	 0 	 0 	 1 	 -1 
327.39		270 	 236.035375934 	 63.1749193999 	 0 	 0 	 1 	 0 
315.62		273.963 	 217.149681139 	 61.4268171227 	 0 	 1 	 1 	 1 
305.457		278.213 	 106.185671993 	 68.0257625566 	 1 	 0 	 1 	 1 
297.071		282.731 	 222.320567254 	 63.6005847402 	 0 	 1 	 1 	 -1 
290.62		287.48 	 241.980041848 	 56.5404882604 	 0 	 0 	 1 	 -1 
286.236		292.411 	 213.329370347 	 61.7972238063 	 1 	 1 	 1 	 1 
284.019		297.457 	 210.420673573 	 58.2051491821 	 1 	 1 	 1 	 1 
284.018		302.543 	 231.515695275 	 68.5166558251 	 0 	 0 	 1 	 0 
286.236		307.589 	 273.485307882 	 52.9164270152 	 1 	 0 	 1 	 1 
290.619		312.52 	 162.61859151 	 64.8929662506 	 1 	 0 	 1 	 -1 
297.071		317.269 	 213.776949452 	 64.0831837144 	 1 	 1 	 1 	 0 
305.457		321.787 	 240.008693254 	 85.5968560109 	 1 	 1 	 1 	 1 
327.39		330 	 210.059822372 	 60.3658283823 	 0 	 1 	 1 	 1 
340.597		333.67 	 212.982470266 	 75.9727966856 	 1 	 0 	 1 	 1 
330.266		337.589 	 204.464196606 	 63.9356949314 	 1 	 0 	 1 	 -1 
321.56		341.742 	 249.088787432 	 63.9823499639 	 1 	 1 	 1 	 1 
314.619		346.102 	 211.100531621 	 60.7874149355 	 1 	 1 	 1 	 -1 
309.563		350.633 	 179.212434028 	 65.7832731066 	 0 	 0 	 1 	 1 
306.489		355.285 	 244.775006789 	 73.6237056125 	 0 	 0 	 1 	 1 
305.457		0 	 215.336310823 	 63.8050487609 	 0 	 0 	 1 	 0 
306.489		4.715 	 233.292156464 	 70.1356086704 	 0 	 1 	 1 	 1 
309.563		9.367 	 145.916683288 	 64.8267680009 	 1 	 0 	 1 	 0 
314.619		13.8979 	 232.723538618 	 63.1443779848 	 0 	 1 	 1 	 0 
321.56		18.2585 	 254.677042121 	 65.1323098216 	 0 	 1 	 1 	 -1 
330.266		22.4109 	 240.128585841 	 67.6183987924 	 0 	 0 	 1 	 0 
340.597		26.3295 	 217.81268122 	 60.0075638976 	 1 	 1 	 1 	 -1 
352.406		30 	 216.783780821 	 66.1491691027 	 1 	 1 	 1 	 0 
340.597		33.6705 	 150.758337748 	 66.2059183153 	 0 	 0 	 1 	 1 
330.266		37.5891 	 242.706514427 	 70.2807536621 	 1 	 0 	 1 	 0 
321.56		41.7415 	 241.149366961 	 59.6229992417 	 1 	 0 	 1 	 0 
314.619		46.1021 	 226.316604389 	 48.7774180522 	 0 	 0 	 1 	 0 
309.563		50.633 	 190.966161624 	 73.5437793321 	 0 	 1 	 1 	 -1 
306.489		55.285 	 184.969191846 	 62.5908302052 	 0 	 1 	 1 	 1 
305.457		60 	 225.066798145 	 66.7683843964 	 1 	 0 	 1 	 1 
306.489		64.715 	 204.534535428 	 65.2848312177 	 1 	 1 	 1 	 1 
309.563		69.367 	 201.182975435 	 53.8009602273 	 1 	 1 	 1 	 0 
314.619		73.8979 	 198.078693629 	 65.0369119189 	 0 	 1 	 1 	 1 
321.56		78.2585 	 262.897069037 	 58.8211889919 	 0 	 1 	 1 	 0 
330.266		82.4109 	 169.738228259 	 60.1529113131 	 1 	 1 	 1 	 1 
340.597		86.3295 	 236.016191197 	 58.875742437 	 0 	 0 	 1 	 -1 
352.406		90 	 213.673629593 	 60.7536485964 	 0 	 0 	 1 	 0 
340.597		93.6705 	 246.221311961 	 68.4579318578 	 0 	 1 	 1 	 1 
330.266		97.5891 	 213.70911271 	 80.5900122424 	 1 	 0 	 1 	 -1 
321.56		101.742 	 213.406035337 	 64.0212376306 	 0 	 0 	 1 	 0 
314.619		106.102 	 179.428318758 	 64.2739109634 	 1 	 0 	 1 	 -1 
309.563		110.633 	 221.503394063 	 62.0151454836 	 0 	 0 	 1 	 0 
306.489		115.285 	 221.924470449 	 45.764843043 	 1 	 1 	 1 	 1 
305.457		120 	 218.295086152 	 62.3130570262 	 1 	 0 	 1 	 -1 
306.489		124.715 	 268.168960106 	 71.1048487027 	 0 	 0 	 1 	 -1 
309.563		129.367 	 151.029501344 	 86.2340910962 	 0 	 0 	 1 	 -1 
314.619		133.898 	 285.979896981 	 77.1978233447 	 1 	 0 	 1 	 -1 
321.56		138.258 	 204.068164906 	 58.3734068484 	 0 	 1 	 1 	 1 
330.266		142.411 	 247.317942107 	 75.8212067678 	 0 	 0 	 1 	 -1 
340.597		146.329 	 207.41448169 	 66.0323088366 	 1 	 0 	 1 	 1 
352.406		150 	 271.870235696 	 75.0495171159 	 0 	 0 	 1 	 1 
340.597		153.671 	 221.267714951 	 67.7764444632 	 1 	 0 	 1 	 1 
330.266		157.589 	 176.953363282 	 70.147433891 	 0 	 0 	 1 	 0 
321.561		161.742 	 225.437044636 	 63.1088781811 	 0 	 1 	 1 	 0 
314.618		166.102 	 238.212226419 	 74.9533919097 	 1 	 1 	 1 	 -1 
309.563		170.633 	 221.221158482 	 74.3360582548 	 1 	 0 	 1 	 -1 
306.488		175.285 	 215.212785265 	 63.1695502583 	 1 	 0 	 1 	 1 
305.457		180 	 213.453440028 	 63.6650743955 	 1 	 0 	 1 	 1 
306.488		184.715 	 201.527419773 	 66.6219086898 	 1 	 0 	 1 	 1 
309.563		189.367 	 275.151539037 	 64.7048211692 	 0 	 0 	 1 	 -1 
314.618		193.898 	 294.815281401 	 40.4674082495 	 0 	 0 	 1 	 -1 
321.561		198.258 	 272.931507545 	 58.8283098535 	 1 	 1 	 1 	 -1 
330.266		202.411 	 243.984758832 	 66.4447435698 	 0 	 0 	 1 	 1 
340.597		206.329 	 195.073528863 	 60.6573408158 	 1 	 0 	 1 	 0 
352.406		210 	 204.538120953 	 44.932920062 	 1 	 1 	 1 	 0 
330.266		217.589 	 196.165944885 	 65.0194511858 	 0 	 1 	 1 	 -1 
321.56		221.742 	 247.100528278 	 53.3680634228 	 0 	 0 	 1 	 0 
314.619		226.102 	 231.346072457 	 66.524191679 	 0 	 0 	 1 	 1 
309.563		230.633 	 188.395834476 	 83.4421746222 	 1 	 0 	 1 	 1 
306.489		235.285 	 203.509386724 	 59.4411295951 	 0 	 1 	 1 	 0 
305.456		240 	 190.207505203 	 68.5504324686 	 0 	 1 	 1 	 -1 
306.488		244.715 	 213.158860211 	 64.5056110754 	 1 	 0 	 1 	 1 
309.563		249.367 	 259.296567168 	 59.8627707634 	 0 	 1 	 1 	 -1 
314.619		253.898 	 193.947956434 	 66.8487198668 	 0 	 0 	 1 	 1 
321.56		258.258 	 275.495026115 	 63.6379754661 	 1 	 1 	 1 	 1 
330.266		262.411 	 155.929178824 	 64.0870470675 	 0 	 1 	 1 	 -1 
340.597		266.33 	 234.069613648 	 60.9202661351 	 1 	 1 	 1 	 0 
340.597		273.671 	 210.816262862 	 66.5039333576 	 0 	 0 	 1 	 1 
330.266		277.589 	 189.333342877 	 61.1176767471 	 1 	 0 	 1 	 -1 
321.56		281.742 	 191.356556693 	 42.2233672683 	 0 	 1 	 1 	 -1 
314.619		286.102 	 232.519144997 	 54.7149109128 	 0 	 1 	 1 	 1 
309.563		290.633 	 211.87976398 	 63.1019241393 	 0 	 0 	 1 	 0 
306.488		295.285 	 207.661070939 	 61.2380666553 	 0 	 1 	 1 	 0 
305.457		300 	 288.649481207 	 65.268830739 	 1 	 0 	 1 	 -1 
306.489		304.715 	 172.103185014 	 87.4209585139 	 0 	 0 	 1 	 -1 
309.563		309.367 	 267.667363372 	 77.605891169 	 0 	 0 	 1 	 1 
314.619		313.898 	 252.556901683 	 67.3652672474 	 1 	 0 	 1 	 0 
321.56		318.258 	 211.504441089 	 65.9030710201 	 1 	 0 	 1 	 -1 
330.266		322.411 	 227.971068419 	 56.947264223 	 1 	 0 	 1 	 1 
340.597		326.33 	 226.568558948 	 61.7921881597 	 0 	 1 	 1 	 1 
352.406		330 	 207.869021386 	 61.7259864671 	 0 	 1 	 1 	 -1 
365.546		333.418 	 265.817624478 	 60.4458789499 	 1 	 1 	 1 	 -1 
355.074		337.053 	 271.908159126 	 67.4724644317 	 0 	 0 	 1 	 0 
346.099		340.893 	 211.615595407 	 62.6670071351 	 0 	 1 	 1 	 1 
338.742		344.921 	 291.183435707 	 59.9837934691 	 1 	 1 	 1 	 -1 
333.116		349.107 	 208.529986368 	 65.0710007797 	 1 	 0 	 1 	 -1 
329.31		353.413 	 176.701075941 	 67.7901232843 	 1 	 0 	 1 	 0 
327.39		357.796 	 249.30992382 	 69.5220825191 	 0 	 1 	 1 	 1 
327.39		2.20423 	 212.924075425 	 63.841802544 	 0 	 1 	 1 	 1 
329.31		6.58678 	 202.053280585 	 58.2544964324 	 1 	 0 	 1 	 0 
333.116		10.8934 	 194.400145394 	 77.467889193 	 1 	 1 	 1 	 1 
338.742		15.0791 	 226.94783618 	 60.1792128162 	 0 	 1 	 1 	 -1 
346.099		19.1066 	 184.116717288 	 55.3307842197 	 1 	 0 	 1 	 0 
355.074		22.9473 	 216.355517488 	 70.5211209083 	 0 	 1 	 1 	 -1 
365.546		26.582 	 229.949280045 	 45.0771110277 	 0 	 0 	 1 	 1 
377.385		30 	 234.572223552 	 43.7202127565 	 0 	 0 	 1 	 1 
365.546		33.418 	 257.037936481 	 49.9965997994 	 1 	 1 	 1 	 1 
355.074		37.0527 	 222.466050672 	 60.3883056981 	 1 	 0 	 1 	 0 
346.099		40.8934 	 242.998587369 	 67.4810574523 	 1 	 1 	 1 	 1 
338.743		44.9209 	 190.631246899 	 63.807196882 	 1 	 1 	 1 	 0 
333.116		49.1066 	 271.751466949 	 61.3968347368 	 1 	 0 	 1 	 -1 
329.31		53.4132 	 199.166848855 	 52.1042326408 	 0 	 0 	 1 	 0 
327.39		57.7958 	 222.568537051 	 66.7911074649 	 1 	 0 	 1 	 0 
327.39		62.2042 	 202.964441126 	 68.0229813426 	 0 	 1 	 1 	 1 
329.31		66.5868 	 225.078042168 	 62.5448713574 	 1 	 0 	 1 	 0 
333.116		70.8934 	 224.335090583 	 58.549337001 	 1 	 0 	 1 	 1 
338.742		75.0791 	 208.502244966 	 60.7914540545 	 0 	 1 	 1 	 -1 
346.099		79.1066 	 166.912486507 	 43.7994743885 	 1 	 0 	 1 	 0 
355.074		82.9473 	 252.03813082 	 53.7046442887 	 0 	 1 	 1 	 0 
