25.2587		30 	 15.7870113366 	 25.0983726346 	 1 	 0 	 1 	 0 
25.2587		90 	 306.991060086 	 -111.939698275 	 0 	 1 	 1 	 -1 
25.2587		150 	 257.159822387 	 146.649915059 	 0 	 1 	 1 	 0 
25.2587		210 	 193.502587356 	 112.249793596 	 1 	 0 	 1 	 1 
25.2587		270 	 69.9406042694 	 -98.5331560332 	 0 	 1 	 1 	 0 
43.7478		0 	 175.319163124 	 15.7491515045 	 1 	 0 	 1 	 1 
50.5147		30 	 137.55720304 	 -17.3271002813 	 0 	 1 	 1 	 0 
43.7478		60 	 62.5121223439 	 3.61789600993 	 0 	 1 	 1 	 1 
50.5147		90 	 129.648763862 	 5.9132942061 	 0 	 1 	 1 	 -1 
43.7478		120 	 277.323314296 	 -86.6836862088 	 1 	 0 	 1 	 -1 
50.5147		150 	 111.5898624 	 60.0774314115 	 1 	 0 	 1 	 1 
43.7478		180 	 298.053088533 	 91.9869470101 	 0 	 1 	 1 	 0 
50.5147		210 	 5.46211121858 	 -91.9350217276 	 1 	 0 	 1 	 0 
43.7478		240 	 81.9633298892 	 -22.4949210494 	 0 	 1 	 1 	 -1 
43.7478		300 	 20.0205996294 	 173.632803873 	 0 	 1 	 1 	 0 
50.5148		330 	 34.1238739577 	 -45.8949001998 	 0 	 1 	 1 	 1 
66.8212		349.107 	 153.711677369 	 99.1550464825 	 1 	 0 	 1 	 0 
66.8212		10.8934 	 324.980729302 	 137.876728687 	 1 	 0 	 1 	 0 
75.7654		30 	 304.598568226 	 62.3004580315 	 0 	 1 	 1 	 -1 
66.8212		49.1066 	 123.641116771 	 -144.409488669 	 0 	 1 	 1 	 0 
66.8212		70.8934 	 221.337046199 	 103.853645352 	 0 	 1 	 1 	 1 
75.7654		90 	 237.563370524 	 -134.883896916 	 1 	 0 	 1 	 1 
66.8212		109.107 	 223.078115569 	 -92.3093642841 	 1 	 0 	 1 	 0 
66.8212		130.893 	 261.56143549 	 -47.2605858268 	 0 	 1 	 1 	 1 
75.7654		150 	 83.8693068259 	 51.3055033624 	 1 	 0 	 1 	 1 
66.8212		169.107 	 233.285725378 	 -140.806249486 	 0 	 1 	 1 	 0 
66.8212		190.893 	 41.8466686053 	 -70.3981777296 	 1 	 0 	 1 	 1 
66.8212		229.107 	 105.534618492 	 78.8945105344 	 1 	 0 	 1 	 -1 
66.8212		250.893 	 42.612732951 	 37.5176892253 	 1 	 0 	 1 	 0 
75.7654		270 	 192.205509747 	 -48.7897523066 	 1 	 0 	 1 	 0 
66.8212		289.107 	 321.43626149 	 174.339730474 	 0 	 1 	 1 	 1 
66.8212		310.893 	 99.9033969466 	 41.6256802732 	 0 	 1 	 1 	 1 
75.7654		330 	 289.047038209 	 -76.3093924714 	 1 	 0 	 1 	 -1 
91.0523		343.898 	 241.037999006 	 86.2990158967 	 0 	 1 	 1 	 -1 
87.4818		0 	 3.73868212555 	 76.583280526 	 1 	 0 	 1 	 -1 
91.0523		16.1021 	 9.53539143747 	 -51.3786629625 	 0 	 1 	 1 	 0 
101.008		30 	 213.868116342 	 4.54865170019 	 0 	 1 	 1 	 -1 
91.0523		43.8979 	 18.3376723835 	 21.3287182112 	 1 	 0 	 1 	 0 
87.4818		60 	 65.8901288077 	 -110.836148416 	 1 	 0 	 1 	 1 
91.0523		76.1021 	 54.9315704745 	 157.195141575 	 1 	 0 	 1 	 1 
91.0523		103.898 	 100.277608681 	 138.294256902 	 1 	 0 	 1 	 0 
87.4818		120 	 166.222343267 	 -83.8337163069 	 0 	 1 	 1 	 0 
91.0523		136.102 	 258.438343308 	 66.4494787311 	 1 	 0 	 1 	 0 
91.0523		163.898 	 91.0104134942 	 73.2797525203 	 0 	 1 	 1 	 0 
87.4818		180 	 271.333784631 	 -20.3489737803 	 1 	 0 	 1 	 0 
91.0523		196.102 	 275.127443638 	 -134.481601889 	 1 	 0 	 1 	 -1 
101.008		210 	 293.213452871 	 104.795703762 	 0 	 1 	 1 	 -1 
91.0523		223.898 	 107.615116853 	 163.645468229 	 1 	 0 	 1 	 1 
87.4818		240 	 102.403137404 	 25.3324899628 	 1 	 0 	 1 	 -1 
91.0523		256.102 	 217.25635081 	 -161.019184311 	 0 	 1 	 1 	 -1 
101.008		270 	 286.803675927 	 -70.4151345776 	 1 	 0 	 1 	 0 
91.0523		283.898 	 277.728039039 	 -79.5466404428 	 1 	 0 	 1 	 -1 
87.4817		300 	 170.467374732 	 30.8951117168 	 1 	 0 	 1 	 -1 
91.0523		316.102 	 136.997213959 	 -42.8955778071 	 0 	 1 	 1 	 1 
101.008		330 	 6.64361569842 	 63.9971853467 	 1 	 0 	 1 	 -1 
115.709		340.893 	 262.607195406 	 -9.64969305659 	 0 	 1 	 1 	 1 
110.065		353.413 	 221.413849068 	 -75.283888525 	 0 	 1 	 1 	 1 
110.065		6.58677 	 183.260718784 	 -51.0261664113 	 0 	 1 	 1 	 1 
115.709		19.1066 	 188.178977979 	 -117.710253024 	 1 	 0 	 1 	 1 
126.24		30 	 52.5644594768 	 -162.093334937 	 0 	 1 	 1 	 0 
115.709		40.8934 	 29.0647784925 	 20.6530122741 	 1 	 0 	 1 	 1 
110.065		53.4132 	 243.338905202 	 -88.7929278672 	 0 	 1 	 1 	 1 
110.065		66.5868 	 72.4511818752 	 12.3609348938 	 0 	 1 	 1 	 0 
115.709		79.1066 	 297.731017496 	 20.9688333283 	 0 	 1 	 1 	 -1 
126.24		90 	 196.337525133 	 103.65992605 	 0 	 1 	 1 	 1 
115.709		100.893 	 9.23601821586 	 -110.435191027 	 1 	 0 	 1 	 -1 
110.065		113.413 	 150.141481488 	 168.444508931 	 0 	 1 	 1 	 1 
110.065		126.587 	 120.148433892 	 94.0900563315 	 0 	 1 	 1 	 0 
115.709		139.107 	 59.7897073606 	 -110.857876852 	 1 	 0 	 1 	 0 
126.24		150 	 78.8007329427 	 -98.0817450131 	 1 	 0 	 1 	 1 
115.709		160.893 	 248.077351072 	 -59.5347358549 	 1 	 0 	 1 	 1 
110.066		173.413 	 79.6909936348 	 165.85459626 	 1 	 0 	 1 	 1 
110.066		186.587 	 196.797487697 	 -154.518571118 	 1 	 0 	 1 	 0 
115.709		199.107 	 61.0456353462 	 -23.3437989566 	 0 	 1 	 1 	 1 
126.24		210 	 180.913663721 	 37.4155317508 	 0 	 1 	 1 	 1 
115.709		220.893 	 221.959472688 	 167.621298917 	 0 	 1 	 1 	 1 
110.065		233.413 	 123.654023081 	 164.238162968 	 1 	 0 	 1 	 -1 
110.065		246.587 	 320.557993197 	 87.3414144731 	 1 	 0 	 1 	 0 
115.709		259.107 	 241.614700433 	 83.4091012347 	 0 	 1 	 1 	 -1 
126.24		270 	 6.79056597139 	 71.0168711413 	 0 	 1 	 1 	 0 
115.709		280.893 	 317.793759679 	 89.1769255174 	 0 	 1 	 1 	 -1 
110.065		293.413 	 23.7452069231 	 -168.814627299 	 1 	 0 	 1 	 -1 
110.065		306.587 	 44.3380982504 	 -123.014041511 	 0 	 1 	 1 	 0 
115.709		319.107 	 89.3800350981 	 81.547783015 	 0 	 1 	 1 	 -1 
126.24		330 	 118.73700282 	 25.2191924737 	 0 	 1 	 1 	 -1 
140.56		338.948 	 235.360570812 	 40.1762567051 	 1 	 0 	 1 	 1 
133.593		349.107 	 299.004574914 	 41.621474827 	 1 	 0 	 1 	 0 
131.188		0 	 95.8429618486 	 173.157387271 	 0 	 1 	 1 	 0 
133.593		10.8934 	 121.511078826 	 146.27829468 	 0 	 1 	 1 	 0 
140.56		21.0517 	 310.397376198 	 146.613534715 	 1 	 0 	 1 	 -1 
151.459		30 	 62.7259247822 	 -135.974786543 	 0 	 1 	 1 	 0 
140.56		38.9483 	 77.1035274476 	 -165.102265463 	 1 	 0 	 1 	 1 
133.593		49.1066 	 210.40714333 	 35.8352470797 	 1 	 0 	 1 	 1 
131.188		60 	 323.356695372 	 -78.9175143059 	 0 	 1 	 1 	 -1 
133.593		70.8934 	 142.121338763 	 -130.454310957 	 1 	 0 	 1 	 -1 
140.56		81.0517 	 243.690389541 	 117.343307335 	 1 	 0 	 1 	 -1 
151.459		90 	 171.39385659 	 -167.951799402 	 0 	 1 	 1 	 1 
140.56		98.9483 	 39.6860299148 	 123.882468338 	 1 	 0 	 1 	 0 
133.593		109.107 	 319.601023519 	 -105.901858275 	 0 	 1 	 1 	 -1 
131.188		120 	 63.9992770599 	 78.5965105927 	 1 	 0 	 1 	 1 
133.593		130.893 	 10.9771439906 	 -172.332020629 	 0 	 1 	 1 	 1 
140.56		141.052 	 101.579406041 	 174.997124254 	 0 	 1 	 1 	 1 
151.459		150 	 52.8043957148 	 -46.0244382976 	 1 	 0 	 1 	 -1 
140.56		158.948 	 110.723791309 	 94.8276145479 	 1 	 0 	 1 	 -1 
133.593		169.107 	 274.876313885 	 150.902845775 	 1 	 0 	 1 	 0 
131.188		180 	 138.303075346 	 -59.2700747617 	 1 	 0 	 1 	 0 
133.593		190.893 	 241.50875706 	 32.4667404034 	 0 	 1 	 1 	 1 
140.56		201.052 	 277.023899039 	 -169.374172783 	 0 	 1 	 1 	 -1 
151.459		210 	 212.600345111 	 94.3248623183 	 0 	 1 	 1 	 0 
140.56		218.948 	 119.62297998 	 169.27733213 	 0 	 1 	 1 	 0 
133.593		229.107 	 204.073440376 	 -84.4781040947 	 1 	 0 	 1 	 -1 
131.188		240 	 120.109453865 	 115.242965529 	 0 	 1 	 1 	 0 
133.592		250.893 	 312.23130846 	 -175.594370782 	 1 	 0 	 1 	 1 
140.56		261.052 	 225.669708247 	 43.5949478924 	 0 	 1 	 1 	 0 
151.459		270 	 246.13258444 	 -135.742385758 	 0 	 1 	 1 	 0 
140.56		278.948 	 31.5397409583 	 40.4535424513 	 1 	 0 	 1 	 1 
133.592		289.107 	 22.8016769204 	 5.31627947246 	 1 	 0 	 1 	 -1 
131.188		300 	 65.1521331037 	 -89.0376422799 	 0 	 1 	 1 	 0 
133.593		310.893 	 54.1302890813 	 -94.4546544088 	 1 	 0 	 1 	 1 
140.56		321.052 	 4.38651910794 	 -48.7882971315 	 0 	 1 	 1 	 1 
151.459		330 	 269.958729114 	 -115.30007237 	 1 	 0 	 1 	 0 
165.51		337.589 	 89.4000895784 	 157.752928647 	 0 	 1 	 1 	 0 
157.635		346.102 	 36.9630808201 	 -157.822780201 	 1 	 0 	 1 	 0 
153.545		355.285 	 172.748622908 	 -52.5999502951 	 0 	 1 	 1 	 -1 
153.545		4.715 	 282.635228683 	 84.0860974307 	 0 	 1 	 1 	 -1 
157.635		13.8979 	 70.862771408 	 -119.794054195 	 1 	 0 	 1 	 1 
165.51		22.4109 	 227.955538242 	 36.2451278729 	 0 	 1 	 1 	 1 
176.661		30 	 187.611904915 	 77.3464565975 	 1 	 0 	 1 	 -1 
165.51		37.5891 	 159.175507344 	 -38.5122543995 	 0 	 1 	 1 	 -1 
157.635		46.1021 	 118.223485789 	 102.871800423 	 1 	 0 	 1 	 -1 
153.545		55.285 	 113.851971442 	 145.928556122 	 1 	 0 	 1 	 0 
153.545		64.715 	 179.604990369 	 107.112294777 	 1 	 0 	 1 	 0 
157.635		73.8979 	 12.1666288558 	 2.23433250391 	 0 	 1 	 1 	 1 
165.51		82.4109 	 237.986880261 	 -164.209491931 	 1 	 0 	 1 	 0 
176.661		90 	 249.380965706 	 131.221799054 	 1 	 0 	 1 	 1 
165.51		97.5891 	 320.469911889 	 -53.0106821234 	 1 	 0 	 1 	 0 
157.635		106.102 	 140.894806001 	 126.817813045 	 1 	 0 	 1 	 1 
153.545		115.285 	 248.800639816 	 -73.3839591738 	 0 	 1 	 1 	 -1 
153.545		124.715 	 100.958579373 	 -157.27077756 	 1 	 0 	 1 	 -1 
157.635		133.898 	 88.5862196041 	 50.1960112362 	 0 	 1 	 1 	 -1 
165.51		142.411 	 55.2156987004 	 24.0866161205 	 0 	 1 	 1 	 0 
176.661		150 	 134.745350918 	 -145.434244264 	 0 	 1 	 1 	 1 
165.509		157.589 	 292.592332614 	 64.6794015058 	 1 	 0 	 1 	 0 
157.635		166.102 	 113.692199722 	 -10.7104646355 	 1 	 0 	 1 	 1 
153.546		175.285 	 52.6513114732 	 -27.2373552747 	 1 	 0 	 1 	 0 
153.546		184.715 	 225.665674962 	 -9.53799989886 	 0 	 1 	 1 	 -1 
157.635		193.898 	 151.095164635 	 -159.759503884 	 1 	 0 	 1 	 0 
165.509		202.411 	 282.945276093 	 11.3289896241 	 1 	 0 	 1 	 -1 
165.51		217.589 	 198.850035896 	 -44.3060474694 	 0 	 1 	 1 	 0 
157.635		226.102 	 4.71053814174 	 -160.146756201 	 1 	 0 	 1 	 1 
153.545		235.285 	 317.2019713 	 21.2774324057 	 0 	 1 	 1 	 -1 
153.545		244.715 	 24.8956488359 	 -38.5042503328 	 1 	 0 	 1 	 -1 
157.635		253.898 	 189.397233784 	 -82.820284369 	 1 	 0 	 1 	 -1 
165.51		262.411 	 310.431972189 	 43.9760299373 	 0 	 1 	 1 	 -1 
176.661		270 	 33.1520250224 	 -15.026609192 	 1 	 0 	 1 	 0 
165.51		277.589 	 196.120106161 	 -169.297472179 	 1 	 0 	 1 	 1 
157.635		286.102 	 269.993132514 	 -136.105659427 	 1 	 0 	 1 	 0 
153.545		295.285 	 159.547958823 	 -7.35619373 	 1 	 0 	 1 	 -1 
153.545		304.715 	 151.201578154 	 79.7640963252 	 1 	 0 	 1 	 1 
157.635		313.898 	 237.648270489 	 94.9627586949 	 1 	 0 	 1 	 -1 
165.51		322.411 	 72.3486732436 	 130.153265848 	 1 	 0 	 1 	 1 
176.661		330 	 320.268192535 	 -178.406749528 	 0 	 1 	 1 	 -1 
190.511		336.587 	 255.867022443 	 -41.6866140562 	 1 	 0 	 1 	 1 
181.979		343.898 	 180.855183905 	 87.6738541762 	 1 	 0 	 1 	 -1 
176.661		351.787 	 83.6302782135 	 105.201190071 	 1 	 0 	 1 	 0 
174.852		0 	 45.7803869205 	 78.2823339986 	 0 	 1 	 1 	 -1 
176.661		8.21321 	 167.618964593 	 26.2545299366 	 1 	 0 	 1 	 0 
181.979		16.1021 	 193.727822734 	 -5.56004322648 	 1 	 0 	 1 	 1 
190.511		23.4132 	 142.942124069 	 -60.4310757454 	 0 	 1 	 1 	 0 
201.845		30 	 164.059969851 	 -16.5496908574 	 1 	 0 	 1 	 0 
181.979		43.8979 	 281.819431164 	 95.3304883531 	 1 	 0 	 1 	 -1 
176.661		51.7868 	 77.0933902831 	 7.1418520058 	 0 	 1 	 1 	 1 
174.852		60 	 130.321286372 	 -36.0805764633 	 1 	 0 	 1 	 1 
176.661		68.2132 	 72.2107261142 	 -86.5213565032 	 0 	 1 	 1 	 1 
181.979		76.1021 	 138.833910886 	 51.5502473308 	 1 	 0 	 1 	 0 
190.511		83.4132 	 277.597686328 	 -21.9427789782 	 1 	 0 	 1 	 0 
201.845		90 	 32.2613973942 	 -48.7146627196 	 1 	 0 	 1 	 -1 
190.511		96.5868 	 4.7088907573 	 -97.1589146239 	 1 	 0 	 1 	 -1 
181.979		103.898 	 44.8245532223 	 13.4728968293 	 1 	 0 	 1 	 1 
176.661		111.787 	 92.5981219309 	 -156.921735725 	 0 	 1 	 1 	 -1 
174.852		120 	 75.2756185388 	 173.292918559 	 0 	 1 	 1 	 -1 
176.661		128.213 	 303.322412948 	 -172.675288007 	 1 	 0 	 1 	 -1 
181.979		136.102 	 49.0058597627 	 42.1768825482 	 0 	 1 	 1 	 1 
190.51		143.413 	 90.162408255 	 -85.6015743874 	 0 	 1 	 1 	 0 
201.845		150 	 129.514409093 	 148.869515001 	 0 	 1 	 1 	 0 
190.511		156.587 	 51.3563402686 	 16.0690814411 	 0 	 1 	 1 	 1 
181.979		163.898 	 197.216650828 	 -37.350963171 	 1 	 0 	 1 	 1 
176.661		171.787 	 145.809424508 	 -13.4783169721 	 0 	 1 	 1 	 0 
174.852		180 	 159.598445657 	 -32.9338635462 	 0 	 1 	 1 	 -1 
176.661		188.213 	 157.316405028 	 172.213238866 	 0 	 1 	 1 	 0 
181.979		196.102 	 310.02964388 	 -169.112363652 	 1 	 0 	 1 	 0 
190.511		203.413 	 275.471550413 	 -97.4811313317 	 1 	 0 	 1 	 0 
201.845		210 	 113.189746346 	 -83.2601734128 	 0 	 1 	 1 	 -1 
190.51		216.587 	 17.0861641492 	 -7.5278315665 	 0 	 1 	 1 	 0 
181.979		223.898 	 200.332575766 	 -68.877929301 	 0 	 1 	 1 	 -1 
176.661		231.787 	 77.0880713704 	 176.031195091 	 0 	 1 	 1 	 0 
174.853		240 	 146.669592712 	 131.055336205 	 1 	 0 	 1 	 -1 
176.662		248.213 	 2.17898514423 	 141.407204328 	 0 	 1 	 1 	 0 
181.979		256.102 	 141.138727558 	 -166.748620205 	 1 	 0 	 1 	 1 
190.511		263.413 	 250.160095768 	 102.758155475 	 0 	 1 	 1 	 1 
190.511		276.587 	 141.965165849 	 175.067666386 	 0 	 1 	 1 	 -1 
181.979		283.898 	 177.499214724 	 -39.3842899553 	 1 	 0 	 1 	 0 
176.662		291.787 	 282.380133862 	 -40.5214456874 	 0 	 1 	 1 	 -1 
174.853		300 	 1.01165805867 	 69.8339735287 	 0 	 1 	 1 	 -1 
176.661		308.213 	 206.709878175 	 154.756111223 	 0 	 1 	 1 	 0 
181.979		316.102 	 270.129784702 	 -159.286853061 	 0 	 1 	 1 	 0 
190.511		323.413 	 278.735686913 	 148.526424037 	 0 	 1 	 1 	 0 
201.845		330 	 265.733300393 	 152.935591117 	 1 	 0 	 1 	 1 
215.536		335.818 	 297.381834301 	 55.6785640931 	 0 	 1 	 1 	 1 
206.511		342.216 	 118.629702683 	 -149.255944207 	 0 	 1 	 1 	 1 
200.265		349.107 	 125.426108167 	 -1.42075542761 	 0 	 1 	 1 	 1 
197.068		356.329 	 283.51959155 	 162.548103909 	 1 	 0 	 1 	 -1 
197.068		3.6705 	 211.001114313 	 60.9357919173 	 0 	 1 	 1 	 -1 
200.265		10.8934 	 282.838923444 	 -79.7883886867 	 1 	 0 	 1 	 1 
206.511		17.7836 	 7.8203937414 	 -7.49162149056 	 1 	 0 	 1 	 -1 
215.536		24.1825 	 49.3120090875 	 116.406228192 	 1 	 0 	 1 	 0 
227.007		30 	 111.853946226 	 -71.1364247838 	 0 	 1 	 1 	 1 
215.536		35.8175 	 284.002157284 	 58.0445175616 	 1 	 0 	 1 	 -1 
206.511		42.2164 	 161.560920385 	 151.874570225 	 0 	 1 	 1 	 1 
200.265		49.1066 	 263.465888874 	 72.3953686709 	 1 	 0 	 1 	 1 
197.068		56.3295 	 176.671681835 	 0.30761396258 	 0 	 1 	 1 	 0 
197.068		63.6705 	 79.1681664341 	 -26.0804833265 	 1 	 0 	 1 	 0 
200.265		70.8934 	 80.4312067483 	 -38.9951722278 	 0 	 1 	 1 	 0 
206.511		77.7836 	 10.673088912 	 -116.651964973 	 1 	 0 	 1 	 1 
215.536		84.1825 	 205.130609057 	 64.3062642957 	 0 	 1 	 1 	 1 
227.007		90 	 223.99518049 	 122.870324726 	 0 	 1 	 1 	 -1 
215.536		95.8175 	 46.6340658638 	 -9.76303665856 	 0 	 1 	 1 	 0 
206.511		102.216 	 14.3382107033 	 66.5966823196 	 0 	 1 	 1 	 -1 
200.265		109.107 	 218.411714608 	 5.49710896143 	 0 	 1 	 1 	 1 
197.068		116.33 	 42.1789420262 	 -73.7237153637 	 0 	 1 	 1 	 0 
197.068		123.671 	 118.617135021 	 3.53492154248 	 0 	 1 	 1 	 0 
200.265		130.893 	 261.713505402 	 -52.1392399488 	 1 	 0 	 1 	 1 
206.51		137.784 	 178.861886546 	 -139.024262477 	 0 	 1 	 1 	 1 
215.536		144.182 	 50.9416666318 	 -18.171031152 	 0 	 1 	 1 	 0 
227.007		150 	 230.517677371 	 -47.5546282551 	 0 	 1 	 1 	 1 
215.536		155.818 	 128.352287046 	 116.681798787 	 0 	 1 	 1 	 -1 
206.511		162.216 	 36.690602806 	 81.4325341788 	 0 	 1 	 1 	 0 
200.266		169.107 	 253.219971974 	 -12.5132991638 	 1 	 0 	 1 	 0 
197.068		176.33 	 20.8941666108 	 -78.6207317029 	 1 	 0 	 1 	 1 
197.068		183.671 	 273.556031187 	 120.417423973 	 1 	 0 	 1 	 0 
200.266		190.893 	 76.9021461419 	 -175.347769076 	 1 	 0 	 1 	 -1 
206.511		197.784 	 77.3377419782 	 -67.7424117856 	 1 	 0 	 1 	 -1 
215.536		204.182 	 194.542942757 	 156.341560143 	 1 	 0 	 1 	 1 
227.007		210 	 128.979922097 	 92.1646220053 	 0 	 1 	 1 	 -1 
215.536		215.818 	 59.3231652882 	 26.8684701408 	 1 	 0 	 1 	 0 
206.51		222.216 	 1.07702221975 	 73.3586375183 	 1 	 0 	 1 	 0 
200.265		229.107 	 261.738414635 	 124.174027421 	 0 	 1 	 1 	 0 
197.068		236.329 	 68.3972498399 	 90.9347583972 	 0 	 1 	 1 	 -1 
197.068		243.671 	 219.163917408 	 -97.2250538368 	 0 	 1 	 1 	 -1 
200.265		250.893 	 265.577007513 	 65.7030263314 	 0 	 1 	 1 	 1 
206.51		257.784 	 154.153959889 	 -159.445653316 	 1 	 0 	 1 	 -1 
215.536		264.182 	 254.00422544 	 80.4127845671 	 1 	 0 	 1 	 0 
227.007		270 	 216.094997957 	 -142.268666159 	 0 	 1 	 1 	 0 
215.536		275.818 	 52.0333880803 	 104.873568054 	 0 	 1 	 1 	 0 
206.51		282.216 	 14.2221611595 	 -160.484067597 	 0 	 1 	 1 	 1 
200.265		289.107 	 288.540811389 	 -119.06323379 	 0 	 1 	 1 	 0 
197.068		296.329 	 284.475594822 	 -120.894753633 	 0 	 1 	 1 	 -1 
197.068		303.67 	 93.0925194375 	 154.127268849 	 0 	 1 	 1 	 1 
200.265		310.893 	 294.937825575 	 83.5135207537 	 1 	 0 	 1 	 -1 
206.511		317.784 	 233.326527755 	 145.936845449 	 0 	 1 	 1 	 0 
227.008		330 	 314.353529733 	 -44.5459757086 	 1 	 0 	 1 	 1 
240.57		335.209 	 27.0295468641 	 -82.1676576852 	 1 	 0 	 1 	 -1 
231.161		340.893 	 58.0054691593 	 -26.533696668 	 0 	 1 	 1 	 1 
224.195		346.996 	 100.281044023 	 -107.472382679 	 1 	 0 	 1 	 1 
219.909		353.413 	 76.7582920477 	 -57.9469445052 	 1 	 0 	 1 	 -1 
218.461		0 	 231.646218338 	 108.655728004 	 0 	 1 	 1 	 -1 
219.909		6.58678 	 167.264286763 	 -57.4354956328 	 0 	 1 	 1 	 -1 
224.195		13.0039 	 314.455170766 	 -38.3923390697 	 0 	 1 	 1 	 -1 
231.161		19.1066 	 263.306321133 	 117.95361585 	 0 	 1 	 1 	 -1 
240.57		24.7913 	 254.979808012 	 -47.5433664226 	 1 	 0 	 1 	 0 
252.146		30 	 71.8516920728 	 72.2456187057 	 0 	 1 	 1 	 -1 
240.57		35.2087 	 32.362441921 	 -45.2784084557 	 0 	 1 	 1 	 0 
231.161		40.8934 	 324.927379736 	 -54.755775167 	 0 	 1 	 1 	 0 
224.195		46.9961 	 130.697104628 	 58.577607805 	 1 	 0 	 1 	 1 
219.909		53.4132 	 285.335294768 	 82.435551805 	 1 	 0 	 1 	 1 
218.461		60 	 36.4358839883 	 -31.6954566659 	 0 	 1 	 1 	 0 
219.909		66.5868 	 96.2131760561 	 100.783469808 	 0 	 1 	 1 	 1 
224.195		73.0039 	 259.106343646 	 19.9126211716 	 0 	 1 	 1 	 0 
231.161		79.1066 	 10.0949805194 	 -41.4751176054 	 0 	 1 	 1 	 -1 
240.57		84.7913 	 22.008983588 	 -71.2273877872 	 1 	 0 	 1 	 1 
240.57		95.2087 	 170.591078089 	 -103.595812888 	 1 	 0 	 1 	 1 
231.161		100.893 	 39.9716241589 	 155.829493751 	 1 	 0 	 1 	 0 
224.195		106.996 	 312.666089734 	 -158.085039163 	 0 	 1 	 1 	 -1 
219.909		113.413 	 272.876131495 	 -72.0730294591 	 0 	 1 	 1 	 0 
218.461		120 	 114.772463747 	 42.4153272969 	 1 	 0 	 1 	 -1 
219.909		126.587 	 224.23624061 	 -79.2565931115 	 0 	 1 	 1 	 1 
224.195		133.004 	 119.34778667 	 -20.2760326302 	 1 	 0 	 1 	 -1 
231.161		139.107 	 229.238435461 	 -53.7821289334 	 0 	 1 	 1 	 1 
252.146		150 	 197.564649491 	 25.8361946618 	 1 	 0 	 1 	 0 
240.57		155.209 	 228.322771776 	 -21.9629995578 	 1 	 0 	 1 	 0 
231.16		160.893 	 2.24361243499 	 -74.7829001343 	 0 	 1 	 1 	 1 
224.196		166.996 	 4.06441248569 	 -175.398590595 	 0 	 1 	 1 	 -1 
219.909		173.413 	 192.287197799 	 168.304305281 	 0 	 1 	 1 	 0 
218.461		180 	 65.6430959869 	 -12.6340547338 	 1 	 0 	 1 	 0 
219.909		186.587 	 226.983156848 	 -91.3896604971 	 0 	 1 	 1 	 0 
224.196		193.004 	 0.344012295948 	 131.432052594 	 0 	 1 	 1 	 0 
231.16		199.107 	 274.416005604 	 -41.3843067453 	 1 	 0 	 1 	 1 
240.57		204.791 	 322.060923196 	 136.529541391 	 0 	 1 	 1 	 -1 
252.146		210 	 59.531522998 	 96.4438107257 	 0 	 1 	 1 	 1 
240.57		215.209 	 69.3324761333 	 -144.737544977 	 1 	 0 	 1 	 0 
231.161		220.893 	 143.734890437 	 139.104544569 	 0 	 1 	 1 	 -1 
224.196		226.996 	 222.634521519 	 97.5028906306 	 1 	 0 	 1 	 0 
219.909		233.413 	 251.485774524 	 -0.705188214212 	 1 	 0 	 1 	 1 
218.461		240 	 140.338698219 	 -39.2646274541 	 0 	 1 	 1 	 -1 
219.909		246.587 	 120.821820376 	 -151.354831728 	 0 	 1 	 1 	 0 
224.195		253.004 	 45.9664156451 	 -29.6356659696 	 0 	 1 	 1 	 -1 
231.16		259.107 	 194.770256571 	 -153.299873051 	 1 	 0 	 1 	 -1 
240.57		264.791 	 222.641785327 	 -1.48598201367 	 1 	 0 	 1 	 0 
252.146		270 	 139.033545857 	 113.336934048 	 0 	 1 	 1 	 0 
240.57		275.209 	 74.3134205334 	 18.5371431747 	 0 	 1 	 1 	 0 
231.16		280.893 	 277.523063902 	 50.783175076 	 1 	 0 	 1 	 0 
224.195		286.996 	 244.52613362 	 -140.433997556 	 0 	 1 	 1 	 1 
219.909		293.413 	 71.7483896919 	 -70.1979566752 	 0 	 1 	 1 	 -1 
218.461		300 	 115.038944894 	 -138.872037306 	 0 	 1 	 1 	 0 
219.909		306.587 	 240.099587533 	 -5.64363516773 	 0 	 1 	 1 	 1 
224.196		313.004 	 298.314893391 	 -58.2285263773 	 0 	 1 	 1 	 0 
231.161		319.107 	 86.3373154223 	 -144.68607992 	 0 	 1 	 1 	 1 
240.57		324.791 	 304.414212183 	 -128.655389785 	 0 	 1 	 1 	 0 
252.146		330 	 173.178189688 	 -74.3824649673 	 1 	 0 	 1 	 -1 
265.601		334.715 	 232.417479078 	 -159.343240792 	 0 	 1 	 1 	 0 
255.886		339.826 	 170.483486148 	 -110.827524801 	 1 	 0 	 1 	 1 
248.348		345.295 	 304.934425713 	 -32.3899717127 	 1 	 0 	 1 	 1 
243.191		351.052 	 0.110721010178 	 6.40610055935 	 1 	 0 	 1 	 1 
240.57		356.996 	 180.074788641 	 -165.769403605 	 1 	 0 	 1 	 -1 
240.57		3.00449 	 285.940568984 	 153.214525656 	 1 	 0 	 1 	 -1 
243.191		8.94827 	 54.3079303924 	 -116.532251652 	 0 	 1 	 1 	 0 
248.348		14.7047 	 113.13112541 	 -76.3952921372 	 1 	 0 	 1 	 -1 
255.886		20.1736 	 322.898895973 	 145.403342122 	 1 	 0 	 1 	 0 
265.601		25.285 	 169.054266413 	 -145.970926394 	 1 	 0 	 1 	 -1 
277.258		30 	 274.439269409 	 139.725375353 	 1 	 0 	 1 	 1 
265.601		34.715 	 97.9598250851 	 -63.1478343078 	 0 	 1 	 1 	 1 
255.887		39.8264 	 68.0260225495 	 68.7119255899 	 0 	 1 	 1 	 0 
248.348		45.2953 	 190.690144135 	 10.0244785068 	 1 	 0 	 1 	 -1 
243.191		51.0517 	 323.40344278 	 29.5793705964 	 0 	 1 	 1 	 -1 
240.57		56.9955 	 235.474399519 	 55.8153591377 	 1 	 0 	 1 	 1 
240.57		63.0045 	 170.286526314 	 -68.453258214 	 0 	 1 	 1 	 -1 
243.191		68.9483 	 66.311604664 	 -85.9985203185 	 0 	 1 	 1 	 1 
248.348		74.7047 	 214.673760054 	 19.3891648868 	 0 	 1 	 1 	 1 
255.887		80.1736 	 43.751039666 	 -119.168843789 	 1 	 0 	 1 	 0 
265.601		85.285 	 1.23365648253 	 -58.1267544517 	 1 	 0 	 1 	 -1 
277.257		90 	 204.029314938 	 77.7378815878 	 1 	 0 	 1 	 0 
265.601		94.715 	 64.7004983584 	 -155.00671217 	 1 	 0 	 1 	 1 
255.887		99.8264 	 234.377597415 	 -157.383209947 	 1 	 0 	 1 	 -1 
248.348		105.295 	 227.754436009 	 -86.6038662721 	 0 	 1 	 1 	 0 
243.191		111.052 	 261.777469354 	 33.5549676598 	 0 	 1 	 1 	 1 
240.57		116.996 	 62.040937149 	 -24.0629470221 	 0 	 1 	 1 	 1 
240.57		123.005 	 178.863058075 	 -7.46334460516 	 1 	 0 	 1 	 -1 
243.191		128.948 	 322.85686197 	 5.45402481242 	 0 	 1 	 1 	 -1 
248.348		134.705 	 22.1975540151 	 -149.138680511 	 1 	 0 	 1 	 1 
255.887		140.174 	 29.4191674056 	 -31.9803938083 	 0 	 1 	 1 	 1 
265.6		145.285 	 302.705150216 	 -74.9578559073 	 1 	 0 	 1 	 0 
277.257		150 	 94.2688916722 	 -147.901129877 	 1 	 0 	 1 	 0 
265.601		154.715 	 323.415678203 	 -12.8436672197 	 1 	 0 	 1 	 1 
255.886		159.826 	 233.492837373 	 83.8530065695 	 0 	 1 	 1 	 0 
248.348		165.295 	 235.042047239 	 -75.9674669765 	 0 	 1 	 1 	 0 
243.191		171.052 	 148.536795592 	 115.200437894 	 1 	 0 	 1 	 0 
240.57		176.996 	 37.5203208151 	 139.656862924 	 0 	 1 	 1 	 1 
240.57		183.005 	 202.602885774 	 -1.59610174458 	 0 	 1 	 1 	 1 
243.191		188.948 	 157.102658745 	 -167.253991328 	 1 	 0 	 1 	 0 
248.348		194.705 	 126.431610437 	 67.872326418 	 0 	 1 	 1 	 -1 
255.886		200.174 	 265.642808046 	 -33.1252270842 	 0 	 1 	 1 	 1 
265.601		205.285 	 123.098149437 	 -141.810667421 	 0 	 1 	 1 	 -1 
277.258		210 	 118.65816532 	 -114.083999163 	 1 	 0 	 1 	 1 
265.6		214.715 	 127.019311448 	 98.293698224 	 1 	 0 	 1 	 0 
255.887		219.826 	 273.870814672 	 -88.2469990015 	 1 	 0 	 1 	 1 
248.348		225.295 	 15.9435060976 	 6.93459380754 	 1 	 0 	 1 	 -1 
243.191		231.052 	 107.176077864 	 28.5575548421 	 1 	 0 	 1 	 0 
240.57		236.995 	 123.33158854 	 45.0639540411 	 0 	 1 	 1 	 0 
240.57		243.004 	 24.0563005738 	 179.138770118 	 0 	 1 	 1 	 1 
243.19		248.948 	 252.110389343 	 -50.128068582 	 1 	 0 	 1 	 1 
248.348		254.705 	 249.273331935 	 144.6295331 	 1 	 0 	 1 	 0 
255.886		260.174 	 16.4590784336 	 -7.61892190715 	 0 	 1 	 1 	 1 
265.601		265.285 	 158.170915549 	 -0.133057095309 	 1 	 0 	 1 	 -1 
277.258		270 	 193.398238073 	 23.1539071735 	 1 	 0 	 1 	 -1 
265.601		274.715 	 245.019445569 	 -90.0864469452 	 0 	 1 	 1 	 1 
255.886		279.826 	 203.416447706 	 19.2715838697 	 1 	 0 	 1 	 -1 
248.348		285.295 	 67.6723824206 	 -95.1036286066 	 0 	 1 	 1 	 0 
243.19		291.052 	 154.082687697 	 -146.605453714 	 1 	 0 	 1 	 1 
240.57		296.996 	 294.020801233 	 -103.502133739 	 1 	 0 	 1 	 0 
240.57		303.004 	 316.944198707 	 14.3017753422 	 1 	 0 	 1 	 0 
243.191		308.948 	 155.538636625 	 51.1089202245 	 0 	 1 	 1 	 1 
248.348		314.705 	 50.6676389916 	 34.2306338187 	 0 	 1 	 1 	 -1 
255.886		320.174 	 272.63734906 	 86.6123335323 	 0 	 1 	 1 	 0 
265.6		325.285 	 177.506000654 	 -171.640459691 	 1 	 0 	 1 	 -1 
277.258		330 	 301.497932169 	 106.357445221 	 1 	 0 	 1 	 1 
290.619		334.307 	 33.2886084157 	 10.8444111854 	 1 	 0 	 1 	 0 
280.659		338.948 	 301.476391148 	 -99.1701610515 	 1 	 0 	 1 	 1 
272.656		343.898 	 153.297090534 	 -22.1189413795 	 1 	 0 	 1 	 1 
266.79		349.107 	 83.4822408112 	 -6.92828475492 	 0 	 1 	 1 	 0 
263.206		354.504 	 218.42180135 	 -170.978267144 	 0 	 1 	 1 	 1 
262.001		0 	 153.79555609 	 109.29934904 	 0 	 1 	 1 	 1 
263.206		5.49637 	 33.1486905589 	 -104.861464931 	 1 	 0 	 1 	 0 
266.79		10.8934 	 36.795068142 	 -39.3504695839 	 0 	 1 	 1 	 1 
272.656		16.1021 	 216.823682489 	 -105.964605512 	 0 	 1 	 1 	 -1 
280.659		21.0517 	 193.279955461 	 -54.3363476825 	 0 	 1 	 1 	 1 
290.619		25.6934 	 88.5838681982 	 -73.3400698365 	 1 	 0 	 1 	 1 
302.34		30 	 295.191428417 	 101.858775112 	 0 	 1 	 1 	 0 
290.619		34.3066 	 87.8232318866 	 7.60668153807 	 0 	 1 	 1 	 -1 
280.659		38.9483 	 297.332622927 	 -66.8389598363 	 1 	 0 	 1 	 0 
272.656		43.8979 	 159.805575095 	 -62.9214572726 	 0 	 1 	 1 	 -1 
266.789		49.1066 	 260.69551937 	 -120.876564038 	 0 	 1 	 1 	 -1 
263.206		54.5036 	 2.24157961878 	 -145.988702215 	 0 	 1 	 1 	 0 
262.001		60 	 163.99546324 	 66.7445143349 	 1 	 0 	 1 	 -1 
263.206		65.4964 	 126.103778236 	 64.6664860956 	 1 	 0 	 1 	 -1 
266.79		70.8934 	 265.540845749 	 13.8937893948 	 1 	 0 	 1 	 -1 
272.656		76.1021 	 135.209762507 	 -179.406358142 	 1 	 0 	 1 	 1 
280.659		81.0517 	 207.030255532 	 167.309066506 	 1 	 0 	 1 	 0 
290.619		85.6934 	 13.1218166532 	 -136.566037145 	 1 	 0 	 1 	 0 
302.34		90 	 102.598123195 	 173.998323395 	 1 	 0 	 1 	 1 
290.619		94.3066 	 198.953673292 	 -91.5052153547 	 1 	 0 	 1 	 -1 
280.659		98.9483 	 226.66810479 	 -179.212478121 	 0 	 1 	 1 	 0 
272.655		103.898 	 116.313611065 	 -49.4589883765 	 1 	 0 	 1 	 0 
266.79		109.107 	 312.293561656 	 -172.39573809 	 0 	 1 	 1 	 1 
263.206		114.504 	 108.383615547 	 45.5797845192 	 0 	 1 	 1 	 -1 
262		120 	 278.649039017 	 -132.721871371 	 0 	 1 	 1 	 -1 
263.206		125.496 	 269.398786497 	 -177.252054615 	 0 	 1 	 1 	 0 
266.79		130.893 	 212.509281881 	 140.341863676 	 0 	 1 	 1 	 1 
272.655		136.102 	 127.910905935 	 -151.592806749 	 1 	 0 	 1 	 1 
280.659		141.052 	 275.777690231 	 -174.067033588 	 1 	 0 	 1 	 -1 
290.619		145.693 	 203.291376851 	 105.491985849 	 1 	 0 	 1 	 1 
302.34		150 	 232.714745916 	 -96.2933922132 	 1 	 0 	 1 	 1 
290.619		154.307 	 205.908371571 	 50.3405418345 	 1 	 0 	 1 	 0 
280.659		158.948 	 254.501250655 	 159.366044216 	 1 	 0 	 1 	 1 
272.656		163.898 	 290.31978539 	 -101.70811465 	 1 	 0 	 1 	 -1 
266.789		169.107 	 322.915108732 	 148.505542419 	 0 	 1 	 1 	 1 
263.206		174.504 	 55.7836388903 	 -43.3254284624 	 1 	 0 	 1 	 1 
262.001		180 	 149.082931422 	 -33.9068962135 	 0 	 1 	 1 	 0 
263.206		185.496 	 293.270333115 	 127.983107913 	 0 	 1 	 1 	 -1 
266.789		190.893 	 66.1295511165 	 145.365970234 	 1 	 0 	 1 	 1 
272.656		196.102 	 90.2044358582 	 75.5000285858 	 1 	 0 	 1 	 1 
280.659		201.052 	 275.815647927 	 -92.6165626069 	 0 	 1 	 1 	 1 
290.619		205.693 	 284.218024658 	 49.5440124915 	 1 	 0 	 1 	 -1 
302.34		210 	 96.8033534739 	 20.5245680106 	 1 	 0 	 1 	 1 
290.619		214.307 	 132.059521702 	 -54.7191325092 	 0 	 1 	 1 	 0 
280.658		218.948 	 127.515788702 	 -85.6581632297 	 1 	 0 	 1 	 0 
272.656		223.898 	 8.83209929964 	 -43.479416454 	 0 	 1 	 1 	 -1 
266.79		229.107 	 297.84480696 	 74.2911318058 	 0 	 1 	 1 	 1 
263.206		234.504 	 113.748432942 	 -12.0804035837 	 1 	 0 	 1 	 -1 
262		240 	 232.986848758 	 -126.177241945 	 1 	 0 	 1 	 1 
263.206		245.496 	 58.9364805283 	 -95.8544908761 	 1 	 0 	 1 	 -1 
266.789		250.893 	 228.667767702 	 -67.5926262012 	 1 	 0 	 1 	 1 
272.656		256.102 	 136.276256523 	 156.85584324 	 0 	 1 	 1 	 0 
280.659		261.052 	 194.272649025 	 68.2167131358 	 1 	 0 	 1 	 1 
290.62		265.693 	 147.039067093 	 -134.804617968 	 0 	 1 	 1 	 1 
302.34		270 	 123.896761474 	 31.643173746 	 0 	 1 	 1 	 0 
290.62		274.307 	 303.367187389 	 -120.526098687 	 0 	 1 	 1 	 0 
280.659		278.948 	 78.774258256 	 93.1033345568 	 0 	 1 	 1 	 0 
272.656		283.898 	 56.8046534126 	 -59.4087287853 	 1 	 0 	 1 	 0 
266.789		289.107 	 238.461525977 	 174.870214726 	 0 	 1 	 1 	 -1 
263.206		294.504 	 13.6308569484 	 -178.934350831 	 1 	 0 	 1 	 1 
262		300 	 196.224105926 	 100.072756863 	 1 	 0 	 1 	 -1 
263.206		305.496 	 138.822143598 	 -94.3356551736 	 1 	 0 	 1 	 -1 
266.79		310.893 	 8.18968642408 	 78.7261130241 	 1 	 0 	 1 	 -1 
272.656		316.102 	 314.76522645 	 -89.7131490749 	 1 	 0 	 1 	 1 
280.659		321.052 	 266.817159079 	 86.7733094544 	 1 	 0 	 1 	 1 
290.619		325.693 	 318.485400014 	 -156.061192373 	 1 	 0 	 1 	 0 
302.34		330 	 264.120614093 	 38.6497559693 	 0 	 1 	 1 	 0 
315.62		333.963 	 149.475990581 	 -137.032062547 	 0 	 1 	 1 	 0 
305.457		338.213 	 66.7470345476 	 61.9966491205 	 1 	 0 	 1 	 1 
297.071		342.731 	 24.8243517896 	 -176.109556332 	 0 	 1 	 1 	 0 
290.619		347.48 	 131.15650383 	 28.506080852 	 0 	 1 	 1 	 1 
286.236		352.411 	 174.07656271 	 -156.182996702 	 0 	 1 	 1 	 1 
284.018		357.457 	 179.474823893 	 -88.6602856633 	 0 	 1 	 1 	 1 
284.018		2.54292 	 319.171345754 	 152.884596719 	 0 	 1 	 1 	 0 
286.236		7.58909 	 215.044581913 	 -107.605397791 	 0 	 1 	 1 	 0 
290.619		12.5198 	 84.9023460877 	 -172.717114794 	 1 	 0 	 1 	 1 
297.071		17.2695 	 223.753007105 	 -4.71266016017 	 1 	 0 	 1 	 1 
305.457		21.7868 	 180.338592447 	 69.2181480212 	 1 	 0 	 1 	 0 
315.62		26.0368 	 105.697133732 	 30.602653963 	 0 	 1 	 1 	 1 
327.39		30 	 45.3355100653 	 148.006389003 	 1 	 0 	 1 	 -1 
305.457		38.2132 	 264.057475347 	 -89.9639167307 	 0 	 1 	 1 	 0 
297.071		42.7305 	 21.172165029 	 -174.663346639 	 0 	 1 	 1 	 1 
290.619		47.4802 	 142.136823404 	 -96.6735711162 	 0 	 1 	 1 	 -1 
286.236		52.4109 	 146.854705065 	 154.756454211 	 0 	 1 	 1 	 1 
284.018		57.4571 	 161.717465399 	 139.791220704 	 1 	 0 	 1 	 1 
284.018		62.5429 	 260.97354135 	 29.6971704728 	 0 	 1 	 1 	 1 
286.236		67.5891 	 280.639876246 	 105.240214716 	 1 	 0 	 1 	 -1 
290.619		72.5198 	 311.120566057 	 -3.41625905892 	 0 	 1 	 1 	 -1 
297.071		77.2695 	 0.652478882834 	 87.0533965106 	 1 	 0 	 1 	 1 
305.457		81.7868 	 292.388151887 	 141.874009347 	 1 	 0 	 1 	 1 
315.62		86.0368 	 142.194798229 	 149.458382627 	 0 	 1 	 1 	 1 
327.39		90 	 155.95971979 	 -114.24168498 	 1 	 0 	 1 	 -1 
315.62		93.9632 	 82.2342611964 	 71.0943586753 	 1 	 0 	 1 	 1 
305.457		98.2132 	 254.991960809 	 154.028014853 	 0 	 1 	 1 	 0 
297.071		102.731 	 219.716574049 	 -145.828499809 	 1 	 0 	 1 	 -1 
290.619		107.48 	 229.088903315 	 31.4158698771 	 0 	 1 	 1 	 0 
286.236		112.411 	 190.422358207 	 -167.928764028 	 0 	 1 	 1 	 1 
284.018		117.457 	 102.177484579 	 32.3204251985 	 1 	 0 	 1 	 1 
284.018		122.543 	 255.007614601 	 71.69038017 	 0 	 1 	 1 	 -1 
286.236		127.589 	 155.776176136 	 -18.7985516754 	 1 	 0 	 1 	 -1 
290.62		132.52 	 42.6061632011 	 -76.3173997753 	 1 	 0 	 1 	 0 
297.071		137.269 	 251.473143678 	 108.189198426 	 0 	 1 	 1 	 -1 
305.457		141.787 	 46.0085215417 	 59.6137606447 	 0 	 1 	 1 	 -1 
315.62		146.037 	 231.930183941 	 46.8661927056 	 1 	 0 	 1 	 1 
327.39		150 	 104.685614859 	 176.201492804 	 1 	 0 	 1 	 -1 
315.619		153.963 	 311.356017949 	 74.3638892983 	 1 	 0 	 1 	 -1 
305.457		158.213 	 111.651460205 	 -96.2145013063 	 1 	 0 	 1 	 1 
297.071		162.731 	 293.297947605 	 126.523284849 	 0 	 1 	 1 	 1 
290.62		167.48 	 245.969868186 	 -125.803895306 	 0 	 1 	 1 	 0 
286.236		172.411 	 279.365235191 	 49.8633575861 	 1 	 0 	 1 	 0 
284.019		177.457 	 65.3151407743 	 92.9665032442 	 0 	 1 	 1 	 0 
284.019		182.543 	 156.83656241 	 42.1758249881 	 1 	 0 	 1 	 0 
286.236		187.589 	 37.406769891 	 -31.5135570577 	 1 	 0 	 1 	 1 
290.62		192.52 	 113.68034139 	 163.434207303 	 1 	 0 	 1 	 0 
297.071		197.269 	 282.416528447 	 155.691232798 	 0 	 1 	 1 	 1 
305.457		201.787 	 261.420450243 	 -75.719401103 	 0 	 1 	 1 	 1 
315.62		206.037 	 296.216902878 	 51.2421306968 	 1 	 0 	 1 	 -1 
327.39		210 	 72.7580530316 	 148.812486783 	 0 	 1 	 1 	 -1 
315.62		213.963 	 141.018862473 	 125.99273241 	 0 	 1 	 1 	 1 
305.457		218.213 	 248.559559344 	 -105.963968419 	 1 	 0 	 1 	 0 
297.071		222.731 	 96.2667463472 	 139.652610483 	 1 	 0 	 1 	 -1 
290.619		227.48 	 194.374764453 	 -59.578045053 	 0 	 1 	 1 	 -1 
286.236		232.411 	 227.254783122 	 150.488335459 	 0 	 1 	 1 	 1 
284.018		237.457 	 120.420719075 	 155.87071518 	 1 	 0 	 1 	 1 
284.019		242.543 	 74.7099880201 	 15.2320323161 	 1 	 0 	 1 	 0 
286.236		247.589 	 253.177517975 	 -114.622021276 	 1 	 0 	 1 	 1 
290.62		252.52 	 61.9336945488 	 161.147725464 	 1 	 0 	 1 	 -1 
297.071		257.269 	 191.533577878 	 94.349652027 	 1 	 0 	 1 	 -1 
305.457		261.787 	 33.9592006018 	 -105.293269066 	 1 	 0 	 1 	 -1 
315.62		266.037 	 106.753663134 	 -4.3404171744 	 1 	 0 	 1 	 1 
327.39		270 	 36.976536996 	 179.698150812 	 0 	 1 	 1 	 1 
315.62		273.963 	 221.321403232 	 84.5413720367 	 0 	 1 	 1 	 1 
305.457		278.213 	 18.8117627407 	 -27.8034808198 	 0 	 1 	 1 	 0 
297.071		282.731 	 170.378876272 	 -13.0955017016 	 1 	 0 	 1 	 -1 
290.62		287.48 	 284.502007199 	 157.103725222 	 1 	 0 	 1 	 1 
286.236		292.411 	 180.770395578 	 -74.2205313213 	 1 	 0 	 1 	 1 
284.019		297.457 	 93.6596980243 	 -145.735625521 	 0 	 1 	 1 	 1 
284.018		302.543 	 167.378872236 	 166.40784427 	 1 	 0 	 1 	 -1 
286.236		307.589 	 76.6635134017 	 163.735740445 	 1 	 0 	 1 	 0 
290.619		312.52 	 167.046003848 	 63.6991244243 	 1 	 0 	 1 	 0 
297.071		317.269 	 121.464571333 	 98.4184036784 	 0 	 1 	 1 	 0 
305.457		321.787 	 70.4939281928 	 13.6225033411 	 0 	 1 	 1 	 1 
327.39		330 	 104.552041 	 -150.43872948 	 0 	 1 	 1 	 -1 
340.597		333.67 	 137.003642908 	 34.1626155363 	 1 	 0 	 1 	 1 
330.266		337.589 	 266.498728735 	 -129.593600071 	 1 	 0 	 1 	 -1 
321.56		341.742 	 68.559392714 	 49.6996749054 	 1 	 0 	 1 	 1 
314.619		346.102 	 211.127570798 	 -49.886552268 	 1 	 0 	 1 	 0 
309.563		350.633 	 232.014377624 	 -172.168387245 	 1 	 0 	 1 	 1 
306.489		355.285 	 251.869935652 	 -168.278620621 	 0 	 1 	 1 	 0 
305.457		0 	 92.0540455958 	 52.5568947797 	 0 	 1 	 1 	 1 
306.489		4.715 	 271.028852437 	 3.92784030239 	 1 	 0 	 1 	 1 
309.563		9.367 	 24.8030555379 	 -157.308794255 	 0 	 1 	 1 	 -1 
314.619		13.8979 	 16.9453651969 	 -115.44066126 	 1 	 0 	 1 	 0 
321.56		18.2585 	 73.4945474271 	 37.8598995451 	 0 	 1 	 1 	 1 
330.266		22.4109 	 192.555373644 	 -58.4923119679 	 0 	 1 	 1 	 -1 
340.597		26.3295 	 302.692002426 	 -50.0203202929 	 1 	 0 	 1 	 0 
352.406		30 	 22.4224215843 	 -4.47506079626 	 0 	 1 	 1 	 -1 
340.597		33.6705 	 196.742085742 	 -36.5378469167 	 1 	 0 	 1 	 1 
330.266		37.5891 	 227.149336734 	 -115.037370694 	 1 	 0 	 1 	 1 
321.56		41.7415 	 269.682544377 	 -27.7054906142 	 1 	 0 	 1 	 -1 
314.619		46.1021 	 196.544721051 	 147.904695111 	 1 	 0 	 1 	 1 
309.563		50.633 	 100.516220731 	 135.343385137 	 1 	 0 	 1 	 1 
306.489		55.285 	 258.634256906 	 -159.553034168 	 1 	 0 	 1 	 -1 
305.457		60 	 159.971765695 	 -105.195748735 	 0 	 1 	 1 	 0 
306.489		64.715 	 21.5372613401 	 -113.527930959 	 1 	 0 	 1 	 0 
309.563		69.367 	 307.882813149 	 103.400108375 	 1 	 0 	 1 	 0 
314.619		73.8979 	 179.273170055 	 83.3162426353 	 0 	 1 	 1 	 0 
321.56		78.2585 	 197.867897674 	 -140.848782324 	 0 	 1 	 1 	 -1 
330.266		82.4109 	 9.98065676626 	 115.9638197 	 0 	 1 	 1 	 0 
340.597		86.3295 	 310.56976219 	 63.6144237467 	 0 	 1 	 1 	 1 
352.406		90 	 154.776674756 	 152.776422589 	 1 	 0 	 1 	 0 
340.597		93.6705 	 195.229460285 	 30.7325694019 	 0 	 1 	 1 	 -1 
330.266		97.5891 	 24.2318003435 	 -83.0069590357 	 1 	 0 	 1 	 1 
321.56		101.742 	 35.3492008915 	 -23.0388756123 	 1 	 0 	 1 	 -1 
314.619		106.102 	 320.969402625 	 -79.0114477618 	 0 	 1 	 1 	 0 
309.563		110.633 	 132.128377836 	 22.1506976835 	 1 	 0 	 1 	 1 
306.489		115.285 	 11.1191607023 	 125.944659879 	 0 	 1 	 1 	 0 
305.457		120 	 164.833838792 	 167.421811389 	 0 	 1 	 1 	 1 
306.489		124.715 	 58.3743012206 	 57.3781130516 	 1 	 0 	 1 	 1 
309.563		129.367 	 155.771060524 	 179.447028194 	 0 	 1 	 1 	 -1 
314.619		133.898 	 210.841389727 	 22.5800389065 	 1 	 0 	 1 	 1 
321.56		138.258 	 72.0507990488 	 -120.596770406 	 0 	 1 	 1 	 0 
330.266		142.411 	 271.187151339 	 -2.22838428597 	 0 	 1 	 1 	 0 
340.597		146.329 	 202.464908862 	 176.93835037 	 0 	 1 	 1 	 0 
352.406		150 	 178.403404326 	 -146.23706241 	 0 	 1 	 1 	 -1 
340.597		153.671 	 143.069102414 	 -56.7036305479 	 1 	 0 	 1 	 0 
330.266		157.589 	 243.201336289 	 161.847806785 	 1 	 0 	 1 	 0 
321.561		161.742 	 61.8114539049 	 -76.1611678152 	 0 	 1 	 1 	 0 
314.618		166.102 	 258.765160618 	 -18.5910795514 	 0 	 1 	 1 	 -1 
309.563		170.633 	 260.685711295 	 -157.212300231 	 1 	 0 	 1 	 -1 
306.488		175.285 	 258.187221654 	 123.69048061 	 1 	 0 	 1 	 0 
305.457		180 	 319.000899944 	 -107.034498863 	 0 	 1 	 1 	 -1 
306.488		184.715 	 187.574122979 	 25.8179310929 	 1 	 0 	 1 	 -1 
309.563		189.367 	 303.233378594 	 167.567122028 	 1 	 0 	 1 	 1 
314.618		193.898 	 3.29564880035 	 49.1004268425 	 0 	 1 	 1 	 -1 
321.561		198.258 	 198.222555629 	 135.169020865 	 0 	 1 	 1 	 -1 
330.266		202.411 	 151.946707498 	 38.1553081715 	 0 	 1 	 1 	 0 
340.597		206.329 	 12.911624377 	 -105.608693244 	 1 	 0 	 1 	 0 
352.406		210 	 88.6809536856 	 21.5850046035 	 0 	 1 	 1 	 -1 
330.266		217.589 	 51.0236749107 	 -121.802799178 	 1 	 0 	 1 	 1 
321.56		221.742 	 270.289035736 	 7.0086185447 	 1 	 0 	 1 	 -1 
314.619		226.102 	 11.1016340009 	 -61.3295865172 	 1 	 0 	 1 	 -1 
309.563		230.633 	 319.748325318 	 -62.644758737 	 0 	 1 	 1 	 0 
306.489		235.285 	 302.396693174 	 141.557006838 	 0 	 1 	 1 	 -1 
305.456		240 	 71.9215526848 	 121.231260659 	 0 	 1 	 1 	 -1 
306.488		244.715 	 34.0174899805 	 -141.418728077 	 0 	 1 	 1 	 0 
309.563		249.367 	 73.2843028244 	 67.765827262 	 1 	 0 	 1 	 -1 
314.619		253.898 	 25.0512596586 	 -85.9530000035 	 0 	 1 	 1 	 1 
321.56		258.258 	 284.037274004 	 -178.728142237 	 0 	 1 	 1 	 1 
330.266		262.411 	 64.3921585708 	 -78.5166161186 	 0 	 1 	 1 	 0 
340.597		266.33 	 136.146582944 	 -115.750166903 	 1 	 0 	 1 	 1 
340.597		273.671 	 272.892221331 	 -46.3566693966 	 1 	 0 	 1 	 0 
330.266		277.589 	 240.501700437 	 -46.2210640647 	 0 	 1 	 1 	 1 
321.56		281.742 	 237.920503191 	 -70.5912739097 	 0 	 1 	 1 	 1 
314.619		286.102 	 272.003957745 	 126.25291059 	 1 	 0 	 1 	 1 
309.563		290.633 	 52.3658907573 	 -142.148042209 	 1 	 0 	 1 	 1 
306.488		295.285 	 139.250539205 	 14.1781483247 	 1 	 0 	 1 	 -1 
305.457		300 	 116.132886722 	 -162.75461671 	 0 	 1 	 1 	 1 
306.489		304.715 	 170.800413848 	 149.968126078 	 1 	 0 	 1 	 -1 
309.563		309.367 	 203.61150727 	 -128.77272945 	 0 	 1 	 1 	 1 
314.619		313.898 	 190.218772348 	 179.191026682 	 0 	 1 	 1 	 0 
321.56		318.258 	 116.160152572 	 -124.730568693 	 0 	 1 	 1 	 -1 
330.266		322.411 	 113.7201374 	 -61.1911613356 	 1 	 0 	 1 	 0 
340.597		326.33 	 240.271178473 	 91.7378431027 	 0 	 1 	 1 	 1 
352.406		330 	 279.319145424 	 -41.8285362549 	 0 	 1 	 1 	 1 
365.546		333.418 	 75.6286088762 	 -65.7074369933 	 0 	 1 	 1 	 0 
355.074		337.053 	 186.515835609 	 -164.795946227 	 1 	 0 	 1 	 -1 
346.099		340.893 	 61.2284383747 	 -113.379043701 	 0 	 1 	 1 	 -1 
338.742		344.921 	 262.729382473 	 -137.606013183 	 0 	 1 	 1 	 -1 
333.116		349.107 	 253.257414686 	 -21.1395872311 	 0 	 1 	 1 	 -1 
329.31		353.413 	 305.940012699 	 55.8754678305 	 1 	 0 	 1 	 1 
327.39		357.796 	 48.0840137837 	 151.486853516 	 1 	 0 	 1 	 1 
327.39		2.20423 	 205.594289644 	 -43.6242939609 	 0 	 1 	 1 	 1 
329.31		6.58678 	 280.747905186 	 157.624822864 	 0 	 1 	 1 	 -1 
333.116		10.8934 	 203.549873886 	 92.6309336803 	 0 	 1 	 1 	 0 
338.742		15.0791 	 267.522000901 	 -89.1133765538 	 1 	 0 	 1 	 1 
346.099		19.1066 	 255.259235793 	 111.409807023 	 0 	 1 	 1 	 0 
355.074		22.9473 	 155.229009296 	 -138.780693723 	 1 	 0 	 1 	 1 
365.546		26.582 	 314.99467755 	 107.659610343 	 0 	 1 	 1 	 -1 
377.385		30 	 238.417176873 	 -150.43419807 	 1 	 0 	 1 	 -1 
365.546		33.418 	 108.650679158 	 79.2024992525 	 1 	 0 	 1 	 0 
355.074		37.0527 	 227.952816116 	 -175.17116938 	 1 	 0 	 1 	 0 
346.099		40.8934 	 38.9628990233 	 -114.948645965 	 0 	 1 	 1 	 0 
338.743		44.9209 	 15.7974805732 	 111.173017225 	 0 	 1 	 1 	 -1 
333.116		49.1066 	 280.346972425 	 -4.09893185106 	 1 	 0 	 1 	 -1 
329.31		53.4132 	 150.737944197 	 -137.766224897 	 0 	 1 	 1 	 -1 
327.39		57.7958 	 18.9240373478 	 -120.063899247 	 0 	 1 	 1 	 1 
327.39		62.2042 	 293.269946635 	 -136.832971355 	 0 	 1 	 1 	 1 
329.31		66.5868 	 100.170083844 	 -178.959493059 	 0 	 1 	 1 	 -1 
333.116		70.8934 	 231.03289502 	 -38.3183398193 	 1 	 0 	 1 	 0 
338.742		75.0791 	 139.260426781 	 -152.188285581 	 0 	 1 	 1 	 -1 
346.099		79.1066 	 151.054229992 	 -101.070295865 	 1 	 0 	 1 	 -1 
355.074		82.9473 	 35.757902681 	 167.403524379 	 1 	 0 	 1 	 1 
