25.2587		30 	 77.5221505911 	 -56.3197120732 	 0 	 0 	 1 	 1 
25.2587		90 	 226.06368621 	 167.54595524 	 1 	 1 	 1 	 -1 
25.2587		150 	 53.3391200844 	 -24.5773092673 	 0 	 0 	 1 	 1 
25.2587		210 	 -65.914930414 	 -165.167089014 	 1 	 1 	 1 	 1 
25.2587		270 	 44.2095547294 	 139.534361965 	 0 	 0 	 1 	 -1 
43.7478		0 	 -81.803601229 	 -127.991969435 	 1 	 0 	 1 	 1 
50.5147		30 	 -22.2491224733 	 -26.6120446881 	 1 	 0 	 1 	 0 
43.7478		60 	 329.532737065 	 147.156697141 	 1 	 0 	 1 	 -1 
50.5147		90 	 -108.352228055 	 115.295396325 	 0 	 1 	 1 	 -1 
43.7478		120 	 209.685788437 	 -116.941202927 	 0 	 0 	 1 	 -1 
50.5147		150 	 -100.129199207 	 -137.904024779 	 1 	 1 	 1 	 -1 
43.7478		180 	 -9.65476883606 	 61.4776299181 	 0 	 1 	 1 	 1 
50.5147		210 	 -270.1875755 	 45.8441622737 	 1 	 1 	 1 	 0 
43.7478		240 	 -183.313189265 	 -80.9733602839 	 1 	 1 	 1 	 1 
43.7478		300 	 -69.2092225533 	 79.2329724864 	 0 	 0 	 1 	 -1 
50.5148		330 	 -205.369508496 	 -141.206188365 	 1 	 1 	 1 	 -1 
66.8212		349.107 	 194.600467016 	 92.6454313132 	 1 	 1 	 1 	 1 
66.8212		10.8934 	 -19.3633343114 	 -4.02495321932 	 1 	 0 	 1 	 1 
75.7654		30 	 83.8419034501 	 66.0247338961 	 1 	 0 	 1 	 -1 
66.8212		49.1066 	 153.245461577 	 50.9710617627 	 1 	 1 	 1 	 0 
66.8212		70.8934 	 -140.964679489 	 54.3131163752 	 1 	 1 	 1 	 0 
75.7654		90 	 -129.199012121 	 -78.5458344815 	 0 	 1 	 1 	 1 
66.8212		109.107 	 210.59163558 	 -97.3232120766 	 1 	 1 	 1 	 0 
66.8212		130.893 	 49.8169374393 	 173.096151622 	 1 	 1 	 1 	 0 
75.7654		150 	 -212.06916372 	 35.7408751545 	 1 	 1 	 1 	 0 
66.8212		169.107 	 -7.77526533677 	 -2.42579065196 	 0 	 1 	 1 	 1 
66.8212		190.893 	 99.4596028193 	 16.7508247871 	 0 	 0 	 1 	 -1 
66.8212		229.107 	 6.15274666417 	 -157.882292724 	 0 	 1 	 1 	 -1 
66.8212		250.893 	 25.1374629235 	 -77.2042558691 	 0 	 1 	 1 	 -1 
75.7654		270 	 129.689064869 	 140.647477692 	 0 	 0 	 1 	 1 
66.8212		289.107 	 -13.4384652365 	 -73.1306892465 	 0 	 1 	 1 	 0 
66.8212		310.893 	 116.543379401 	 131.042673908 	 0 	 0 	 1 	 0 
75.7654		330 	 27.1348650927 	 6.0087858319 	 1 	 1 	 1 	 1 
91.0523		343.898 	 -68.4052122688 	 4.51569076032 	 1 	 0 	 1 	 0 
87.4818		0 	 -291.801144203 	 -37.917399175 	 0 	 0 	 1 	 -1 
91.0523		16.1021 	 245.460012295 	 95.1298326268 	 0 	 1 	 1 	 -1 
101.008		30 	 -6.1698011338 	 -3.76307466487 	 0 	 0 	 1 	 -1 
91.0523		43.8979 	 112.609076872 	 14.9850607223 	 1 	 0 	 1 	 -1 
87.4818		60 	 150.756716198 	 -13.7717115903 	 1 	 0 	 1 	 -1 
91.0523		76.1021 	 408.165982283 	 -32.484730597 	 0 	 0 	 1 	 1 
91.0523		103.898 	 -238.412052308 	 -113.338766581 	 1 	 0 	 1 	 -1 
87.4818		120 	 -183.219389092 	 -83.1642643339 	 1 	 1 	 1 	 -1 
91.0523		136.102 	 -22.077154575 	 82.1225174216 	 1 	 0 	 1 	 0 
91.0523		163.898 	 12.410071141 	 177.895643307 	 1 	 1 	 1 	 1 
87.4818		180 	 231.960759394 	 -151.114562071 	 1 	 1 	 1 	 -1 
91.0523		196.102 	 43.1431324244 	 -72.8823414758 	 0 	 1 	 1 	 0 
101.008		210 	 226.881002167 	 133.155447851 	 1 	 1 	 1 	 -1 
91.0523		223.898 	 -8.31438153237 	 82.2250274022 	 1 	 1 	 1 	 0 
87.4818		240 	 121.833879674 	 -48.1487214398 	 0 	 1 	 1 	 1 
91.0523		256.102 	 -49.7269557799 	 34.7069951572 	 1 	 0 	 1 	 1 
101.008		270 	 -69.3773511047 	 -163.047439206 	 0 	 1 	 1 	 1 
91.0523		283.898 	 110.860681077 	 35.828328447 	 1 	 1 	 1 	 0 
87.4817		300 	 87.9053914506 	 -92.1248520385 	 1 	 1 	 1 	 1 
91.0523		316.102 	 -24.7713661399 	 98.536485907 	 0 	 0 	 1 	 0 
101.008		330 	 -37.9996517674 	 19.8402645152 	 0 	 1 	 1 	 1 
115.709		340.893 	 191.078176773 	 -35.9088196922 	 0 	 0 	 1 	 0 
110.065		353.413 	 207.77424877 	 77.0821746706 	 0 	 1 	 1 	 -1 
110.065		6.58677 	 89.5729573602 	 71.2471680598 	 0 	 0 	 1 	 1 
115.709		19.1066 	 229.70581645 	 -170.819077014 	 1 	 0 	 1 	 -1 
126.24		30 	 -22.3896612625 	 57.8263335707 	 1 	 0 	 1 	 1 
115.709		40.8934 	 -111.49676898 	 -109.799073906 	 0 	 1 	 1 	 -1 
110.065		53.4132 	 179.842329537 	 47.2779180827 	 0 	 1 	 1 	 0 
110.065		66.5868 	 -158.109342765 	 83.1943642631 	 1 	 1 	 1 	 0 
115.709		79.1066 	 41.2621550106 	 10.645369123 	 0 	 1 	 1 	 -1 
126.24		90 	 123.049698841 	 98.9503304795 	 0 	 0 	 1 	 0 
115.709		100.893 	 -211.56344224 	 -50.4321782689 	 1 	 0 	 1 	 0 
110.065		113.413 	 -206.052275849 	 -175.394716295 	 1 	 1 	 1 	 0 
110.065		126.587 	 -48.8355255794 	 92.8536778847 	 1 	 0 	 1 	 1 
115.709		139.107 	 -306.796748603 	 -50.1112054764 	 1 	 0 	 1 	 -1 
126.24		150 	 115.873529319 	 102.885363941 	 1 	 1 	 1 	 -1 
115.709		160.893 	 -27.1656703779 	 45.2577938034 	 1 	 1 	 1 	 0 
110.066		173.413 	 33.9048967088 	 -164.402212558 	 0 	 1 	 1 	 1 
110.066		186.587 	 -102.269789455 	 -112.011306241 	 1 	 1 	 1 	 -1 
115.709		199.107 	 -190.727231103 	 -138.348856497 	 1 	 1 	 1 	 1 
126.24		210 	 92.773593312 	 8.2031206816 	 1 	 0 	 1 	 0 
115.709		220.893 	 -17.4759042382 	 -27.1240263528 	 1 	 1 	 1 	 1 
110.065		233.413 	 261.864043796 	 -124.891256548 	 1 	 1 	 1 	 1 
110.065		246.587 	 -92.8092082699 	 -83.4275842376 	 0 	 1 	 1 	 1 
115.709		259.107 	 64.3701561187 	 -95.8288481678 	 0 	 0 	 1 	 0 
126.24		270 	 -42.2039742673 	 -162.626428896 	 0 	 0 	 1 	 -1 
115.709		280.893 	 -183.01403136 	 -169.657499306 	 1 	 0 	 1 	 0 
110.065		293.413 	 -93.6455810376 	 18.0394185748 	 1 	 1 	 1 	 0 
110.065		306.587 	 112.760608374 	 75.9562818462 	 1 	 0 	 1 	 -1 
115.709		319.107 	 167.863867103 	 -17.3425370609 	 1 	 1 	 1 	 1 
126.24		330 	 88.1910483373 	 -58.7404197122 	 0 	 1 	 1 	 0 
140.56		338.948 	 18.9292603765 	 -167.482961099 	 1 	 1 	 1 	 -1 
133.593		349.107 	 -193.185759512 	 -63.3605247285 	 0 	 0 	 1 	 0 
131.188		0 	 90.0217572455 	 138.107175272 	 0 	 1 	 1 	 1 
133.593		10.8934 	 245.711634257 	 -146.054467004 	 0 	 1 	 1 	 1 
140.56		21.0517 	 -118.338917711 	 141.838494741 	 1 	 0 	 1 	 0 
151.459		30 	 260.911963263 	 -66.2674679707 	 0 	 1 	 1 	 0 
140.56		38.9483 	 58.9882883983 	 130.720103883 	 1 	 0 	 1 	 -1 
133.593		49.1066 	 -9.26411715508 	 -139.226324103 	 0 	 1 	 1 	 -1 
131.188		60 	 -250.74851358 	 98.868161004 	 1 	 0 	 1 	 -1 
133.593		70.8934 	 -99.9182126073 	 140.23124207 	 0 	 0 	 1 	 1 
140.56		81.0517 	 -135.217781779 	 -62.508568846 	 0 	 0 	 1 	 -1 
151.459		90 	 157.869969743 	 -88.567862215 	 0 	 0 	 1 	 0 
140.56		98.9483 	 28.9819062065 	 -102.952289021 	 0 	 0 	 1 	 1 
133.593		109.107 	 -148.817385745 	 -10.4135599711 	 1 	 1 	 1 	 -1 
131.188		120 	 9.71625751742 	 163.558766199 	 1 	 0 	 1 	 1 
133.593		130.893 	 -242.134805069 	 -159.62418397 	 1 	 1 	 1 	 1 
140.56		141.052 	 -86.3932706535 	 151.67673231 	 0 	 1 	 1 	 0 
151.459		150 	 -134.622529558 	 -143.188674158 	 1 	 0 	 1 	 0 
140.56		158.948 	 137.495956176 	 122.841182565 	 0 	 1 	 1 	 1 
133.593		169.107 	 -5.63685214252 	 177.61512392 	 0 	 0 	 1 	 0 
131.188		180 	 81.8101898355 	 109.272295468 	 1 	 0 	 1 	 0 
133.593		190.893 	 41.9509041539 	 -91.5762221838 	 0 	 0 	 1 	 0 
140.56		201.052 	 162.440413043 	 -114.58140326 	 1 	 0 	 1 	 0 
151.459		210 	 427.583463929 	 -33.0761394936 	 1 	 1 	 1 	 -1 
140.56		218.948 	 143.636701587 	 -145.708546345 	 1 	 1 	 1 	 0 
133.593		229.107 	 143.243542399 	 -25.9117376091 	 1 	 1 	 1 	 0 
131.188		240 	 215.64204035 	 70.2723370226 	 0 	 1 	 1 	 1 
133.592		250.893 	 213.733618224 	 -177.65967131 	 0 	 0 	 1 	 0 
140.56		261.052 	 -236.150648196 	 124.801706805 	 1 	 1 	 1 	 1 
151.459		270 	 -10.7670043874 	 48.9564399727 	 1 	 0 	 1 	 -1 
140.56		278.948 	 -38.2420566598 	 -103.5778157 	 0 	 0 	 1 	 -1 
133.592		289.107 	 -52.1203789698 	 -57.41385846 	 0 	 0 	 1 	 -1 
131.188		300 	 -482.760600779 	 -1.64054096909 	 1 	 1 	 1 	 -1 
133.593		310.893 	 274.623151693 	 -86.5027381873 	 1 	 0 	 1 	 1 
140.56		321.052 	 -99.4845869372 	 -160.711414952 	 1 	 0 	 1 	 -1 
151.459		330 	 -102.253379323 	 -37.0650322203 	 1 	 0 	 1 	 0 
165.51		337.589 	 139.180864283 	 -30.5875925968 	 1 	 1 	 1 	 -1 
157.635		346.102 	 -42.8018509576 	 145.724663175 	 1 	 1 	 1 	 -1 
153.545		355.285 	 257.491373871 	 74.3149004007 	 1 	 0 	 1 	 -1 
153.545		4.715 	 -117.757437526 	 97.5184316784 	 0 	 0 	 1 	 1 
157.635		13.8979 	 93.6022421365 	 92.417255203 	 1 	 1 	 1 	 -1 
165.51		22.4109 	 -249.522088163 	 -78.2420462416 	 1 	 0 	 1 	 0 
176.661		30 	 -13.0420827082 	 105.497167349 	 0 	 1 	 1 	 -1 
165.51		37.5891 	 188.85979028 	 96.307264711 	 1 	 0 	 1 	 -1 
157.635		46.1021 	 -85.9857754207 	 81.3911590433 	 1 	 0 	 1 	 -1 
153.545		55.285 	 133.580035255 	 -126.599296098 	 0 	 0 	 1 	 1 
153.545		64.715 	 61.8851343542 	 -62.5645222524 	 1 	 0 	 1 	 0 
157.635		73.8979 	 101.191040732 	 164.46404352 	 1 	 1 	 1 	 0 
165.51		82.4109 	 -94.477764698 	 -9.61181491242 	 1 	 0 	 1 	 0 
176.661		90 	 363.88809704 	 34.7692279894 	 0 	 1 	 1 	 1 
165.51		97.5891 	 83.8396711085 	 -96.8450475384 	 1 	 1 	 1 	 -1 
157.635		106.102 	 -10.8741956458 	 143.516991302 	 1 	 1 	 1 	 1 
153.545		115.285 	 84.5180148778 	 -138.937633525 	 1 	 1 	 1 	 -1 
153.545		124.715 	 -53.5181854808 	 -168.261784699 	 1 	 0 	 1 	 0 
157.635		133.898 	 -150.04575902 	 43.6290518893 	 0 	 0 	 1 	 -1 
165.51		142.411 	 -127.380680677 	 161.339582849 	 0 	 1 	 1 	 0 
176.661		150 	 70.2613808604 	 -76.8723998822 	 0 	 0 	 1 	 1 
165.509		157.589 	 -208.678069267 	 57.2844917863 	 1 	 0 	 1 	 -1 
157.635		166.102 	 -33.2069354515 	 147.970391541 	 1 	 0 	 1 	 -1 
153.546		175.285 	 159.867390063 	 149.032693867 	 0 	 1 	 1 	 1 
153.546		184.715 	 -101.244662293 	 150.73031506 	 1 	 0 	 1 	 -1 
157.635		193.898 	 131.599062418 	 89.3808509721 	 1 	 0 	 1 	 1 
165.509		202.411 	 -79.5116112468 	 -133.079956746 	 1 	 1 	 1 	 1 
165.51		217.589 	 73.760495694 	 -91.5589440491 	 0 	 1 	 1 	 1 
157.635		226.102 	 140.310021296 	 32.1027487447 	 0 	 0 	 1 	 1 
153.545		235.285 	 -131.087655774 	 10.8343182169 	 1 	 0 	 1 	 1 
153.545		244.715 	 -105.274046867 	 -129.325036469 	 0 	 1 	 1 	 0 
157.635		253.898 	 396.565817307 	 -52.4783952833 	 1 	 1 	 1 	 1 
165.51		262.411 	 -237.446680122 	 -160.01118942 	 0 	 0 	 1 	 1 
176.661		270 	 -221.653321687 	 -49.8305700377 	 0 	 0 	 1 	 -1 
165.51		277.589 	 345.48637806 	 -78.3886205245 	 0 	 0 	 1 	 0 
157.635		286.102 	 -277.704779415 	 37.3818647885 	 1 	 0 	 1 	 1 
153.545		295.285 	 -56.230110664 	 100.94772068 	 0 	 0 	 1 	 1 
153.545		304.715 	 528.180585962 	 -149.90030687 	 0 	 1 	 1 	 -1 
157.635		313.898 	 -236.731735244 	 174.140502086 	 0 	 0 	 1 	 0 
165.51		322.411 	 30.1415232236 	 -179.910667899 	 1 	 0 	 1 	 1 
176.661		330 	 167.619829203 	 -19.9137951312 	 1 	 0 	 1 	 1 
190.511		336.587 	 134.236924375 	 150.11185729 	 1 	 1 	 1 	 -1 
181.979		343.898 	 -345.65290829 	 155.397804986 	 1 	 1 	 1 	 -1 
176.661		351.787 	 87.1255948408 	 -16.4802694587 	 0 	 0 	 1 	 -1 
174.852		0 	 -21.1099690287 	 -121.901163886 	 0 	 0 	 1 	 0 
176.661		8.21321 	 -55.9195868655 	 145.585415862 	 0 	 0 	 1 	 -1 
181.979		16.1021 	 131.592571839 	 161.997186363 	 0 	 1 	 1 	 -1 
190.511		23.4132 	 59.2926244456 	 49.5786647028 	 1 	 0 	 1 	 1 
201.845		30 	 201.590893964 	 -88.6069808836 	 1 	 0 	 1 	 -1 
181.979		43.8979 	 14.4275948198 	 -101.91446871 	 0 	 1 	 1 	 1 
176.661		51.7868 	 -129.425556121 	 51.3343696359 	 0 	 1 	 1 	 -1 
174.852		60 	 33.3321870557 	 -33.5198654427 	 0 	 0 	 1 	 1 
176.661		68.2132 	 82.3797448211 	 -110.223302467 	 0 	 0 	 1 	 1 
181.979		76.1021 	 13.3823488973 	 40.8597124714 	 1 	 1 	 1 	 -1 
190.511		83.4132 	 -4.88566968476 	 -124.809478959 	 1 	 1 	 1 	 0 
201.845		90 	 -267.739566055 	 125.517711247 	 1 	 1 	 1 	 0 
190.511		96.5868 	 -108.126877854 	 -162.470701033 	 0 	 0 	 1 	 -1 
181.979		103.898 	 155.895780756 	 -117.858593555 	 1 	 0 	 1 	 1 
176.661		111.787 	 73.6428851064 	 -151.814519549 	 0 	 0 	 1 	 0 
174.852		120 	 145.852028613 	 49.9925022565 	 0 	 0 	 1 	 0 
176.661		128.213 	 37.8690865811 	 -113.937023511 	 0 	 0 	 1 	 1 
181.979		136.102 	 -36.1407437863 	 -114.014706043 	 1 	 1 	 1 	 -1 
190.51		143.413 	 94.9814773434 	 165.749239773 	 1 	 0 	 1 	 1 
201.845		150 	 -7.84328924994 	 49.0235156085 	 1 	 1 	 1 	 -1 
190.511		156.587 	 152.263879758 	 19.026451626 	 1 	 0 	 1 	 0 
181.979		163.898 	 -213.816644041 	 -172.13935834 	 1 	 0 	 1 	 0 
176.661		171.787 	 27.1842822313 	 56.6191506365 	 0 	 1 	 1 	 -1 
174.852		180 	 87.8303507813 	 -171.297472185 	 1 	 0 	 1 	 1 
176.661		188.213 	 240.075319914 	 87.9193023988 	 0 	 0 	 1 	 1 
181.979		196.102 	 229.790980715 	 -114.10390089 	 0 	 1 	 1 	 -1 
190.511		203.413 	 281.908127298 	 -4.7482092823 	 1 	 1 	 1 	 0 
201.845		210 	 214.122433421 	 170.787168256 	 1 	 0 	 1 	 -1 
190.51		216.587 	 20.2830000953 	 17.2100513605 	 0 	 0 	 1 	 1 
181.979		223.898 	 -91.9943439044 	 -21.8786339342 	 0 	 0 	 1 	 -1 
176.661		231.787 	 -128.545520101 	 20.1492138759 	 1 	 1 	 1 	 1 
174.853		240 	 37.8289144735 	 -105.41009235 	 1 	 0 	 1 	 0 
176.662		248.213 	 197.955725385 	 -59.5897683808 	 1 	 0 	 1 	 0 
181.979		256.102 	 -321.194177075 	 94.492932127 	 0 	 0 	 1 	 0 
190.511		263.413 	 -9.52191843273 	 26.6369092087 	 1 	 0 	 1 	 1 
190.511		276.587 	 187.172592387 	 -9.87650866273 	 1 	 1 	 1 	 -1 
181.979		283.898 	 -97.0034566165 	 162.284163192 	 0 	 1 	 1 	 -1 
176.662		291.787 	 -190.32204462 	 13.4114590634 	 1 	 0 	 1 	 -1 
174.853		300 	 156.350998729 	 -60.8002860089 	 1 	 1 	 1 	 0 
176.661		308.213 	 -8.67963534289 	 -171.10859769 	 0 	 0 	 1 	 -1 
181.979		316.102 	 -136.450422574 	 -97.0021624214 	 1 	 0 	 1 	 -1 
190.511		323.413 	 246.77289959 	 -35.4275843332 	 1 	 1 	 1 	 1 
201.845		330 	 85.8955477845 	 -173.9915497 	 0 	 1 	 1 	 1 
215.536		335.818 	 -164.123186263 	 169.203296728 	 0 	 1 	 1 	 1 
206.511		342.216 	 -5.48402062404 	 120.357346256 	 1 	 0 	 1 	 1 
200.265		349.107 	 -26.1820152586 	 99.9132119213 	 0 	 0 	 1 	 -1 
197.068		356.329 	 183.576679245 	 2.4475278508 	 1 	 0 	 1 	 0 
197.068		3.6705 	 -158.30992222 	 89.8281933831 	 0 	 0 	 1 	 0 
200.265		10.8934 	 -198.185476498 	 27.4615721583 	 1 	 0 	 1 	 0 
206.511		17.7836 	 -70.8911534076 	 -150.713729181 	 1 	 0 	 1 	 1 
215.536		24.1825 	 210.761609842 	 151.975352745 	 1 	 1 	 1 	 -1 
227.007		30 	 77.7313114365 	 58.5334716497 	 1 	 1 	 1 	 0 
215.536		35.8175 	 58.7421973836 	 -175.429951306 	 1 	 1 	 1 	 -1 
206.511		42.2164 	 -52.8393323948 	 -124.878569391 	 0 	 1 	 1 	 -1 
200.265		49.1066 	 2.90881953566 	 -73.6365679786 	 1 	 0 	 1 	 -1 
197.068		56.3295 	 206.93415614 	 124.310957106 	 0 	 0 	 1 	 0 
197.068		63.6705 	 105.573053003 	 -163.389903561 	 0 	 0 	 1 	 0 
200.265		70.8934 	 -116.389338178 	 -111.258475991 	 0 	 0 	 1 	 -1 
206.511		77.7836 	 -39.5523510999 	 -49.8713905187 	 0 	 0 	 1 	 -1 
215.536		84.1825 	 209.706647516 	 2.19710253405 	 1 	 1 	 1 	 0 
227.007		90 	 14.9573153545 	 105.432200788 	 0 	 1 	 1 	 0 
215.536		95.8175 	 -150.903259872 	 -79.748397195 	 0 	 0 	 1 	 0 
206.511		102.216 	 285.070109646 	 28.5541572106 	 1 	 0 	 1 	 0 
200.265		109.107 	 -74.7584706969 	 -41.6233346004 	 1 	 0 	 1 	 1 
197.068		116.33 	 61.8878860645 	 -71.8836363085 	 1 	 0 	 1 	 1 
197.068		123.671 	 -73.7985385298 	 65.2247680021 	 1 	 1 	 1 	 -1 
200.265		130.893 	 -109.111535934 	 130.798301499 	 0 	 1 	 1 	 0 
206.51		137.784 	 -63.0841010547 	 167.074851731 	 1 	 1 	 1 	 1 
215.536		144.182 	 198.848349414 	 103.826278026 	 1 	 1 	 1 	 0 
227.007		150 	 -241.389888645 	 -22.1810929671 	 1 	 1 	 1 	 0 
215.536		155.818 	 286.39496136 	 158.312535316 	 1 	 1 	 1 	 -1 
206.511		162.216 	 77.0357713984 	 -127.60021765 	 1 	 0 	 1 	 0 
200.266		169.107 	 114.880542508 	 -128.505276293 	 0 	 1 	 1 	 0 
197.068		176.33 	 72.9357350906 	 105.302358265 	 1 	 0 	 1 	 1 
197.068		183.671 	 -264.32763091 	 -117.229486255 	 1 	 0 	 1 	 0 
200.266		190.893 	 -0.812365561866 	 7.71961363492 	 1 	 0 	 1 	 1 
206.511		197.784 	 140.141126949 	 110.598546516 	 0 	 1 	 1 	 1 
215.536		204.182 	 -206.956227729 	 -158.681274738 	 0 	 0 	 1 	 1 
227.007		210 	 116.446215509 	 112.892735418 	 1 	 1 	 1 	 -1 
215.536		215.818 	 13.0802137662 	 -173.918269529 	 1 	 0 	 1 	 1 
206.51		222.216 	 23.4478654077 	 -51.1687681834 	 1 	 1 	 1 	 1 
200.265		229.107 	 -46.3959895496 	 -108.964177256 	 1 	 0 	 1 	 1 
197.068		236.329 	 38.8268727777 	 -10.3085503425 	 0 	 1 	 1 	 1 
197.068		243.671 	 82.4162562486 	 -97.1350107568 	 0 	 1 	 1 	 0 
200.265		250.893 	 405.747800025 	 -179.777947334 	 0 	 1 	 1 	 0 
206.51		257.784 	 25.8166843986 	 109.098319412 	 0 	 0 	 1 	 1 
215.536		264.182 	 -89.603456261 	 -95.6691609395 	 0 	 0 	 1 	 0 
227.007		270 	 -147.567071782 	 -115.191190378 	 1 	 1 	 1 	 1 
215.536		275.818 	 -104.641015332 	 82.3444338594 	 1 	 1 	 1 	 -1 
206.51		282.216 	 -129.88398904 	 -13.2556048923 	 1 	 1 	 1 	 1 
200.265		289.107 	 82.6395952399 	 145.799229168 	 1 	 1 	 1 	 -1 
197.068		296.329 	 365.388741 	 -134.041545748 	 0 	 1 	 1 	 -1 
197.068		303.67 	 -171.371905255 	 -105.238599263 	 1 	 1 	 1 	 -1 
200.265		310.893 	 255.501074632 	 -117.042992076 	 1 	 0 	 1 	 -1 
206.511		317.784 	 401.904996669 	 -75.8360852396 	 0 	 1 	 1 	 0 
227.008		330 	 -135.149868294 	 -148.218522481 	 1 	 0 	 1 	 1 
240.57		335.209 	 47.1298469479 	 -46.3342004505 	 0 	 1 	 1 	 0 
231.161		340.893 	 259.254994542 	 -15.6948469571 	 0 	 1 	 1 	 0 
224.195		346.996 	 107.055136708 	 122.073979631 	 0 	 1 	 1 	 0 
219.909		353.413 	 -300.983638255 	 -157.381496069 	 1 	 0 	 1 	 1 
218.461		0 	 113.156537868 	 -143.117211667 	 1 	 1 	 1 	 1 
219.909		6.58678 	 -140.016870164 	 -54.3857738093 	 1 	 0 	 1 	 0 
224.195		13.0039 	 -105.061848048 	 34.3375743893 	 0 	 1 	 1 	 1 
231.161		19.1066 	 -183.845595431 	 -171.862922469 	 0 	 1 	 1 	 1 
240.57		24.7913 	 166.778974981 	 -8.38757323642 	 0 	 1 	 1 	 1 
252.146		30 	 -55.6713952191 	 172.447413354 	 0 	 0 	 1 	 1 
240.57		35.2087 	 298.232485842 	 -52.2233557034 	 0 	 0 	 1 	 1 
231.161		40.8934 	 -358.379122509 	 99.7716321969 	 1 	 0 	 1 	 -1 
224.195		46.9961 	 58.3308788084 	 -33.3188309149 	 0 	 0 	 1 	 0 
219.909		53.4132 	 -36.7396743738 	 119.310024422 	 0 	 1 	 1 	 -1 
218.461		60 	 227.690996359 	 60.152139527 	 0 	 1 	 1 	 -1 
219.909		66.5868 	 39.5944147882 	 75.1104637682 	 0 	 0 	 1 	 1 
224.195		73.0039 	 96.0044079946 	 -118.517085338 	 1 	 0 	 1 	 -1 
231.161		79.1066 	 169.225860882 	 2.3003051484 	 1 	 0 	 1 	 -1 
240.57		84.7913 	 -15.7744518981 	 15.4813041453 	 1 	 1 	 1 	 1 
240.57		95.2087 	 344.132991395 	 -2.93101137907 	 0 	 1 	 1 	 0 
231.161		100.893 	 213.759059245 	 -70.0881536262 	 1 	 0 	 1 	 1 
224.195		106.996 	 256.45323525 	 16.4065454747 	 1 	 1 	 1 	 -1 
219.909		113.413 	 295.679706262 	 -167.501531375 	 1 	 1 	 1 	 0 
218.461		120 	 76.2237076102 	 47.089966294 	 1 	 0 	 1 	 1 
219.909		126.587 	 -26.422944827 	 -27.3270958696 	 0 	 1 	 1 	 1 
224.195		133.004 	 -116.8719577 	 -106.409387441 	 0 	 0 	 1 	 0 
231.161		139.107 	 117.127905946 	 -29.6349691005 	 1 	 1 	 1 	 0 
252.146		150 	 -15.5522655508 	 -104.061902744 	 0 	 0 	 1 	 0 
240.57		155.209 	 288.404964284 	 137.590895974 	 0 	 1 	 1 	 -1 
231.16		160.893 	 -44.1435380749 	 42.8140394628 	 1 	 0 	 1 	 -1 
224.196		166.996 	 82.5896316044 	 -144.397699235 	 0 	 0 	 1 	 -1 
219.909		173.413 	 -74.0584764174 	 -18.1395099623 	 0 	 1 	 1 	 -1 
218.461		180 	 34.9875119806 	 9.86572001617 	 0 	 0 	 1 	 -1 
219.909		186.587 	 90.3024671361 	 4.46958247271 	 0 	 1 	 1 	 1 
224.196		193.004 	 14.6132175759 	 52.6670713694 	 0 	 1 	 1 	 0 
231.16		199.107 	 6.10061702621 	 151.103246574 	 1 	 0 	 1 	 1 
240.57		204.791 	 150.438873101 	 -94.8805709428 	 0 	 0 	 1 	 0 
252.146		210 	 47.2942499894 	 -38.0057527787 	 0 	 0 	 1 	 -1 
240.57		215.209 	 -258.529368092 	 -20.1987983758 	 0 	 1 	 1 	 1 
231.161		220.893 	 10.942427704 	 52.1806274286 	 1 	 1 	 1 	 1 
224.196		226.996 	 -80.4717170121 	 159.231122421 	 0 	 0 	 1 	 -1 
219.909		233.413 	 -221.169920396 	 38.6961893047 	 0 	 1 	 1 	 -1 
218.461		240 	 -247.43458279 	 84.9692306623 	 0 	 1 	 1 	 1 
219.909		246.587 	 4.10785107239 	 -86.6194927127 	 1 	 0 	 1 	 -1 
224.195		253.004 	 -23.2591759171 	 -27.7348180708 	 0 	 0 	 1 	 0 
231.16		259.107 	 -87.5555305678 	 15.4501350316 	 0 	 0 	 1 	 1 
240.57		264.791 	 159.42356732 	 119.445680878 	 0 	 0 	 1 	 0 
252.146		270 	 144.26139035 	 -81.1074885137 	 1 	 0 	 1 	 1 
240.57		275.209 	 -20.8568154772 	 -17.2280470619 	 0 	 1 	 1 	 0 
231.16		280.893 	 -15.9487978191 	 4.04108544018 	 0 	 1 	 1 	 -1 
224.195		286.996 	 57.8077348873 	 -3.73092083346 	 1 	 0 	 1 	 0 
219.909		293.413 	 119.713613153 	 -27.7055835212 	 0 	 0 	 1 	 0 
218.461		300 	 -302.300427919 	 113.536375948 	 0 	 0 	 1 	 -1 
219.909		306.587 	 59.5315106415 	 14.3623138359 	 1 	 1 	 1 	 1 
224.196		313.004 	 -6.47305309228 	 170.459882404 	 1 	 0 	 1 	 -1 
231.161		319.107 	 79.0097900353 	 162.040427749 	 1 	 1 	 1 	 1 
240.57		324.791 	 -8.88577813337 	 -145.894260905 	 0 	 1 	 1 	 -1 
252.146		330 	 -220.530125806 	 137.871952654 	 1 	 1 	 1 	 0 
265.601		334.715 	 -251.62387094 	 -117.465615748 	 0 	 0 	 1 	 0 
255.886		339.826 	 -25.8337720131 	 39.3306679423 	 1 	 0 	 1 	 1 
248.348		345.295 	 -201.707246624 	 -116.675481977 	 0 	 1 	 1 	 1 
243.191		351.052 	 -93.666806188 	 47.0598239564 	 0 	 0 	 1 	 0 
240.57		356.996 	 68.9911851451 	 155.709242592 	 0 	 0 	 1 	 0 
240.57		3.00449 	 -63.9523869666 	 -102.244114091 	 0 	 1 	 1 	 1 
243.191		8.94827 	 -207.068384461 	 3.03115743384 	 0 	 1 	 1 	 1 
248.348		14.7047 	 -28.48701577 	 -18.9552200157 	 0 	 1 	 1 	 -1 
255.886		20.1736 	 239.047976972 	 -48.6140674439 	 1 	 1 	 1 	 -1 
265.601		25.285 	 15.7036621934 	 136.277338473 	 0 	 1 	 1 	 0 
277.258		30 	 116.455108121 	 82.7031810148 	 1 	 0 	 1 	 0 
265.601		34.715 	 46.7657405889 	 31.7948952421 	 0 	 1 	 1 	 0 
255.887		39.8264 	 -59.1934564355 	 -123.505964189 	 0 	 1 	 1 	 1 
248.348		45.2953 	 49.1326055189 	 -6.19875688594 	 1 	 0 	 1 	 1 
243.191		51.0517 	 -147.577377188 	 27.1733116694 	 0 	 1 	 1 	 1 
240.57		56.9955 	 -145.588295517 	 101.101083914 	 1 	 1 	 1 	 0 
240.57		63.0045 	 39.205584065 	 -171.918692111 	 0 	 1 	 1 	 -1 
243.191		68.9483 	 -66.250839873 	 43.2881215576 	 0 	 1 	 1 	 0 
248.348		74.7047 	 -45.5260384342 	 47.9437284517 	 0 	 0 	 1 	 0 
255.887		80.1736 	 -116.195475651 	 -168.023404041 	 0 	 1 	 1 	 1 
265.601		85.285 	 82.9384997741 	 159.985381984 	 0 	 1 	 1 	 1 
277.257		90 	 -125.444967835 	 20.6802734561 	 1 	 0 	 1 	 0 
265.601		94.715 	 6.78483047378 	 26.447574277 	 1 	 0 	 1 	 -1 
255.887		99.8264 	 0.120277510857 	 -140.639863449 	 1 	 0 	 1 	 1 
248.348		105.295 	 -378.923038003 	 -119.214660864 	 1 	 0 	 1 	 1 
243.191		111.052 	 -449.147979853 	 -70.9425616234 	 1 	 1 	 1 	 -1 
240.57		116.996 	 -185.003551308 	 -101.694835908 	 0 	 0 	 1 	 1 
240.57		123.005 	 -153.839021862 	 -151.949052285 	 1 	 1 	 1 	 -1 
243.191		128.948 	 -76.3047889197 	 174.463113793 	 0 	 0 	 1 	 -1 
248.348		134.705 	 72.7806799277 	 -42.7103948332 	 0 	 1 	 1 	 0 
255.887		140.174 	 124.786613876 	 158.345735616 	 0 	 1 	 1 	 -1 
265.6		145.285 	 18.0506954975 	 126.069362135 	 0 	 1 	 1 	 0 
277.257		150 	 -358.69302147 	 -57.3172712818 	 1 	 0 	 1 	 1 
265.601		154.715 	 -182.729820757 	 41.32510781 	 1 	 0 	 1 	 0 
255.886		159.826 	 -67.7489000098 	 -105.244131255 	 0 	 0 	 1 	 -1 
248.348		165.295 	 -293.467089118 	 161.68372661 	 1 	 0 	 1 	 0 
243.191		171.052 	 -206.76371257 	 -2.05363926269 	 1 	 0 	 1 	 -1 
240.57		176.996 	 -15.8024152042 	 -159.018694929 	 1 	 1 	 1 	 0 
240.57		183.005 	 -481.273084848 	 91.7413964074 	 0 	 0 	 1 	 1 
243.191		188.948 	 -218.344415756 	 -76.6820617713 	 0 	 1 	 1 	 -1 
248.348		194.705 	 291.203259692 	 -167.020610618 	 0 	 0 	 1 	 1 
255.886		200.174 	 143.956130575 	 -137.841390084 	 0 	 0 	 1 	 -1 
265.601		205.285 	 93.2622141425 	 20.5916697925 	 1 	 1 	 1 	 1 
277.258		210 	 -217.800150592 	 -52.8497387649 	 1 	 0 	 1 	 1 
265.6		214.715 	 253.011617149 	 96.905432632 	 0 	 0 	 1 	 0 
255.887		219.826 	 102.710995098 	 34.70367442 	 1 	 1 	 1 	 0 
248.348		225.295 	 322.528407785 	 -133.583454122 	 1 	 0 	 1 	 -1 
243.191		231.052 	 177.945227683 	 77.7904337921 	 1 	 0 	 1 	 -1 
240.57		236.995 	 164.523858526 	 -86.5564390099 	 0 	 0 	 1 	 -1 
240.57		243.004 	 -71.1969711865 	 51.959655029 	 1 	 1 	 1 	 0 
243.19		248.948 	 -154.212605185 	 72.267219875 	 0 	 1 	 1 	 -1 
248.348		254.705 	 123.499834777 	 23.7517072154 	 0 	 0 	 1 	 0 
255.886		260.174 	 205.180214589 	 77.0194665445 	 0 	 0 	 1 	 -1 
265.601		265.285 	 42.3332733837 	 -112.213045486 	 1 	 0 	 1 	 -1 
277.258		270 	 -77.7059554178 	 -108.809664113 	 1 	 0 	 1 	 0 
265.601		274.715 	 -290.370457317 	 174.558713633 	 1 	 1 	 1 	 -1 
255.886		279.826 	 -104.951442819 	 -67.7365620442 	 1 	 1 	 1 	 1 
248.348		285.295 	 286.316447442 	 179.765198355 	 1 	 1 	 1 	 -1 
243.19		291.052 	 39.0944360976 	 16.9678879458 	 0 	 0 	 1 	 0 
240.57		296.996 	 436.475401092 	 96.8057197924 	 0 	 0 	 1 	 0 
240.57		303.004 	 195.72719407 	 -66.0943974741 	 1 	 1 	 1 	 1 
243.191		308.948 	 76.6368625887 	 -99.0887083018 	 0 	 0 	 1 	 -1 
248.348		314.705 	 67.0883637516 	 -120.867841717 	 0 	 0 	 1 	 1 
255.886		320.174 	 -144.938861794 	 70.7183648463 	 1 	 1 	 1 	 0 
265.6		325.285 	 -87.4049974395 	 62.1015006023 	 1 	 1 	 1 	 -1 
277.258		330 	 -92.267769304 	 -20.4894486869 	 0 	 1 	 1 	 1 
290.619		334.307 	 106.564605411 	 31.0078410118 	 0 	 0 	 1 	 0 
280.659		338.948 	 188.786369841 	 82.4294242665 	 0 	 1 	 1 	 0 
272.656		343.898 	 284.465969399 	 109.322092958 	 1 	 0 	 1 	 -1 
266.79		349.107 	 -0.902202360988 	 -72.5161864868 	 0 	 0 	 1 	 -1 
263.206		354.504 	 216.705771272 	 156.291179322 	 1 	 1 	 1 	 0 
262.001		0 	 -197.841412287 	 69.6035833669 	 0 	 1 	 1 	 1 
263.206		5.49637 	 321.977971284 	 58.413901994 	 1 	 1 	 1 	 -1 
266.79		10.8934 	 -38.260992298 	 -12.4202907677 	 1 	 1 	 1 	 0 
272.656		16.1021 	 -141.900351768 	 -173.614690713 	 1 	 0 	 1 	 1 
280.659		21.0517 	 -151.714896007 	 -114.788921912 	 0 	 1 	 1 	 0 
290.619		25.6934 	 321.125232364 	 -164.047072446 	 1 	 0 	 1 	 1 
302.34		30 	 -253.63185335 	 110.866807059 	 0 	 0 	 1 	 1 
290.619		34.3066 	 159.992190874 	 52.7016997632 	 1 	 1 	 1 	 0 
280.659		38.9483 	 -69.3598752955 	 -35.8718632922 	 0 	 0 	 1 	 -1 
272.656		43.8979 	 -61.4122903434 	 176.023096268 	 0 	 1 	 1 	 0 
266.789		49.1066 	 130.905000547 	 126.610686905 	 1 	 1 	 1 	 1 
263.206		54.5036 	 -204.980807379 	 -175.070040023 	 0 	 0 	 1 	 1 
262.001		60 	 -316.668117628 	 -170.450600843 	 1 	 1 	 1 	 1 
263.206		65.4964 	 -119.570135663 	 161.406575303 	 1 	 1 	 1 	 0 
266.79		70.8934 	 312.695054384 	 62.8937074738 	 1 	 1 	 1 	 0 
272.656		76.1021 	 247.051542968 	 101.200587835 	 1 	 0 	 1 	 -1 
280.659		81.0517 	 -126.638948133 	 -144.698211287 	 0 	 1 	 1 	 0 
290.619		85.6934 	 -31.5063471388 	 -29.1725651323 	 0 	 0 	 1 	 0 
302.34		90 	 -81.4914321154 	 -133.325875325 	 0 	 0 	 1 	 -1 
290.619		94.3066 	 -389.206299402 	 -41.0581825878 	 0 	 1 	 1 	 0 
280.659		98.9483 	 -238.037399469 	 11.268922328 	 1 	 1 	 1 	 -1 
272.655		103.898 	 -4.47714484385 	 101.016062896 	 0 	 1 	 1 	 -1 
266.79		109.107 	 -11.6915893281 	 -106.70242157 	 0 	 1 	 1 	 1 
263.206		114.504 	 157.092669687 	 -55.922505071 	 0 	 0 	 1 	 0 
262		120 	 -59.1123589925 	 -162.430701227 	 0 	 0 	 1 	 -1 
263.206		125.496 	 72.9288974869 	 -17.9928001 	 0 	 0 	 1 	 0 
266.79		130.893 	 5.95254058494 	 -97.6375960707 	 0 	 0 	 1 	 1 
272.655		136.102 	 -243.633647275 	 -14.5150764238 	 0 	 1 	 1 	 1 
280.659		141.052 	 -309.817603948 	 -97.6345923529 	 0 	 1 	 1 	 -1 
290.619		145.693 	 -131.581461102 	 -78.3914100881 	 0 	 1 	 1 	 -1 
302.34		150 	 16.3142558303 	 -17.909658475 	 0 	 1 	 1 	 -1 
290.619		154.307 	 36.7870699983 	 -61.3605902449 	 0 	 1 	 1 	 -1 
280.659		158.948 	 -77.5922865724 	 86.1547926046 	 0 	 0 	 1 	 0 
272.656		163.898 	 -50.7553555561 	 -125.838791472 	 1 	 0 	 1 	 1 
266.789		169.107 	 -159.307870287 	 158.576516445 	 0 	 1 	 1 	 0 
263.206		174.504 	 -227.310064357 	 38.2750631995 	 1 	 1 	 1 	 -1 
262.001		180 	 -85.0325858183 	 29.0663825488 	 1 	 1 	 1 	 0 
263.206		185.496 	 330.049035858 	 -97.0499567579 	 0 	 1 	 1 	 0 
266.789		190.893 	 8.42196650855 	 -128.09309986 	 0 	 0 	 1 	 1 
272.656		196.102 	 277.713057501 	 125.464722461 	 1 	 1 	 1 	 -1 
280.659		201.052 	 43.6930547454 	 -154.236234796 	 0 	 0 	 1 	 1 
290.619		205.693 	 179.15343538 	 -7.71389639005 	 0 	 0 	 1 	 -1 
302.34		210 	 -30.5951021041 	 -26.0213586135 	 0 	 1 	 1 	 -1 
290.619		214.307 	 -55.0376312108 	 170.266221294 	 0 	 1 	 1 	 1 
280.658		218.948 	 -128.464577835 	 84.6787213667 	 0 	 1 	 1 	 -1 
272.656		223.898 	 -45.0219689363 	 68.9872840047 	 0 	 1 	 1 	 -1 
266.79		229.107 	 -5.1838288388 	 -20.5923553939 	 0 	 1 	 1 	 -1 
263.206		234.504 	 47.7159950027 	 -152.801305134 	 1 	 1 	 1 	 1 
262		240 	 -99.1137369761 	 -50.9147492581 	 0 	 0 	 1 	 1 
263.206		245.496 	 -147.25876788 	 177.151859558 	 0 	 1 	 1 	 -1 
266.789		250.893 	 224.660136552 	 -58.3832057373 	 1 	 0 	 1 	 0 
272.656		256.102 	 -90.6063096866 	 -79.2728453466 	 1 	 1 	 1 	 1 
280.659		261.052 	 322.232561584 	 -146.81945909 	 1 	 0 	 1 	 -1 
290.62		265.693 	 15.6818525304 	 113.153783724 	 1 	 0 	 1 	 -1 
302.34		270 	 68.5318540602 	 -57.7405017574 	 1 	 0 	 1 	 1 
290.62		274.307 	 52.5181880612 	 -40.6408827548 	 0 	 1 	 1 	 1 
280.659		278.948 	 -12.7379730269 	 110.657250898 	 0 	 0 	 1 	 1 
272.656		283.898 	 -233.571141735 	 53.927606979 	 1 	 0 	 1 	 0 
266.789		289.107 	 55.4793885459 	 -74.2041409634 	 1 	 0 	 1 	 1 
263.206		294.504 	 -123.869993913 	 -28.4308235381 	 1 	 1 	 1 	 -1 
262		300 	 -150.330821541 	 -158.22497658 	 0 	 1 	 1 	 0 
263.206		305.496 	 184.409876948 	 17.525635271 	 0 	 0 	 1 	 1 
266.79		310.893 	 -126.089333512 	 -5.859122391 	 0 	 0 	 1 	 0 
272.656		316.102 	 136.467979572 	 -30.9789851609 	 0 	 0 	 1 	 1 
280.659		321.052 	 -167.879446431 	 136.357629197 	 0 	 1 	 1 	 1 
290.619		325.693 	 474.318735091 	 82.125849381 	 0 	 0 	 1 	 -1 
302.34		330 	 -91.0434633908 	 -115.056800056 	 1 	 0 	 1 	 -1 
315.62		333.963 	 64.3653865637 	 -67.1317861929 	 1 	 0 	 1 	 -1 
305.457		338.213 	 232.921021027 	 136.095877032 	 0 	 0 	 1 	 1 
297.071		342.731 	 7.41212266327 	 53.0042352706 	 0 	 1 	 1 	 0 
290.619		347.48 	 -280.672704955 	 177.047375216 	 0 	 0 	 1 	 0 
286.236		352.411 	 -458.595073665 	 65.9422097577 	 1 	 1 	 1 	 1 
284.018		357.457 	 -3.06077546829 	 -0.161686666718 	 1 	 1 	 1 	 0 
284.018		2.54292 	 36.3138023751 	 -30.0429749919 	 0 	 0 	 1 	 0 
286.236		7.58909 	 -52.2452089312 	 -80.403184975 	 0 	 0 	 1 	 -1 
290.619		12.5198 	 16.2699603304 	 103.767729929 	 0 	 0 	 1 	 -1 
297.071		17.2695 	 6.33509017645 	 -15.2125909437 	 0 	 0 	 1 	 0 
305.457		21.7868 	 -198.561636983 	 -42.5098651796 	 0 	 1 	 1 	 0 
315.62		26.0368 	 -297.14397461 	 -169.729945477 	 0 	 1 	 1 	 0 
327.39		30 	 52.9454237146 	 146.719921558 	 1 	 0 	 1 	 0 
305.457		38.2132 	 -99.9566513943 	 -171.664744656 	 1 	 1 	 1 	 1 
297.071		42.7305 	 82.8141524289 	 -94.2195825924 	 0 	 1 	 1 	 1 
290.619		47.4802 	 -47.0869772 	 -61.2699887093 	 1 	 0 	 1 	 -1 
286.236		52.4109 	 12.0067614947 	 -131.61517535 	 1 	 0 	 1 	 -1 
284.018		57.4571 	 -207.737314089 	 71.5671092086 	 0 	 0 	 1 	 -1 
284.018		62.5429 	 249.401829081 	 140.364920022 	 1 	 1 	 1 	 1 
286.236		67.5891 	 -189.722460493 	 99.3498937678 	 0 	 1 	 1 	 1 
290.619		72.5198 	 -177.138263209 	 162.878270511 	 1 	 1 	 1 	 0 
297.071		77.2695 	 117.388407365 	 -37.6202129505 	 0 	 0 	 1 	 -1 
305.457		81.7868 	 -76.4110821121 	 157.526764775 	 0 	 1 	 1 	 -1 
315.62		86.0368 	 -331.057767345 	 128.280062888 	 1 	 0 	 1 	 -1 
327.39		90 	 191.337379678 	 179.666426669 	 0 	 1 	 1 	 -1 
315.62		93.9632 	 -77.8200227721 	 -178.616440214 	 0 	 1 	 1 	 0 
305.457		98.2132 	 -68.7576808053 	 -38.9479304234 	 1 	 0 	 1 	 -1 
297.071		102.731 	 96.5221079535 	 -63.0610282107 	 1 	 1 	 1 	 0 
290.619		107.48 	 -291.18721339 	 7.95385539812 	 1 	 1 	 1 	 1 
286.236		112.411 	 92.2123012211 	 -79.558346391 	 1 	 0 	 1 	 -1 
284.018		117.457 	 212.974417066 	 31.4582408235 	 1 	 0 	 1 	 -1 
284.018		122.543 	 178.711199324 	 -33.8962018467 	 0 	 1 	 1 	 1 
286.236		127.589 	 244.502493253 	 4.78647354438 	 1 	 1 	 1 	 0 
290.62		132.52 	 -109.978807058 	 49.9092122815 	 0 	 1 	 1 	 1 
297.071		137.269 	 -192.132695495 	 -70.2566620749 	 0 	 1 	 1 	 0 
305.457		141.787 	 -45.2936392829 	 -42.3518942979 	 1 	 1 	 1 	 0 
315.62		146.037 	 400.006222717 	 47.9870041321 	 1 	 1 	 1 	 -1 
327.39		150 	 143.643141565 	 -63.1151721101 	 1 	 1 	 1 	 0 
315.619		153.963 	 -155.493947523 	 -166.504279033 	 0 	 0 	 1 	 1 
305.457		158.213 	 245.264764455 	 -56.062880865 	 1 	 1 	 1 	 -1 
297.071		162.731 	 209.350652255 	 133.699865411 	 1 	 0 	 1 	 -1 
290.62		167.48 	 -82.5926251931 	 25.0564923153 	 0 	 1 	 1 	 0 
286.236		172.411 	 -80.6554276066 	 -21.4216313985 	 0 	 1 	 1 	 1 
284.019		177.457 	 195.366087567 	 -51.3938802988 	 1 	 0 	 1 	 -1 
284.019		182.543 	 -264.795218158 	 99.7132059764 	 1 	 0 	 1 	 -1 
286.236		187.589 	 -225.030670615 	 69.4892574935 	 0 	 0 	 1 	 0 
290.62		192.52 	 -237.041244487 	 151.479042096 	 0 	 1 	 1 	 -1 
297.071		197.269 	 -160.647192365 	 -142.910744302 	 1 	 1 	 1 	 0 
305.457		201.787 	 -188.400185948 	 119.778195312 	 0 	 0 	 1 	 0 
315.62		206.037 	 98.7613114398 	 -16.047708019 	 1 	 0 	 1 	 -1 
327.39		210 	 -135.577546248 	 -58.4702407947 	 0 	 0 	 1 	 1 
315.62		213.963 	 -52.6594415905 	 -61.6028031881 	 1 	 0 	 1 	 -1 
305.457		218.213 	 137.881305023 	 111.078273321 	 1 	 1 	 1 	 0 
297.071		222.731 	 -77.5423628754 	 105.190674914 	 0 	 1 	 1 	 0 
290.619		227.48 	 15.1212849878 	 80.6679491777 	 1 	 0 	 1 	 -1 
286.236		232.411 	 23.3786735159 	 -170.488730858 	 0 	 0 	 1 	 1 
284.018		237.457 	 -355.927900644 	 69.7673898623 	 0 	 1 	 1 	 0 
284.019		242.543 	 119.018614215 	 -92.0702003558 	 1 	 0 	 1 	 1 
286.236		247.589 	 -253.396802549 	 -6.61637068365 	 1 	 0 	 1 	 -1 
290.62		252.52 	 -282.771366079 	 174.757815697 	 0 	 1 	 1 	 0 
297.071		257.269 	 201.375375055 	 -178.904116237 	 0 	 1 	 1 	 1 
305.457		261.787 	 221.97201638 	 0.773630941275 	 0 	 0 	 1 	 0 
315.62		266.037 	 3.31494591611 	 55.876538236 	 0 	 0 	 1 	 -1 
327.39		270 	 -119.720049356 	 -55.521039376 	 0 	 0 	 1 	 1 
315.62		273.963 	 40.5222837819 	 -25.0454402656 	 1 	 0 	 1 	 1 
305.457		278.213 	 35.8912434744 	 66.1172967394 	 1 	 0 	 1 	 0 
297.071		282.731 	 1.75686737358 	 -166.571985145 	 0 	 0 	 1 	 0 
290.62		287.48 	 110.102211329 	 97.9079604522 	 1 	 0 	 1 	 -1 
286.236		292.411 	 137.551282644 	 -95.4424999011 	 1 	 0 	 1 	 -1 
284.019		297.457 	 -236.788768295 	 -128.355860516 	 1 	 0 	 1 	 1 
284.018		302.543 	 60.9518766195 	 -169.699906489 	 1 	 1 	 1 	 0 
286.236		307.589 	 100.993003971 	 -37.0393545244 	 1 	 1 	 1 	 -1 
290.619		312.52 	 -359.459299041 	 61.1241603793 	 1 	 0 	 1 	 -1 
297.071		317.269 	 -126.883020751 	 161.271407884 	 1 	 1 	 1 	 0 
305.457		321.787 	 -329.406284976 	 45.0076306777 	 1 	 0 	 1 	 1 
327.39		330 	 39.1525381729 	 169.65545834 	 1 	 0 	 1 	 0 
340.597		333.67 	 -216.88693881 	 -99.8849752179 	 0 	 0 	 1 	 0 
330.266		337.589 	 -42.5536478881 	 121.668653525 	 1 	 0 	 1 	 0 
321.56		341.742 	 -47.6738244837 	 177.814924304 	 0 	 0 	 1 	 0 
314.619		346.102 	 -122.085695042 	 -178.740455796 	 0 	 1 	 1 	 1 
309.563		350.633 	 75.3656877727 	 -146.927803451 	 1 	 1 	 1 	 0 
306.489		355.285 	 -270.38879476 	 170.71019258 	 1 	 1 	 1 	 1 
305.457		0 	 -153.795589955 	 -32.3741954904 	 1 	 0 	 1 	 -1 
306.489		4.715 	 -140.443384581 	 129.171218822 	 1 	 1 	 1 	 0 
309.563		9.367 	 1.28006578135 	 142.018689421 	 0 	 1 	 1 	 1 
314.619		13.8979 	 24.6350022758 	 142.816456248 	 1 	 1 	 1 	 0 
321.56		18.2585 	 -194.294065451 	 71.1458737839 	 0 	 1 	 1 	 1 
330.266		22.4109 	 126.446168488 	 -174.915905029 	 1 	 0 	 1 	 -1 
340.597		26.3295 	 72.9560980958 	 -148.72749557 	 1 	 0 	 1 	 1 
352.406		30 	 -162.876906503 	 -112.748766144 	 1 	 1 	 1 	 1 
340.597		33.6705 	 185.472750407 	 126.546572363 	 0 	 1 	 1 	 1 
330.266		37.5891 	 36.7213480495 	 38.0167700236 	 0 	 1 	 1 	 0 
321.56		41.7415 	 -32.75352169 	 57.0712378443 	 0 	 0 	 1 	 1 
314.619		46.1021 	 66.8227530403 	 110.699692369 	 0 	 0 	 1 	 -1 
309.563		50.633 	 -217.641522542 	 -173.21763272 	 0 	 1 	 1 	 0 
306.489		55.285 	 88.6876482781 	 133.509798949 	 1 	 0 	 1 	 0 
305.457		60 	 -55.2366140619 	 24.2344121817 	 0 	 1 	 1 	 -1 
306.489		64.715 	 -34.3402728873 	 144.901264605 	 0 	 0 	 1 	 0 
309.563		69.367 	 -3.47448876864 	 -14.0575942743 	 1 	 1 	 1 	 1 
314.619		73.8979 	 251.257862494 	 -46.9920574199 	 0 	 0 	 1 	 -1 
321.56		78.2585 	 67.0819551688 	 62.1669833241 	 0 	 0 	 1 	 1 
330.266		82.4109 	 -110.556990753 	 -46.5952430016 	 0 	 0 	 1 	 1 
340.597		86.3295 	 113.90556321 	 -95.1130835039 	 0 	 1 	 1 	 0 
352.406		90 	 -143.552111956 	 -97.7882376081 	 0 	 1 	 1 	 -1 
340.597		93.6705 	 38.9072124484 	 62.8018813288 	 0 	 0 	 1 	 -1 
330.266		97.5891 	 -37.1475281863 	 121.317267143 	 1 	 1 	 1 	 -1 
321.56		101.742 	 -19.428444975 	 -111.228899894 	 1 	 1 	 1 	 0 
314.619		106.102 	 9.14405642085 	 -78.8785088049 	 0 	 1 	 1 	 0 
309.563		110.633 	 306.705655233 	 49.9874195328 	 1 	 0 	 1 	 0 
306.489		115.285 	 38.2909693868 	 31.8240603548 	 0 	 0 	 1 	 0 
305.457		120 	 -7.52432252948 	 40.5818183962 	 0 	 1 	 1 	 -1 
306.489		124.715 	 55.5825381144 	 109.244474232 	 1 	 0 	 1 	 -1 
309.563		129.367 	 -6.28519847745 	 -125.951840415 	 1 	 1 	 1 	 1 
314.619		133.898 	 234.422816976 	 -67.9525159324 	 1 	 1 	 1 	 1 
321.56		138.258 	 265.116920504 	 -54.1901581922 	 0 	 1 	 1 	 0 
330.266		142.411 	 -64.1641388478 	 161.485881843 	 0 	 1 	 1 	 -1 
340.597		146.329 	 -171.215839178 	 -170.13418754 	 1 	 1 	 1 	 1 
352.406		150 	 95.1250430433 	 -53.6366134499 	 0 	 1 	 1 	 -1 
340.597		153.671 	 120.386276944 	 119.977618057 	 0 	 0 	 1 	 0 
330.266		157.589 	 118.128042214 	 -75.1297167057 	 1 	 1 	 1 	 0 
321.561		161.742 	 306.801993502 	 -49.0027277655 	 1 	 0 	 1 	 -1 
314.618		166.102 	 -158.942606653 	 -135.714645877 	 1 	 0 	 1 	 -1 
309.563		170.633 	 101.427379746 	 162.973475633 	 0 	 1 	 1 	 0 
306.488		175.285 	 230.635690358 	 -47.0411406111 	 1 	 1 	 1 	 -1 
305.457		180 	 -194.304954943 	 150.861979201 	 0 	 0 	 1 	 1 
306.488		184.715 	 -284.711834646 	 -19.1688533868 	 1 	 0 	 1 	 1 
309.563		189.367 	 -64.8789965068 	 -84.970421292 	 1 	 0 	 1 	 1 
314.618		193.898 	 143.532034898 	 -7.79703346641 	 0 	 1 	 1 	 -1 
321.561		198.258 	 -337.815991246 	 -114.133093721 	 0 	 1 	 1 	 -1 
330.266		202.411 	 21.9455521014 	 148.34116497 	 1 	 1 	 1 	 -1 
340.597		206.329 	 27.7638109375 	 -21.0834238949 	 0 	 0 	 1 	 -1 
352.406		210 	 -185.871198581 	 97.6105448473 	 0 	 0 	 1 	 0 
330.266		217.589 	 265.643927772 	 -68.8240199425 	 0 	 0 	 1 	 0 
321.56		221.742 	 -59.0049358475 	 179.927800123 	 1 	 1 	 1 	 1 
314.619		226.102 	 93.7843959023 	 -118.217791622 	 0 	 0 	 1 	 0 
309.563		230.633 	 -44.0968038202 	 -87.7232507703 	 1 	 0 	 1 	 1 
306.489		235.285 	 136.944408329 	 89.1915633117 	 1 	 0 	 1 	 0 
305.456		240 	 -101.984307784 	 135.847573292 	 1 	 0 	 1 	 -1 
306.488		244.715 	 -36.7782745485 	 -57.3933435578 	 0 	 1 	 1 	 -1 
309.563		249.367 	 -195.94312726 	 10.8749607003 	 0 	 0 	 1 	 1 
314.619		253.898 	 90.8952495192 	 130.293697744 	 1 	 1 	 1 	 -1 
321.56		258.258 	 111.618345384 	 -55.2631446708 	 0 	 0 	 1 	 1 
330.266		262.411 	 213.436752204 	 69.7461190667 	 1 	 0 	 1 	 1 
340.597		266.33 	 -88.2340844924 	 28.275184061 	 1 	 1 	 1 	 0 
340.597		273.671 	 -64.7009073463 	 -106.770222203 	 0 	 0 	 1 	 1 
330.266		277.589 	 -448.013303223 	 98.7294067526 	 0 	 0 	 1 	 -1 
321.56		281.742 	 -2.00934900756 	 57.7853635283 	 0 	 1 	 1 	 -1 
314.619		286.102 	 106.920454706 	 -105.187148555 	 0 	 1 	 1 	 0 
309.563		290.633 	 -180.40547588 	 31.5437341136 	 1 	 1 	 1 	 -1 
306.488		295.285 	 -77.0265466424 	 40.7582361944 	 1 	 0 	 1 	 1 
305.457		300 	 -46.8436338662 	 -162.79653098 	 1 	 0 	 1 	 0 
306.489		304.715 	 193.114152614 	 -77.3638558402 	 1 	 0 	 1 	 1 
309.563		309.367 	 234.268576975 	 103.52411199 	 1 	 1 	 1 	 -1 
314.619		313.898 	 366.317741451 	 174.021563478 	 0 	 0 	 1 	 1 
321.56		318.258 	 -24.8812571731 	 -133.684557353 	 1 	 0 	 1 	 0 
330.266		322.411 	 -260.881734808 	 -78.4598995636 	 0 	 0 	 1 	 1 
340.597		326.33 	 -37.6729674003 	 158.191721423 	 0 	 1 	 1 	 1 
352.406		330 	 139.091832452 	 101.340388967 	 0 	 1 	 1 	 1 
365.546		333.418 	 -115.966752848 	 81.6084120234 	 1 	 1 	 1 	 -1 
355.074		337.053 	 -59.6720391974 	 -75.6732760981 	 1 	 0 	 1 	 0 
346.099		340.893 	 -76.3142231738 	 3.98059595837 	 0 	 1 	 1 	 1 
338.742		344.921 	 -44.834756454 	 -84.6548374382 	 1 	 0 	 1 	 1 
333.116		349.107 	 4.40729592186 	 3.93033330892 	 1 	 0 	 1 	 -1 
329.31		353.413 	 -162.980832683 	 127.538717342 	 0 	 1 	 1 	 0 
327.39		357.796 	 -118.365169091 	 132.037331748 	 0 	 1 	 1 	 1 
327.39		2.20423 	 99.280946067 	 40.6557280241 	 1 	 1 	 1 	 1 
329.31		6.58678 	 -41.8979865874 	 90.645696009 	 0 	 0 	 1 	 0 
333.116		10.8934 	 -47.4468785683 	 -86.4253252875 	 1 	 1 	 1 	 1 
338.742		15.0791 	 100.898599283 	 146.183452383 	 1 	 1 	 1 	 1 
346.099		19.1066 	 -11.1114361006 	 -162.149234585 	 0 	 0 	 1 	 -1 
355.074		22.9473 	 31.3639804478 	 81.1685611689 	 0 	 0 	 1 	 -1 
365.546		26.582 	 -162.406424846 	 -140.251207254 	 1 	 1 	 1 	 -1 
377.385		30 	 -4.5865472971 	 -59.9863673684 	 0 	 0 	 1 	 1 
365.546		33.418 	 -220.807400181 	 -123.10197335 	 0 	 0 	 1 	 0 
355.074		37.0527 	 -60.2705370783 	 64.9132681407 	 1 	 1 	 1 	 1 
346.099		40.8934 	 -6.54212045536 	 20.4829829081 	 0 	 1 	 1 	 0 
338.743		44.9209 	 122.636280297 	 61.9134716867 	 1 	 0 	 1 	 -1 
333.116		49.1066 	 -176.477764366 	 101.123520502 	 0 	 1 	 1 	 0 
329.31		53.4132 	 -7.0536875216 	 -46.0263065786 	 0 	 1 	 1 	 -1 
327.39		57.7958 	 -287.938633416 	 78.4139843696 	 1 	 1 	 1 	 -1 
327.39		62.2042 	 23.0733024908 	 102.743909506 	 0 	 0 	 1 	 -1 
329.31		66.5868 	 69.8879202649 	 -70.569568829 	 1 	 1 	 1 	 0 
333.116		70.8934 	 264.029850838 	 -141.285569408 	 0 	 0 	 1 	 -1 
338.742		75.0791 	 -16.2238830327 	 -9.65013420311 	 0 	 0 	 1 	 0 
346.099		79.1066 	 -117.239843839 	 144.241099559 	 0 	 1 	 1 	 0 
355.074		82.9473 	 143.580068203 	 147.229834817 	 0 	 0 	 1 	 -1 
