25.2587		30 	 145.01679147 	 255.52244148 	 0 	 1 	 1 	 0 
25.2587		90 	 126.516377906 	 275.780720834 	 0 	 1 	 1 	 1 
25.2587		150 	 142.080777132 	 257.235800799 	 0 	 1 	 1 	 0 
25.2587		210 	 156.965539728 	 255.875702839 	 0 	 1 	 1 	 1 
25.2587		270 	 148.833627835 	 281.450080347 	 1 	 0 	 1 	 0 
43.7478		0 	 141.138391083 	 267.385771654 	 1 	 0 	 1 	 0 
50.5147		30 	 101.367511383 	 265.402130126 	 1 	 1 	 1 	 0 
43.7478		60 	 173.887076368 	 255.404249139 	 0 	 1 	 1 	 -1 
50.5147		90 	 152.54290675 	 275.606702858 	 1 	 0 	 1 	 0 
43.7478		120 	 109.040821779 	 266.755666871 	 1 	 0 	 1 	 -1 
50.5147		150 	 142.883406757 	 244.715783637 	 1 	 0 	 1 	 1 
43.7478		180 	 158.6075886 	 269.360262033 	 0 	 0 	 1 	 -1 
50.5147		210 	 130.771942406 	 263.098318747 	 1 	 1 	 1 	 -1 
43.7478		240 	 174.385497903 	 265.001734349 	 1 	 0 	 1 	 1 
43.7478		300 	 129.200989811 	 250.800004144 	 1 	 0 	 1 	 1 
50.5148		330 	 153.140542165 	 254.776834461 	 0 	 1 	 1 	 1 
66.8212		349.107 	 146.792495989 	 269.411057549 	 0 	 1 	 1 	 1 
66.8212		10.8934 	 153.407763856 	 247.86965297 	 0 	 1 	 1 	 0 
75.7654		30 	 187.125147488 	 270.406301626 	 1 	 0 	 1 	 0 
66.8212		49.1066 	 159.22199326 	 265.379518362 	 1 	 0 	 1 	 1 
66.8212		70.8934 	 156.717040221 	 278.32634011 	 1 	 1 	 1 	 1 
75.7654		90 	 142.687074791 	 262.14782615 	 1 	 1 	 1 	 0 
66.8212		109.107 	 121.377055046 	 265.943588561 	 0 	 0 	 1 	 1 
66.8212		130.893 	 167.090118837 	 270.30929006 	 1 	 1 	 1 	 0 
75.7654		150 	 151.325353571 	 265.635178959 	 0 	 1 	 1 	 -1 
66.8212		169.107 	 164.073689907 	 262.177213331 	 1 	 0 	 1 	 1 
66.8212		190.893 	 189.039789133 	 269.456770641 	 0 	 1 	 1 	 -1 
66.8212		229.107 	 185.702118304 	 271.787646888 	 1 	 0 	 1 	 0 
66.8212		250.893 	 145.220722405 	 262.304478185 	 1 	 0 	 1 	 1 
75.7654		270 	 122.437176751 	 271.654503916 	 1 	 1 	 1 	 -1 
66.8212		289.107 	 181.692931097 	 256.060083321 	 0 	 1 	 1 	 -1 
66.8212		310.893 	 144.067535424 	 272.35130353 	 0 	 0 	 1 	 1 
75.7654		330 	 132.444394892 	 258.950432257 	 1 	 0 	 1 	 1 
91.0523		343.898 	 143.362011866 	 260.455671523 	 0 	 1 	 1 	 1 
87.4818		0 	 144.160015693 	 262.409657167 	 0 	 1 	 1 	 1 
91.0523		16.1021 	 144.310399642 	 258.55656341 	 1 	 0 	 1 	 -1 
101.008		30 	 140.412089855 	 262.603968804 	 1 	 1 	 1 	 -1 
91.0523		43.8979 	 146.98883611 	 259.145942754 	 1 	 0 	 1 	 0 
87.4818		60 	 159.191235015 	 259.444244187 	 1 	 0 	 1 	 -1 
91.0523		76.1021 	 156.163619028 	 273.352237455 	 0 	 1 	 1 	 -1 
91.0523		103.898 	 169.789542404 	 266.08508414 	 0 	 1 	 1 	 0 
87.4818		120 	 184.185962044 	 262.480911515 	 1 	 1 	 1 	 1 
91.0523		136.102 	 126.661939282 	 273.344416385 	 0 	 0 	 1 	 0 
91.0523		163.898 	 123.357841947 	 269.181371167 	 0 	 0 	 1 	 0 
87.4818		180 	 124.899346008 	 258.77673991 	 1 	 0 	 1 	 -1 
91.0523		196.102 	 136.491148001 	 270.264697153 	 1 	 0 	 1 	 0 
101.008		210 	 127.067827616 	 276.425826827 	 1 	 0 	 1 	 -1 
91.0523		223.898 	 146.865923335 	 280.342678519 	 1 	 1 	 1 	 0 
87.4818		240 	 172.431224075 	 269.845549658 	 0 	 1 	 1 	 0 
91.0523		256.102 	 132.023204215 	 268.195993666 	 1 	 0 	 1 	 0 
101.008		270 	 172.742518755 	 272.840452632 	 1 	 0 	 1 	 1 
91.0523		283.898 	 146.912195885 	 273.032529156 	 0 	 1 	 1 	 -1 
87.4817		300 	 143.929845852 	 254.450361717 	 0 	 1 	 1 	 0 
91.0523		316.102 	 180.935489564 	 266.170528077 	 0 	 0 	 1 	 0 
101.008		330 	 146.975010845 	 265.353122932 	 0 	 1 	 1 	 0 
115.709		340.893 	 155.756145269 	 268.84633782 	 0 	 0 	 1 	 -1 
110.065		353.413 	 138.693078245 	 273.624229483 	 0 	 1 	 1 	 0 
110.065		6.58677 	 161.182109327 	 253.740020265 	 1 	 0 	 1 	 1 
115.709		19.1066 	 150.14401416 	 262.176215277 	 1 	 1 	 1 	 1 
126.24		30 	 157.968758496 	 262.049860988 	 0 	 1 	 1 	 -1 
115.709		40.8934 	 144.576153993 	 262.024032655 	 0 	 1 	 1 	 1 
110.065		53.4132 	 151.246490322 	 262.11639952 	 0 	 0 	 1 	 -1 
110.065		66.5868 	 144.976586246 	 262.189238708 	 1 	 1 	 1 	 -1 
115.709		79.1066 	 138.200906318 	 258.382800762 	 1 	 1 	 1 	 0 
126.24		90 	 147.502596569 	 263.385570481 	 1 	 1 	 1 	 0 
115.709		100.893 	 173.044344948 	 251.337571473 	 1 	 0 	 1 	 0 
110.065		113.413 	 152.479874701 	 275.933932252 	 1 	 1 	 1 	 0 
110.065		126.587 	 118.324006391 	 259.194043715 	 1 	 0 	 1 	 1 
115.709		139.107 	 137.025297426 	 263.349299182 	 1 	 0 	 1 	 0 
126.24		150 	 171.276550771 	 270.139721576 	 0 	 0 	 1 	 1 
115.709		160.893 	 157.381014443 	 265.729078378 	 1 	 0 	 1 	 -1 
110.066		173.413 	 109.943474393 	 262.042156745 	 0 	 0 	 1 	 1 
110.066		186.587 	 123.678733936 	 273.871844898 	 0 	 0 	 1 	 1 
115.709		199.107 	 148.949476321 	 262.832719915 	 0 	 0 	 1 	 0 
126.24		210 	 157.596805004 	 254.461867811 	 1 	 0 	 1 	 0 
115.709		220.893 	 145.080053799 	 261.744911722 	 0 	 0 	 1 	 1 
110.065		233.413 	 192.444035747 	 262.503824999 	 0 	 1 	 1 	 1 
110.065		246.587 	 155.415418804 	 263.708533564 	 1 	 0 	 1 	 -1 
115.709		259.107 	 112.27971278 	 262.390678777 	 1 	 0 	 1 	 1 
126.24		270 	 177.384891644 	 256.621847021 	 0 	 0 	 1 	 -1 
115.709		280.893 	 143.70088031 	 264.551791809 	 1 	 1 	 1 	 1 
110.065		293.413 	 136.457672465 	 259.410353291 	 1 	 1 	 1 	 -1 
110.065		306.587 	 168.072621326 	 276.241453823 	 1 	 1 	 1 	 0 
115.709		319.107 	 130.010457826 	 251.116921837 	 1 	 1 	 1 	 1 
126.24		330 	 157.901651061 	 264.708062898 	 0 	 0 	 1 	 -1 
140.56		338.948 	 167.967669694 	 277.482404437 	 1 	 1 	 1 	 0 
133.593		349.107 	 134.435984106 	 258.43226131 	 0 	 0 	 1 	 0 
131.188		0 	 143.142771734 	 267.190827528 	 1 	 1 	 1 	 -1 
133.593		10.8934 	 177.615842517 	 265.460644024 	 1 	 0 	 1 	 -1 
140.56		21.0517 	 158.558853631 	 257.090946392 	 1 	 0 	 1 	 1 
151.459		30 	 151.916538857 	 253.758734145 	 0 	 0 	 1 	 0 
140.56		38.9483 	 158.812697719 	 252.169697914 	 0 	 1 	 1 	 1 
133.593		49.1066 	 142.352426077 	 262.700487628 	 0 	 0 	 1 	 0 
131.188		60 	 150.632813799 	 243.024200109 	 0 	 0 	 1 	 0 
133.593		70.8934 	 144.876953627 	 265.465853338 	 1 	 1 	 1 	 1 
140.56		81.0517 	 141.321075196 	 265.126425708 	 0 	 1 	 1 	 1 
151.459		90 	 130.932919935 	 263.764467733 	 0 	 0 	 1 	 0 
140.56		98.9483 	 134.857472756 	 260.518106988 	 1 	 1 	 1 	 0 
133.593		109.107 	 147.591868872 	 261.318917606 	 0 	 0 	 1 	 0 
131.188		120 	 137.366117661 	 274.726621307 	 0 	 0 	 1 	 1 
133.593		130.893 	 161.778248512 	 272.600544871 	 0 	 1 	 1 	 0 
140.56		141.052 	 123.779931941 	 257.909695527 	 1 	 1 	 1 	 0 
151.459		150 	 180.938236024 	 257.751618486 	 0 	 1 	 1 	 0 
140.56		158.948 	 141.897324302 	 259.875120858 	 1 	 0 	 1 	 1 
133.593		169.107 	 143.963504452 	 261.171310632 	 0 	 1 	 1 	 0 
131.188		180 	 144.884064129 	 262.01870809 	 1 	 0 	 1 	 0 
133.593		190.893 	 142.323692023 	 262.096369604 	 0 	 0 	 1 	 -1 
140.56		201.052 	 190.949421967 	 268.009467309 	 0 	 1 	 1 	 -1 
151.459		210 	 107.580658084 	 252.086505782 	 1 	 0 	 1 	 1 
140.56		218.948 	 153.907429559 	 263.566605591 	 1 	 0 	 1 	 0 
133.593		229.107 	 124.455207342 	 253.34021886 	 1 	 0 	 1 	 1 
131.188		240 	 151.108747717 	 261.455955181 	 1 	 0 	 1 	 -1 
133.592		250.893 	 159.093445222 	 272.571955996 	 0 	 0 	 1 	 -1 
140.56		261.052 	 135.173254477 	 260.022228813 	 0 	 1 	 1 	 0 
151.459		270 	 112.98885262 	 267.830043489 	 1 	 0 	 1 	 0 
140.56		278.948 	 155.512139815 	 263.13670887 	 0 	 0 	 1 	 -1 
133.592		289.107 	 152.19387014 	 274.359401475 	 0 	 1 	 1 	 1 
131.188		300 	 128.938661187 	 257.640087725 	 0 	 0 	 1 	 0 
133.593		310.893 	 155.694359738 	 263.089801022 	 0 	 1 	 1 	 -1 
140.56		321.052 	 164.244535822 	 262.033852101 	 0 	 1 	 1 	 -1 
151.459		330 	 158.720308508 	 269.555933963 	 1 	 1 	 1 	 0 
165.51		337.589 	 149.200082964 	 263.55209994 	 1 	 1 	 1 	 -1 
157.635		346.102 	 146.191048865 	 276.79153023 	 0 	 1 	 1 	 -1 
153.545		355.285 	 175.043415147 	 250.286215053 	 1 	 0 	 1 	 -1 
153.545		4.715 	 144.615727345 	 270.910498097 	 1 	 0 	 1 	 -1 
157.635		13.8979 	 145.071736139 	 262.416799182 	 1 	 0 	 1 	 1 
165.51		22.4109 	 112.837649634 	 266.234139816 	 0 	 1 	 1 	 0 
176.661		30 	 120.227205389 	 245.756825241 	 0 	 1 	 1 	 0 
165.51		37.5891 	 119.277608881 	 277.747362059 	 1 	 0 	 1 	 -1 
157.635		46.1021 	 146.377967486 	 261.508848239 	 1 	 1 	 1 	 -1 
153.545		55.285 	 131.154071041 	 250.351459504 	 1 	 1 	 1 	 -1 
153.545		64.715 	 151.273816012 	 254.765466152 	 1 	 0 	 1 	 1 
157.635		73.8979 	 122.588349831 	 243.26051774 	 0 	 1 	 1 	 0 
165.51		82.4109 	 143.527751761 	 261.716492422 	 0 	 1 	 1 	 0 
176.661		90 	 148.556116258 	 271.462034151 	 0 	 1 	 1 	 1 
165.51		97.5891 	 157.300556533 	 261.922197926 	 0 	 1 	 1 	 0 
157.635		106.102 	 138.317327947 	 262.438322791 	 0 	 1 	 1 	 1 
153.545		115.285 	 140.371973645 	 278.773506456 	 1 	 1 	 1 	 0 
153.545		124.715 	 121.534101979 	 264.575312758 	 0 	 0 	 1 	 0 
157.635		133.898 	 104.113238648 	 263.60693392 	 0 	 1 	 1 	 1 
165.51		142.411 	 144.582777037 	 264.850160069 	 1 	 0 	 1 	 0 
176.661		150 	 137.9958609 	 259.864353918 	 0 	 1 	 1 	 -1 
165.509		157.589 	 123.698088197 	 243.095190033 	 1 	 0 	 1 	 -1 
157.635		166.102 	 126.497122664 	 264.849422428 	 1 	 1 	 1 	 1 
153.546		175.285 	 127.341292066 	 260.7722507 	 0 	 0 	 1 	 -1 
153.546		184.715 	 171.758114548 	 271.739224363 	 0 	 1 	 1 	 1 
157.635		193.898 	 151.621100271 	 262.16253353 	 0 	 0 	 1 	 1 
165.509		202.411 	 142.785578215 	 242.426398073 	 0 	 0 	 1 	 1 
165.51		217.589 	 144.768309979 	 268.630563829 	 1 	 0 	 1 	 -1 
157.635		226.102 	 147.600061632 	 261.435626106 	 0 	 1 	 1 	 1 
153.545		235.285 	 147.377328372 	 265.707516554 	 0 	 0 	 1 	 -1 
153.545		244.715 	 115.045526413 	 261.523628401 	 0 	 0 	 1 	 -1 
157.635		253.898 	 116.528901772 	 253.135809268 	 1 	 0 	 1 	 -1 
165.51		262.411 	 172.205627329 	 264.895903645 	 1 	 0 	 1 	 0 
176.661		270 	 151.524084902 	 258.622227778 	 0 	 0 	 1 	 1 
165.51		277.589 	 134.188543735 	 263.027863754 	 0 	 0 	 1 	 -1 
157.635		286.102 	 136.338489737 	 270.968157806 	 0 	 1 	 1 	 1 
153.545		295.285 	 150.693542578 	 270.860957632 	 1 	 1 	 1 	 -1 
153.545		304.715 	 126.698077933 	 266.285099874 	 0 	 1 	 1 	 1 
157.635		313.898 	 152.269989334 	 261.787844433 	 0 	 0 	 1 	 0 
165.51		322.411 	 145.846117169 	 267.007605815 	 1 	 0 	 1 	 0 
176.661		330 	 146.458908937 	 264.89643791 	 1 	 0 	 1 	 -1 
190.511		336.587 	 135.077301278 	 260.283912496 	 1 	 1 	 1 	 -1 
181.979		343.898 	 143.29776869 	 262.442127128 	 0 	 0 	 1 	 1 
176.661		351.787 	 105.633173489 	 266.05848017 	 1 	 1 	 1 	 -1 
174.852		0 	 148.627682196 	 280.051645271 	 0 	 0 	 1 	 -1 
176.661		8.21321 	 130.920804873 	 249.274058199 	 0 	 1 	 1 	 -1 
181.979		16.1021 	 144.782921725 	 254.313104547 	 0 	 0 	 1 	 0 
190.511		23.4132 	 135.040408706 	 259.081222205 	 0 	 0 	 1 	 0 
201.845		30 	 140.921303625 	 253.133366405 	 1 	 0 	 1 	 0 
181.979		43.8979 	 184.12612711 	 268.128848282 	 1 	 1 	 1 	 1 
176.661		51.7868 	 103.130996896 	 271.250848614 	 0 	 1 	 1 	 -1 
174.852		60 	 144.720431818 	 263.421125241 	 0 	 0 	 1 	 1 
176.661		68.2132 	 102.048194842 	 249.750949982 	 1 	 1 	 1 	 0 
181.979		76.1021 	 145.086414136 	 263.213544868 	 1 	 1 	 1 	 -1 
190.511		83.4132 	 163.45513356 	 263.573547911 	 1 	 0 	 1 	 -1 
201.845		90 	 145.962887175 	 262.426696596 	 1 	 0 	 1 	 0 
190.511		96.5868 	 142.494239223 	 266.124587738 	 1 	 0 	 1 	 -1 
181.979		103.898 	 136.41273574 	 270.292696127 	 0 	 1 	 1 	 0 
176.661		111.787 	 142.077975098 	 271.116792658 	 0 	 1 	 1 	 -1 
174.852		120 	 189.739985689 	 262.65828012 	 0 	 1 	 1 	 0 
176.661		128.213 	 147.647562636 	 276.84519222 	 0 	 0 	 1 	 -1 
181.979		136.102 	 155.951490008 	 263.6456508 	 1 	 1 	 1 	 -1 
190.51		143.413 	 132.964558306 	 245.355206874 	 0 	 1 	 1 	 -1 
201.845		150 	 147.800162178 	 256.374647954 	 0 	 1 	 1 	 -1 
190.511		156.587 	 150.310363322 	 275.055246445 	 1 	 1 	 1 	 0 
181.979		163.898 	 118.923051747 	 273.456582382 	 1 	 0 	 1 	 -1 
176.661		171.787 	 168.84458382 	 251.505405811 	 0 	 1 	 1 	 -1 
174.852		180 	 138.801090334 	 264.900272269 	 1 	 1 	 1 	 0 
176.661		188.213 	 148.521945391 	 261.880658385 	 0 	 0 	 1 	 -1 
181.979		196.102 	 129.373024064 	 276.637828991 	 0 	 0 	 1 	 -1 
190.511		203.413 	 145.873000859 	 261.23345135 	 0 	 0 	 1 	 1 
201.845		210 	 131.857821264 	 262.954805637 	 0 	 1 	 1 	 -1 
190.51		216.587 	 125.466865276 	 271.493007743 	 0 	 1 	 1 	 1 
181.979		223.898 	 122.399733402 	 254.69434347 	 1 	 0 	 1 	 -1 
176.661		231.787 	 141.720190618 	 266.681425483 	 0 	 1 	 1 	 1 
174.853		240 	 166.729085762 	 247.822551699 	 1 	 1 	 1 	 -1 
176.662		248.213 	 136.468392338 	 262.505291371 	 1 	 1 	 1 	 0 
181.979		256.102 	 150.098047654 	 280.450611392 	 0 	 0 	 1 	 -1 
190.511		263.413 	 181.449403027 	 273.98064439 	 0 	 1 	 1 	 -1 
190.511		276.587 	 142.008880531 	 270.086483035 	 0 	 1 	 1 	 0 
181.979		283.898 	 123.084741415 	 281.423914599 	 1 	 1 	 1 	 -1 
176.662		291.787 	 149.654233761 	 266.663291504 	 1 	 1 	 1 	 0 
174.853		300 	 134.110643132 	 257.468408789 	 0 	 0 	 1 	 0 
176.661		308.213 	 167.06906816 	 260.728142024 	 1 	 1 	 1 	 1 
181.979		316.102 	 137.116442859 	 252.258749856 	 0 	 0 	 1 	 -1 
190.511		323.413 	 155.023657909 	 275.702915921 	 1 	 0 	 1 	 -1 
201.845		330 	 145.525688986 	 265.104895768 	 0 	 0 	 1 	 -1 
215.536		335.818 	 168.376054704 	 274.13032575 	 1 	 0 	 1 	 -1 
206.511		342.216 	 148.794094341 	 263.189991392 	 0 	 1 	 1 	 0 
200.265		349.107 	 107.709207809 	 264.18638316 	 1 	 0 	 1 	 0 
197.068		356.329 	 140.510399808 	 266.853647909 	 0 	 0 	 1 	 -1 
197.068		3.6705 	 135.275150966 	 262.158224083 	 1 	 0 	 1 	 1 
200.265		10.8934 	 127.386702591 	 259.340387191 	 0 	 0 	 1 	 0 
206.511		17.7836 	 152.953748105 	 259.043434691 	 0 	 1 	 1 	 1 
215.536		24.1825 	 169.687336698 	 253.262652854 	 1 	 0 	 1 	 0 
227.007		30 	 141.446645694 	 271.415123716 	 0 	 1 	 1 	 -1 
215.536		35.8175 	 142.580472637 	 267.759536673 	 0 	 0 	 1 	 -1 
206.511		42.2164 	 128.691532135 	 257.154229762 	 0 	 0 	 1 	 -1 
200.265		49.1066 	 165.128545931 	 276.723335891 	 1 	 1 	 1 	 0 
197.068		56.3295 	 178.949636194 	 252.55681572 	 0 	 0 	 1 	 -1 
197.068		63.6705 	 145.405907447 	 261.829818128 	 1 	 1 	 1 	 0 
200.265		70.8934 	 138.24827248 	 253.235968552 	 0 	 1 	 1 	 -1 
206.511		77.7836 	 148.471316377 	 277.442208744 	 1 	 0 	 1 	 1 
215.536		84.1825 	 145.958786239 	 262.44630734 	 1 	 0 	 1 	 0 
227.007		90 	 166.180583039 	 256.878492325 	 0 	 0 	 1 	 -1 
215.536		95.8175 	 119.924043303 	 276.819171744 	 1 	 1 	 1 	 1 
206.511		102.216 	 150.962779601 	 260.77375977 	 0 	 1 	 1 	 -1 
200.265		109.107 	 105.23234123 	 248.470704146 	 1 	 1 	 1 	 1 
197.068		116.33 	 156.051834046 	 257.701000032 	 1 	 0 	 1 	 1 
197.068		123.671 	 101.299821007 	 272.472364463 	 0 	 0 	 1 	 -1 
200.265		130.893 	 168.930158299 	 251.124800793 	 1 	 0 	 1 	 0 
206.51		137.784 	 134.070947077 	 262.494296209 	 0 	 1 	 1 	 -1 
215.536		144.182 	 153.670212394 	 268.040137016 	 1 	 1 	 1 	 0 
227.007		150 	 183.306059008 	 257.782487458 	 1 	 1 	 1 	 1 
215.536		155.818 	 141.671491446 	 250.18247019 	 1 	 1 	 1 	 1 
206.511		162.216 	 169.827291627 	 264.725730806 	 1 	 1 	 1 	 -1 
200.266		169.107 	 149.505131013 	 262.361496671 	 1 	 0 	 1 	 1 
197.068		176.33 	 176.714490262 	 256.693087826 	 0 	 1 	 1 	 -1 
197.068		183.671 	 132.86201725 	 254.551431379 	 0 	 0 	 1 	 -1 
200.266		190.893 	 178.075901307 	 254.205262264 	 1 	 1 	 1 	 1 
206.511		197.784 	 160.579688558 	 249.135147525 	 0 	 1 	 1 	 0 
215.536		204.182 	 138.857876841 	 268.672027688 	 0 	 1 	 1 	 1 
227.007		210 	 145.99380517 	 262.301910819 	 0 	 0 	 1 	 1 
215.536		215.818 	 156.213627625 	 276.47169826 	 0 	 0 	 1 	 -1 
206.51		222.216 	 144.368067991 	 261.648883563 	 1 	 0 	 1 	 -1 
200.265		229.107 	 163.350419257 	 252.929672126 	 0 	 1 	 1 	 0 
197.068		236.329 	 135.274407398 	 259.252679493 	 1 	 0 	 1 	 -1 
197.068		243.671 	 123.601749169 	 275.430198183 	 1 	 1 	 1 	 1 
200.265		250.893 	 146.418656363 	 252.745887434 	 0 	 0 	 1 	 1 
206.51		257.784 	 127.595540727 	 264.470830848 	 1 	 0 	 1 	 0 
215.536		264.182 	 127.772646813 	 272.465184299 	 0 	 0 	 1 	 -1 
227.007		270 	 123.426566902 	 248.656823344 	 1 	 0 	 1 	 1 
215.536		275.818 	 154.039054432 	 255.461831794 	 0 	 1 	 1 	 0 
206.51		282.216 	 147.525276213 	 264.348441104 	 0 	 1 	 1 	 0 
200.265		289.107 	 135.561515322 	 268.215655915 	 1 	 0 	 1 	 1 
197.068		296.329 	 127.724782232 	 259.67507672 	 1 	 0 	 1 	 1 
197.068		303.67 	 154.646934217 	 273.450184172 	 0 	 0 	 1 	 -1 
200.265		310.893 	 107.914563712 	 257.58300493 	 1 	 0 	 1 	 0 
206.511		317.784 	 188.062787778 	 260.281279371 	 0 	 1 	 1 	 -1 
227.008		330 	 170.423387706 	 249.552159106 	 1 	 1 	 1 	 1 
240.57		335.209 	 119.703518606 	 257.327126434 	 1 	 0 	 1 	 1 
231.161		340.893 	 161.039048503 	 266.141768462 	 0 	 1 	 1 	 0 
224.195		346.996 	 172.416503622 	 275.179527637 	 0 	 0 	 1 	 0 
219.909		353.413 	 141.789723057 	 260.446669212 	 0 	 1 	 1 	 1 
218.461		0 	 164.343810106 	 253.710712615 	 1 	 0 	 1 	 -1 
219.909		6.58678 	 186.023485273 	 267.725054089 	 0 	 0 	 1 	 -1 
224.195		13.0039 	 164.777660435 	 265.437296049 	 0 	 0 	 1 	 -1 
231.161		19.1066 	 134.418984274 	 260.588025764 	 1 	 1 	 1 	 0 
240.57		24.7913 	 173.821186274 	 258.001771054 	 1 	 0 	 1 	 0 
252.146		30 	 115.418767823 	 259.689089143 	 0 	 0 	 1 	 1 
240.57		35.2087 	 129.762763198 	 268.607346095 	 1 	 1 	 1 	 1 
231.161		40.8934 	 96.1308264544 	 265.063134561 	 0 	 0 	 1 	 -1 
224.195		46.9961 	 148.544476509 	 242.731323646 	 1 	 1 	 1 	 -1 
219.909		53.4132 	 178.039055497 	 252.853068214 	 0 	 1 	 1 	 -1 
218.461		60 	 154.303401102 	 245.74604826 	 0 	 0 	 1 	 1 
219.909		66.5868 	 110.947821905 	 246.829071555 	 0 	 1 	 1 	 0 
224.195		73.0039 	 145.0736339 	 267.544303166 	 1 	 0 	 1 	 -1 
231.161		79.1066 	 138.542548171 	 256.500120111 	 1 	 0 	 1 	 1 
240.57		84.7913 	 151.146981742 	 262.465692655 	 1 	 1 	 1 	 1 
240.57		95.2087 	 149.764706172 	 256.21495426 	 0 	 0 	 1 	 -1 
231.161		100.893 	 96.5991168207 	 267.953899638 	 0 	 1 	 1 	 -1 
224.195		106.996 	 118.201100027 	 263.498900705 	 1 	 1 	 1 	 -1 
219.909		113.413 	 137.249757032 	 267.266267847 	 0 	 1 	 1 	 -1 
218.461		120 	 133.111402267 	 245.70456231 	 1 	 0 	 1 	 1 
219.909		126.587 	 140.875254227 	 263.989336987 	 1 	 0 	 1 	 1 
224.195		133.004 	 164.969976026 	 271.426909071 	 0 	 0 	 1 	 1 
231.161		139.107 	 162.212351498 	 258.996308938 	 0 	 0 	 1 	 -1 
252.146		150 	 159.916244533 	 246.874271509 	 0 	 1 	 1 	 0 
240.57		155.209 	 172.358479505 	 255.19032811 	 0 	 1 	 1 	 -1 
231.16		160.893 	 122.432254848 	 259.780964484 	 1 	 0 	 1 	 1 
224.196		166.996 	 147.486673357 	 260.671975784 	 1 	 0 	 1 	 -1 
219.909		173.413 	 185.985390793 	 256.939880791 	 0 	 1 	 1 	 0 
218.461		180 	 144.34009362 	 262.462822426 	 0 	 1 	 1 	 1 
219.909		186.587 	 155.891656772 	 253.550811929 	 1 	 1 	 1 	 -1 
224.196		193.004 	 146.504946907 	 252.562693592 	 1 	 0 	 1 	 1 
231.16		199.107 	 131.18287667 	 250.50508181 	 1 	 0 	 1 	 1 
240.57		204.791 	 145.782538521 	 261.222876138 	 1 	 0 	 1 	 1 
252.146		210 	 143.62473896 	 261.643010219 	 1 	 0 	 1 	 0 
240.57		215.209 	 134.177765775 	 259.346907272 	 1 	 1 	 1 	 -1 
231.161		220.893 	 171.914290151 	 265.27630473 	 1 	 0 	 1 	 1 
224.196		226.996 	 137.871521264 	 268.818592917 	 1 	 1 	 1 	 -1 
219.909		233.413 	 170.33628052 	 258.671066924 	 1 	 0 	 1 	 -1 
218.461		240 	 110.960852534 	 254.480997457 	 0 	 1 	 1 	 -1 
219.909		246.587 	 124.715842004 	 251.361968674 	 1 	 1 	 1 	 -1 
224.195		253.004 	 132.228416044 	 261.8614348 	 0 	 0 	 1 	 -1 
231.16		259.107 	 138.677785533 	 247.640682509 	 1 	 1 	 1 	 -1 
240.57		264.791 	 144.709722506 	 262.034363593 	 1 	 0 	 1 	 0 
252.146		270 	 141.634329165 	 263.90308576 	 0 	 1 	 1 	 -1 
240.57		275.209 	 145.876909201 	 262.968195061 	 1 	 1 	 1 	 -1 
231.16		280.893 	 112.909342797 	 261.909844384 	 1 	 1 	 1 	 -1 
224.195		286.996 	 119.807130878 	 271.82936786 	 0 	 0 	 1 	 1 
219.909		293.413 	 146.660473326 	 274.247684864 	 1 	 0 	 1 	 1 
218.461		300 	 145.451014576 	 265.048330612 	 1 	 1 	 1 	 -1 
219.909		306.587 	 155.324900643 	 258.088610561 	 0 	 0 	 1 	 1 
224.196		313.004 	 139.891509017 	 266.246760251 	 0 	 0 	 1 	 0 
231.161		319.107 	 142.131161671 	 261.593961243 	 1 	 1 	 1 	 0 
240.57		324.791 	 151.938582774 	 261.955150897 	 0 	 1 	 1 	 -1 
252.146		330 	 147.340864659 	 262.630913459 	 1 	 0 	 1 	 1 
265.601		334.715 	 156.664428146 	 258.793605799 	 1 	 0 	 1 	 0 
255.886		339.826 	 148.292262014 	 258.358904589 	 1 	 0 	 1 	 -1 
248.348		345.295 	 141.842361738 	 278.143898938 	 1 	 1 	 1 	 1 
243.191		351.052 	 135.437895769 	 261.026739502 	 1 	 0 	 1 	 0 
240.57		356.996 	 160.667298302 	 256.848383483 	 0 	 1 	 1 	 1 
240.57		3.00449 	 140.765934983 	 259.702967479 	 1 	 0 	 1 	 1 
243.191		8.94827 	 104.714373403 	 252.189449171 	 0 	 0 	 1 	 1 
248.348		14.7047 	 119.920465343 	 262.533589867 	 1 	 1 	 1 	 1 
255.886		20.1736 	 124.356902463 	 246.157002344 	 1 	 0 	 1 	 -1 
265.601		25.285 	 123.931741738 	 251.351267522 	 0 	 1 	 1 	 0 
277.258		30 	 132.574918551 	 279.626665934 	 0 	 0 	 1 	 0 
265.601		34.715 	 155.300177322 	 267.398964995 	 1 	 0 	 1 	 0 
255.887		39.8264 	 126.120211885 	 264.640452837 	 0 	 1 	 1 	 0 
248.348		45.2953 	 136.505232953 	 259.801678414 	 0 	 0 	 1 	 1 
243.191		51.0517 	 161.803087855 	 263.449078814 	 0 	 1 	 1 	 1 
240.57		56.9955 	 148.384586745 	 248.852526165 	 0 	 0 	 1 	 0 
240.57		63.0045 	 133.775226349 	 259.2605071 	 1 	 0 	 1 	 1 
243.191		68.9483 	 154.271164624 	 252.337165171 	 0 	 1 	 1 	 0 
248.348		74.7047 	 170.154822635 	 249.083318583 	 0 	 1 	 1 	 -1 
255.887		80.1736 	 167.447054147 	 269.300498779 	 1 	 0 	 1 	 1 
265.601		85.285 	 145.998340338 	 246.709853322 	 0 	 1 	 1 	 0 
277.257		90 	 156.840505985 	 246.545229919 	 1 	 1 	 1 	 1 
265.601		94.715 	 131.004161904 	 272.507712415 	 1 	 0 	 1 	 1 
255.887		99.8264 	 183.343387979 	 261.373842083 	 0 	 0 	 1 	 1 
248.348		105.295 	 181.221276599 	 264.125399371 	 1 	 0 	 1 	 -1 
243.191		111.052 	 155.44961754 	 261.338838373 	 1 	 0 	 1 	 1 
240.57		116.996 	 143.854735723 	 278.918674832 	 1 	 1 	 1 	 -1 
240.57		123.005 	 153.086278339 	 280.217608471 	 1 	 0 	 1 	 1 
243.191		128.948 	 147.152615838 	 257.933342891 	 1 	 1 	 1 	 -1 
248.348		134.705 	 149.048593227 	 246.094318419 	 0 	 1 	 1 	 1 
255.887		140.174 	 142.254595226 	 267.068791943 	 0 	 0 	 1 	 1 
265.6		145.285 	 141.753010502 	 270.750461852 	 0 	 1 	 1 	 0 
277.257		150 	 160.488200523 	 279.032801337 	 0 	 1 	 1 	 0 
265.601		154.715 	 151.767871913 	 261.700287392 	 0 	 0 	 1 	 -1 
255.886		159.826 	 157.846239514 	 246.158077196 	 1 	 0 	 1 	 1 
248.348		165.295 	 168.145719322 	 271.206626277 	 0 	 0 	 1 	 1 
243.191		171.052 	 126.874637113 	 253.028090872 	 1 	 0 	 1 	 1 
240.57		176.996 	 131.152371277 	 269.651286331 	 0 	 0 	 1 	 1 
240.57		183.005 	 117.34547523 	 254.236212475 	 0 	 1 	 1 	 1 
243.191		188.948 	 112.988834397 	 273.460773946 	 0 	 1 	 1 	 -1 
248.348		194.705 	 143.984761438 	 261.606529813 	 0 	 1 	 1 	 0 
255.886		200.174 	 161.870863001 	 261.011639955 	 1 	 1 	 1 	 0 
265.601		205.285 	 144.983254217 	 247.659341047 	 0 	 0 	 1 	 -1 
277.258		210 	 112.208576748 	 249.110911958 	 0 	 1 	 1 	 -1 
265.6		214.715 	 155.073717427 	 250.397810606 	 1 	 0 	 1 	 -1 
255.887		219.826 	 183.017157399 	 272.824912167 	 1 	 0 	 1 	 0 
248.348		225.295 	 159.176615409 	 259.010425833 	 1 	 0 	 1 	 1 
243.191		231.052 	 172.179232546 	 254.877252402 	 0 	 0 	 1 	 -1 
240.57		236.995 	 108.618836533 	 271.932046832 	 0 	 1 	 1 	 0 
240.57		243.004 	 139.178358885 	 260.311952893 	 1 	 0 	 1 	 -1 
243.19		248.948 	 138.936670681 	 252.737465081 	 1 	 0 	 1 	 1 
248.348		254.705 	 141.263329841 	 264.105457855 	 1 	 0 	 1 	 0 
255.886		260.174 	 154.474260191 	 249.202046358 	 0 	 1 	 1 	 1 
265.601		265.285 	 165.525234014 	 258.863589169 	 0 	 0 	 1 	 1 
277.258		270 	 153.379912936 	 249.37630099 	 1 	 1 	 1 	 -1 
265.601		274.715 	 157.172734052 	 268.803828961 	 1 	 1 	 1 	 -1 
255.886		279.826 	 177.824761726 	 257.974687172 	 1 	 0 	 1 	 1 
248.348		285.295 	 135.793426737 	 266.049555055 	 1 	 1 	 1 	 -1 
243.19		291.052 	 123.488143428 	 259.994050208 	 1 	 1 	 1 	 0 
240.57		296.996 	 143.120952238 	 258.224496164 	 1 	 0 	 1 	 -1 
240.57		303.004 	 157.041801189 	 260.385120882 	 1 	 1 	 1 	 0 
243.191		308.948 	 107.958674174 	 255.637783835 	 0 	 0 	 1 	 0 
248.348		314.705 	 145.228667024 	 258.986727344 	 1 	 0 	 1 	 -1 
255.886		320.174 	 135.103218115 	 256.376121901 	 0 	 0 	 1 	 1 
265.6		325.285 	 152.808818396 	 276.019491576 	 0 	 1 	 1 	 -1 
277.258		330 	 145.481039494 	 262.247240831 	 1 	 0 	 1 	 0 
290.619		334.307 	 163.016834874 	 272.755914948 	 1 	 1 	 1 	 -1 
280.659		338.948 	 133.186961811 	 251.415351668 	 1 	 0 	 1 	 0 
272.656		343.898 	 150.581633664 	 260.478245475 	 0 	 0 	 1 	 0 
266.79		349.107 	 158.663762792 	 256.344755009 	 0 	 0 	 1 	 1 
263.206		354.504 	 121.855621671 	 245.825263543 	 0 	 0 	 1 	 1 
262.001		0 	 139.289237279 	 258.447862811 	 1 	 0 	 1 	 1 
263.206		5.49637 	 142.464470707 	 258.700329626 	 0 	 1 	 1 	 0 
266.79		10.8934 	 146.335835301 	 263.090284629 	 0 	 0 	 1 	 1 
272.656		16.1021 	 142.323861274 	 261.667815533 	 1 	 1 	 1 	 1 
280.659		21.0517 	 180.519804567 	 250.141203486 	 0 	 1 	 1 	 -1 
290.619		25.6934 	 131.436420238 	 247.958552837 	 0 	 0 	 1 	 1 
302.34		30 	 148.788610257 	 272.898442933 	 0 	 1 	 1 	 -1 
290.619		34.3066 	 146.398680272 	 263.952224554 	 0 	 0 	 1 	 0 
280.659		38.9483 	 139.679444336 	 264.769156096 	 0 	 1 	 1 	 0 
272.656		43.8979 	 181.713450628 	 255.428757616 	 0 	 0 	 1 	 -1 
266.789		49.1066 	 119.907145579 	 272.233870236 	 1 	 0 	 1 	 1 
263.206		54.5036 	 109.222015438 	 271.386534715 	 0 	 0 	 1 	 1 
262.001		60 	 167.865113053 	 254.606749336 	 0 	 0 	 1 	 1 
263.206		65.4964 	 155.940948566 	 261.938684592 	 1 	 1 	 1 	 1 
266.79		70.8934 	 134.60365604 	 266.730755592 	 1 	 1 	 1 	 1 
272.656		76.1021 	 165.208774311 	 261.093469979 	 1 	 0 	 1 	 -1 
280.659		81.0517 	 144.242655246 	 268.489724332 	 0 	 1 	 1 	 1 
290.619		85.6934 	 162.741599591 	 249.568712366 	 1 	 1 	 1 	 1 
302.34		90 	 143.599683631 	 266.128951245 	 1 	 1 	 1 	 0 
290.619		94.3066 	 154.955453467 	 244.022109584 	 0 	 1 	 1 	 0 
280.659		98.9483 	 144.561794135 	 261.99505704 	 1 	 0 	 1 	 0 
272.655		103.898 	 161.956038747 	 278.692905078 	 0 	 0 	 1 	 1 
266.79		109.107 	 168.152867071 	 274.111076031 	 1 	 0 	 1 	 -1 
263.206		114.504 	 153.988349546 	 246.642395301 	 1 	 1 	 1 	 1 
262		120 	 130.46439507 	 263.942495028 	 0 	 1 	 1 	 -1 
263.206		125.496 	 141.331544155 	 262.672045799 	 1 	 0 	 1 	 -1 
266.79		130.893 	 132.041122941 	 255.207072183 	 0 	 1 	 1 	 0 
272.655		136.102 	 143.301737284 	 265.834266472 	 1 	 1 	 1 	 0 
280.659		141.052 	 134.454895302 	 269.75292158 	 1 	 1 	 1 	 1 
290.619		145.693 	 169.848536951 	 261.837233962 	 1 	 0 	 1 	 1 
302.34		150 	 138.509098563 	 259.779707751 	 1 	 1 	 1 	 0 
290.619		154.307 	 113.659888676 	 267.817207287 	 0 	 0 	 1 	 0 
280.659		158.948 	 173.501319606 	 254.219913506 	 0 	 1 	 1 	 1 
272.656		163.898 	 167.312470382 	 261.555117567 	 0 	 0 	 1 	 1 
266.789		169.107 	 128.038730267 	 251.155194058 	 0 	 0 	 1 	 -1 
263.206		174.504 	 149.034410765 	 264.45849469 	 0 	 1 	 1 	 1 
262.001		180 	 152.310868255 	 266.468194217 	 1 	 0 	 1 	 0 
263.206		185.496 	 133.821453174 	 259.539400965 	 0 	 0 	 1 	 0 
266.789		190.893 	 146.233488004 	 261.82646602 	 0 	 0 	 1 	 -1 
272.656		196.102 	 124.588597718 	 266.772860256 	 0 	 1 	 1 	 1 
280.659		201.052 	 122.057265281 	 259.564096254 	 0 	 0 	 1 	 0 
290.619		205.693 	 132.241919557 	 264.25863997 	 0 	 0 	 1 	 0 
302.34		210 	 179.636478308 	 272.868456314 	 1 	 1 	 1 	 -1 
290.619		214.307 	 169.937420384 	 272.46801108 	 0 	 0 	 1 	 1 
280.658		218.948 	 121.255721482 	 246.053401078 	 1 	 1 	 1 	 0 
272.656		223.898 	 136.029314072 	 247.259022095 	 0 	 1 	 1 	 1 
266.79		229.107 	 129.72120989 	 248.293906875 	 0 	 1 	 1 	 -1 
263.206		234.504 	 156.637862158 	 249.827115053 	 0 	 1 	 1 	 1 
262		240 	 145.295688877 	 262.446323996 	 1 	 0 	 1 	 -1 
263.206		245.496 	 137.598813835 	 269.834489616 	 1 	 1 	 1 	 -1 
266.789		250.893 	 140.249640644 	 265.624543638 	 0 	 0 	 1 	 0 
272.656		256.102 	 148.458055711 	 248.522249762 	 0 	 0 	 1 	 1 
280.659		261.052 	 171.267036775 	 267.004328893 	 1 	 0 	 1 	 0 
290.62		265.693 	 154.316614959 	 277.263334663 	 1 	 0 	 1 	 -1 
302.34		270 	 113.0793667 	 272.329297708 	 0 	 0 	 1 	 1 
290.62		274.307 	 175.775127868 	 266.33357063 	 1 	 1 	 1 	 1 
280.659		278.948 	 191.913505892 	 261.34416534 	 1 	 0 	 1 	 -1 
272.656		283.898 	 149.051112445 	 270.878815304 	 1 	 1 	 1 	 -1 
266.789		289.107 	 136.017234926 	 254.225149839 	 0 	 1 	 1 	 1 
263.206		294.504 	 159.571812221 	 270.791905744 	 0 	 0 	 1 	 -1 
262		300 	 149.754480677 	 261.136381823 	 0 	 0 	 1 	 -1 
263.206		305.496 	 134.914609981 	 271.683107788 	 0 	 1 	 1 	 0 
266.79		310.893 	 147.860853341 	 272.285656383 	 0 	 1 	 1 	 0 
272.656		316.102 	 101.600933312 	 251.778814945 	 1 	 0 	 1 	 0 
280.659		321.052 	 144.017401817 	 263.536634702 	 0 	 0 	 1 	 0 
290.619		325.693 	 193.158802749 	 262.404099455 	 1 	 0 	 1 	 0 
302.34		330 	 160.202988096 	 263.234216836 	 0 	 1 	 1 	 -1 
315.62		333.963 	 160.324370042 	 262.426252904 	 1 	 0 	 1 	 0 
305.457		338.213 	 177.302528086 	 259.337462911 	 0 	 1 	 1 	 1 
297.071		342.731 	 123.260375411 	 257.844175639 	 1 	 0 	 1 	 1 
290.619		347.48 	 145.413145495 	 272.756994245 	 0 	 1 	 1 	 0 
286.236		352.411 	 105.472910341 	 268.829844601 	 0 	 1 	 1 	 0 
284.018		357.457 	 147.562967584 	 269.650509072 	 1 	 0 	 1 	 -1 
284.018		2.54292 	 132.984611125 	 278.37185788 	 1 	 1 	 1 	 -1 
286.236		7.58909 	 141.800869321 	 281.577291071 	 0 	 0 	 1 	 -1 
290.619		12.5198 	 142.251266373 	 261.481851195 	 1 	 0 	 1 	 -1 
297.071		17.2695 	 97.8870546045 	 261.698281294 	 0 	 1 	 1 	 -1 
305.457		21.7868 	 183.626368476 	 269.161436284 	 1 	 1 	 1 	 -1 
315.62		26.0368 	 99.0832126549 	 257.951288652 	 0 	 1 	 1 	 -1 
327.39		30 	 111.06947175 	 254.037502951 	 0 	 1 	 1 	 0 
305.457		38.2132 	 132.830670754 	 259.953494959 	 0 	 1 	 1 	 -1 
297.071		42.7305 	 183.996139216 	 262.229588015 	 0 	 1 	 1 	 0 
290.619		47.4802 	 140.148768641 	 273.689145925 	 1 	 0 	 1 	 -1 
286.236		52.4109 	 173.011677439 	 261.97508784 	 1 	 1 	 1 	 1 
284.018		57.4571 	 135.324225316 	 258.06483074 	 0 	 0 	 1 	 0 
284.018		62.5429 	 110.892518472 	 248.096965557 	 1 	 1 	 1 	 1 
286.236		67.5891 	 100.382316493 	 252.635539809 	 0 	 0 	 1 	 0 
290.619		72.5198 	 175.11288129 	 261.859766722 	 0 	 0 	 1 	 1 
297.071		77.2695 	 184.238095704 	 261.236264108 	 0 	 0 	 1 	 -1 
305.457		81.7868 	 107.996341411 	 271.696215335 	 1 	 0 	 1 	 -1 
315.62		86.0368 	 137.966082293 	 264.681410431 	 0 	 1 	 1 	 0 
327.39		90 	 149.636859715 	 275.982109195 	 0 	 1 	 1 	 0 
315.62		93.9632 	 119.621800289 	 277.950887419 	 1 	 0 	 1 	 0 
305.457		98.2132 	 143.121209506 	 272.861109918 	 0 	 1 	 1 	 1 
297.071		102.731 	 139.28685192 	 278.119764888 	 1 	 1 	 1 	 -1 
290.619		107.48 	 137.858327417 	 258.900784445 	 0 	 1 	 1 	 1 
286.236		112.411 	 132.610140568 	 274.846111382 	 1 	 0 	 1 	 1 
284.018		117.457 	 159.881090539 	 254.249621215 	 0 	 0 	 1 	 1 
284.018		122.543 	 131.194732314 	 267.87023547 	 0 	 0 	 1 	 -1 
286.236		127.589 	 144.98237106 	 262.344233754 	 0 	 0 	 1 	 1 
290.62		132.52 	 144.819997929 	 263.282306023 	 1 	 0 	 1 	 -1 
297.071		137.269 	 138.405788216 	 264.499680042 	 1 	 1 	 1 	 0 
305.457		141.787 	 152.715738067 	 275.722061555 	 1 	 1 	 1 	 1 
315.62		146.037 	 118.150991768 	 248.430159526 	 0 	 1 	 1 	 0 
327.39		150 	 161.303298621 	 263.687503813 	 0 	 1 	 1 	 -1 
315.619		153.963 	 144.592463581 	 261.792278482 	 0 	 0 	 1 	 0 
305.457		158.213 	 148.777293943 	 257.420393116 	 0 	 0 	 1 	 1 
297.071		162.731 	 148.64631606 	 262.056729528 	 1 	 1 	 1 	 -1 
290.62		167.48 	 168.994322446 	 253.493266476 	 0 	 1 	 1 	 -1 
286.236		172.411 	 136.524150984 	 257.160447207 	 1 	 0 	 1 	 -1 
284.019		177.457 	 133.507756058 	 255.636190079 	 0 	 1 	 1 	 -1 
284.019		182.543 	 190.103322905 	 266.768266318 	 0 	 1 	 1 	 -1 
286.236		187.589 	 126.459669061 	 257.004626944 	 0 	 1 	 1 	 0 
290.62		192.52 	 156.853231396 	 256.519418151 	 0 	 1 	 1 	 0 
297.071		197.269 	 135.042943305 	 260.593260471 	 1 	 1 	 1 	 1 
305.457		201.787 	 137.729691743 	 263.431912539 	 0 	 0 	 1 	 -1 
315.62		206.037 	 138.218011992 	 260.84336724 	 1 	 0 	 1 	 0 
327.39		210 	 179.229401633 	 262.771428481 	 0 	 0 	 1 	 1 
315.62		213.963 	 139.12216236 	 266.478693797 	 1 	 0 	 1 	 1 
305.457		218.213 	 140.874522013 	 254.740289773 	 1 	 1 	 1 	 0 
297.071		222.731 	 141.672532097 	 263.317875993 	 0 	 0 	 1 	 1 
290.619		227.48 	 187.819184477 	 254.235525331 	 0 	 0 	 1 	 -1 
286.236		232.411 	 181.503133819 	 254.014270022 	 1 	 1 	 1 	 0 
284.018		237.457 	 112.652468834 	 271.854800692 	 1 	 1 	 1 	 1 
284.019		242.543 	 141.402272734 	 263.24851099 	 0 	 0 	 1 	 0 
286.236		247.589 	 142.534453535 	 260.993083363 	 1 	 0 	 1 	 1 
290.62		252.52 	 161.387084212 	 268.868081583 	 0 	 1 	 1 	 -1 
297.071		257.269 	 132.317844512 	 264.472279107 	 1 	 0 	 1 	 -1 
305.457		261.787 	 98.7622595159 	 270.614484275 	 1 	 0 	 1 	 0 
315.62		266.037 	 143.214366553 	 259.998116021 	 1 	 1 	 1 	 -1 
327.39		270 	 154.753125432 	 268.533131152 	 1 	 0 	 1 	 0 
315.62		273.963 	 135.60753695 	 254.032414724 	 1 	 0 	 1 	 1 
305.457		278.213 	 145.782103712 	 259.674331802 	 1 	 0 	 1 	 0 
297.071		282.731 	 118.20242238 	 250.643579049 	 1 	 0 	 1 	 -1 
290.62		287.48 	 145.877375925 	 262.205803681 	 1 	 1 	 1 	 -1 
286.236		292.411 	 119.214100097 	 271.695131422 	 0 	 0 	 1 	 1 
284.019		297.457 	 158.090166608 	 254.479886747 	 0 	 0 	 1 	 1 
284.018		302.543 	 165.468248557 	 275.103695261 	 0 	 1 	 1 	 0 
286.236		307.589 	 167.75497612 	 259.84610773 	 1 	 0 	 1 	 -1 
290.619		312.52 	 135.058266773 	 246.540591733 	 1 	 0 	 1 	 0 
297.071		317.269 	 127.794377699 	 260.860011079 	 0 	 1 	 1 	 0 
305.457		321.787 	 138.827715316 	 270.207968941 	 1 	 0 	 1 	 -1 
327.39		330 	 167.823604844 	 255.321759922 	 0 	 1 	 1 	 -1 
340.597		333.67 	 150.266176191 	 263.205297556 	 0 	 1 	 1 	 -1 
330.266		337.589 	 181.540829538 	 272.864042264 	 0 	 1 	 1 	 -1 
321.56		341.742 	 174.64070245 	 256.287278318 	 0 	 0 	 1 	 0 
314.619		346.102 	 175.027305888 	 266.052599058 	 1 	 0 	 1 	 1 
309.563		350.633 	 140.558811474 	 260.894430832 	 0 	 0 	 1 	 0 
306.489		355.285 	 153.503316511 	 265.238138256 	 0 	 0 	 1 	 0 
305.457		0 	 113.604846418 	 260.979465948 	 0 	 1 	 1 	 -1 
306.489		4.715 	 136.243798847 	 272.692521943 	 0 	 0 	 1 	 0 
309.563		9.367 	 113.841064787 	 252.190133311 	 0 	 1 	 1 	 0 
314.619		13.8979 	 136.70536707 	 274.361256409 	 1 	 1 	 1 	 1 
321.56		18.2585 	 160.843466623 	 249.27110637 	 1 	 1 	 1 	 -1 
330.266		22.4109 	 145.515652472 	 275.176236218 	 1 	 1 	 1 	 1 
340.597		26.3295 	 157.874522432 	 262.710161474 	 0 	 1 	 1 	 0 
352.406		30 	 141.744375018 	 267.077744186 	 1 	 1 	 1 	 1 
340.597		33.6705 	 139.781478944 	 265.05770419 	 0 	 0 	 1 	 0 
330.266		37.5891 	 152.115242241 	 256.682734617 	 1 	 0 	 1 	 0 
321.56		41.7415 	 186.413339777 	 270.099408083 	 0 	 0 	 1 	 1 
314.619		46.1021 	 141.470790192 	 250.043498708 	 0 	 0 	 1 	 1 
309.563		50.633 	 157.125661 	 249.728187295 	 0 	 0 	 1 	 0 
306.489		55.285 	 166.114921316 	 261.632993697 	 1 	 0 	 1 	 1 
305.457		60 	 148.056211279 	 258.140294841 	 0 	 1 	 1 	 -1 
306.489		64.715 	 113.650343715 	 252.029559229 	 1 	 1 	 1 	 -1 
309.563		69.367 	 140.178609115 	 265.983678684 	 0 	 1 	 1 	 0 
314.619		73.8979 	 152.684089286 	 270.462748044 	 1 	 1 	 1 	 -1 
321.56		78.2585 	 146.858666491 	 257.544012315 	 0 	 0 	 1 	 -1 
330.266		82.4109 	 176.725034984 	 271.201486637 	 0 	 0 	 1 	 -1 
340.597		86.3295 	 156.541858807 	 277.051258074 	 1 	 1 	 1 	 -1 
352.406		90 	 146.419756814 	 258.720775166 	 1 	 1 	 1 	 -1 
340.597		93.6705 	 128.317807398 	 261.320471588 	 0 	 1 	 1 	 0 
330.266		97.5891 	 167.783529283 	 255.833660037 	 1 	 1 	 1 	 -1 
321.56		101.742 	 157.855434254 	 250.325497027 	 0 	 0 	 1 	 1 
314.619		106.102 	 146.018571682 	 259.837268833 	 1 	 0 	 1 	 1 
309.563		110.633 	 143.653892002 	 257.003823856 	 1 	 0 	 1 	 0 
306.489		115.285 	 150.272301632 	 257.210975533 	 0 	 0 	 1 	 1 
305.457		120 	 178.798180897 	 250.938463309 	 0 	 1 	 1 	 -1 
306.489		124.715 	 143.687005618 	 262.016456263 	 1 	 1 	 1 	 0 
309.563		129.367 	 166.834735615 	 273.207726097 	 0 	 0 	 1 	 -1 
314.619		133.898 	 145.126698777 	 262.572039126 	 0 	 1 	 1 	 0 
321.56		138.258 	 159.428455428 	 263.046452877 	 1 	 1 	 1 	 0 
330.266		142.411 	 162.454572525 	 254.901352482 	 0 	 0 	 1 	 -1 
340.597		146.329 	 140.620083451 	 266.107059824 	 1 	 0 	 1 	 0 
352.406		150 	 133.728569595 	 261.421874274 	 0 	 1 	 1 	 -1 
340.597		153.671 	 147.944987988 	 272.739142022 	 1 	 0 	 1 	 0 
330.266		157.589 	 154.344716244 	 267.85523312 	 0 	 1 	 1 	 1 
321.561		161.742 	 145.979452194 	 262.658324013 	 0 	 0 	 1 	 -1 
314.618		166.102 	 150.499401606 	 257.670789824 	 1 	 0 	 1 	 1 
309.563		170.633 	 162.852904135 	 275.730508017 	 0 	 1 	 1 	 -1 
306.488		175.285 	 129.669567581 	 266.990266227 	 0 	 0 	 1 	 -1 
305.457		180 	 164.633028917 	 268.407648441 	 0 	 0 	 1 	 0 
306.488		184.715 	 158.832890756 	 278.949665294 	 0 	 1 	 1 	 -1 
309.563		189.367 	 170.508507075 	 250.699804814 	 0 	 0 	 1 	 1 
314.618		193.898 	 144.298050337 	 255.146422956 	 0 	 0 	 1 	 -1 
321.561		198.258 	 116.150670092 	 271.43545626 	 1 	 0 	 1 	 1 
330.266		202.411 	 103.704312808 	 266.697356584 	 1 	 0 	 1 	 0 
340.597		206.329 	 153.271455728 	 264.17615148 	 1 	 0 	 1 	 1 
352.406		210 	 151.974267567 	 248.967308461 	 1 	 0 	 1 	 1 
330.266		217.589 	 116.656651886 	 261.575842399 	 0 	 1 	 1 	 0 
321.56		221.742 	 160.214601405 	 264.793952318 	 1 	 0 	 1 	 0 
314.619		226.102 	 147.586042974 	 271.715016317 	 0 	 1 	 1 	 1 
309.563		230.633 	 142.621250239 	 269.495889202 	 1 	 1 	 1 	 1 
306.489		235.285 	 157.489419841 	 261.715360738 	 1 	 0 	 1 	 0 
305.456		240 	 130.186320815 	 259.016188597 	 1 	 1 	 1 	 0 
306.488		244.715 	 145.940529344 	 262.105307185 	 1 	 0 	 1 	 0 
309.563		249.367 	 147.120426106 	 268.651551632 	 0 	 0 	 1 	 0 
314.619		253.898 	 131.15918151 	 258.336512516 	 0 	 0 	 1 	 1 
321.56		258.258 	 122.608335248 	 267.865339112 	 0 	 1 	 1 	 -1 
330.266		262.411 	 152.522536434 	 267.282471692 	 0 	 1 	 1 	 0 
340.597		266.33 	 163.899712806 	 262.943839481 	 0 	 0 	 1 	 0 
340.597		273.671 	 161.402557654 	 252.386192046 	 0 	 1 	 1 	 1 
330.266		277.589 	 160.384513036 	 264.433517268 	 0 	 0 	 1 	 -1 
321.56		281.742 	 149.023107105 	 262.812106774 	 0 	 0 	 1 	 1 
314.619		286.102 	 120.009975324 	 267.367631183 	 0 	 0 	 1 	 1 
309.563		290.633 	 188.880157403 	 263.704093694 	 0 	 0 	 1 	 1 
306.488		295.285 	 120.294285832 	 264.128416856 	 1 	 0 	 1 	 0 
305.457		300 	 148.086123964 	 263.50071503 	 0 	 0 	 1 	 -1 
306.489		304.715 	 149.08223334 	 266.183887343 	 0 	 1 	 1 	 -1 
309.563		309.367 	 135.617114265 	 248.970125926 	 1 	 1 	 1 	 -1 
314.619		313.898 	 136.686003912 	 265.816176593 	 0 	 1 	 1 	 0 
321.56		318.258 	 127.725773696 	 259.711795823 	 0 	 1 	 1 	 -1 
330.266		322.411 	 137.725283875 	 267.697877991 	 0 	 1 	 1 	 -1 
340.597		326.33 	 163.020004399 	 263.48782034 	 0 	 0 	 1 	 1 
352.406		330 	 156.574602874 	 262.505810425 	 1 	 0 	 1 	 0 
365.546		333.418 	 171.205797917 	 258.548108469 	 0 	 1 	 1 	 -1 
355.074		337.053 	 144.724288704 	 262.51819151 	 1 	 0 	 1 	 1 
346.099		340.893 	 124.149984076 	 264.362943839 	 0 	 0 	 1 	 0 
338.742		344.921 	 141.198777463 	 255.86701294 	 0 	 1 	 1 	 -1 
333.116		349.107 	 161.567152223 	 270.596403901 	 0 	 0 	 1 	 1 
329.31		353.413 	 170.860683661 	 254.045630246 	 0 	 1 	 1 	 -1 
327.39		357.796 	 106.319853422 	 262.740659861 	 1 	 1 	 1 	 0 
327.39		2.20423 	 145.427797746 	 261.884029266 	 0 	 0 	 1 	 1 
329.31		6.58678 	 158.89079215 	 247.993577457 	 0 	 1 	 1 	 1 
333.116		10.8934 	 128.310258222 	 275.044565364 	 0 	 1 	 1 	 1 
338.742		15.0791 	 144.891234784 	 262.454708623 	 0 	 0 	 1 	 1 
346.099		19.1066 	 145.601872415 	 261.263937521 	 0 	 0 	 1 	 -1 
355.074		22.9473 	 172.286548092 	 272.859465683 	 1 	 0 	 1 	 0 
365.546		26.582 	 189.803158759 	 262.727070275 	 0 	 1 	 1 	 1 
377.385		30 	 146.54103678 	 256.472827762 	 1 	 1 	 1 	 -1 
365.546		33.418 	 183.140804923 	 271.417704877 	 1 	 0 	 1 	 0 
355.074		37.0527 	 133.153622612 	 252.737351546 	 0 	 0 	 1 	 -1 
346.099		40.8934 	 143.93889956 	 261.721285753 	 1 	 1 	 1 	 0 
338.743		44.9209 	 159.979839323 	 270.405804802 	 1 	 0 	 1 	 -1 
333.116		49.1066 	 176.42433805 	 267.022024903 	 0 	 0 	 1 	 -1 
329.31		53.4132 	 115.107489164 	 272.597608361 	 1 	 1 	 1 	 1 
327.39		57.7958 	 152.002085585 	 259.828376117 	 1 	 0 	 1 	 1 
327.39		62.2042 	 131.92313207 	 242.01943864 	 0 	 1 	 1 	 0 
329.31		66.5868 	 182.062464886 	 257.148470597 	 0 	 1 	 1 	 -1 
333.116		70.8934 	 145.028796279 	 247.963051168 	 0 	 0 	 1 	 -1 
338.742		75.0791 	 185.93497451 	 262.552023967 	 0 	 1 	 1 	 0 
346.099		79.1066 	 171.767398539 	 250.931666662 	 1 	 0 	 1 	 -1 
355.074		82.9473 	 140.925474238 	 275.876236043 	 0 	 1 	 1 	 -1 
