25.2587		30 	 -173.481776016 	 21.5307594416 	 0 	 0 	 1 	 -1 
25.2587		90 	 -237.840055582 	 -126.50466811 	 1 	 0 	 1 	 1 
25.2587		150 	 60.2688376812 	 -39.345210969 	 0 	 0 	 1 	 -1 
25.2587		210 	 -225.738721624 	 162.805149869 	 1 	 1 	 1 	 -1 
25.2587		270 	 31.5885744514 	 122.123040737 	 0 	 1 	 1 	 -1 
43.7478		0 	 -68.3804461783 	 -139.695832401 	 0 	 1 	 1 	 1 
50.5147		30 	 -118.445251888 	 75.0411587703 	 1 	 1 	 1 	 1 
43.7478		60 	 39.9152282652 	 -55.2652085846 	 0 	 1 	 1 	 0 
50.5147		90 	 -16.5918526046 	 52.1459292229 	 1 	 0 	 1 	 1 
43.7478		120 	 -29.654566553 	 42.8108105266 	 1 	 1 	 1 	 0 
50.5147		150 	 122.096398887 	 -159.301583333 	 0 	 1 	 1 	 0 
43.7478		180 	 274.362948495 	 -93.0986424261 	 1 	 0 	 1 	 -1 
50.5147		210 	 117.807287448 	 -29.1056879039 	 1 	 1 	 1 	 -1 
43.7478		240 	 130.15670063 	 -79.4996082078 	 0 	 1 	 1 	 1 
43.7478		300 	 -42.4065417474 	 -81.4088946631 	 0 	 1 	 1 	 -1 
50.5148		330 	 71.3886658015 	 -169.286954564 	 1 	 1 	 1 	 1 
66.8212		349.107 	 206.183881259 	 -89.386277916 	 1 	 1 	 1 	 0 
66.8212		10.8934 	 -41.5645136896 	 170.327168332 	 0 	 0 	 1 	 -1 
75.7654		30 	 -297.881133579 	 -158.254385024 	 1 	 0 	 1 	 1 
66.8212		49.1066 	 127.637069396 	 143.206475566 	 1 	 1 	 1 	 1 
66.8212		70.8934 	 101.696794854 	 -63.7820251771 	 0 	 0 	 1 	 -1 
75.7654		90 	 -124.842029433 	 69.8337853014 	 0 	 0 	 1 	 1 
66.8212		109.107 	 31.4425434037 	 -176.926111743 	 1 	 0 	 1 	 1 
66.8212		130.893 	 236.643623141 	 109.911693854 	 0 	 0 	 1 	 0 
75.7654		150 	 -397.591677359 	 18.3279578374 	 0 	 1 	 1 	 -1 
66.8212		169.107 	 207.770778494 	 88.8985025275 	 1 	 1 	 1 	 -1 
66.8212		190.893 	 -179.823031477 	 -49.6618291817 	 0 	 0 	 1 	 0 
66.8212		229.107 	 -68.7040510182 	 -23.1201594198 	 1 	 0 	 1 	 1 
66.8212		250.893 	 -183.782020155 	 177.398472809 	 1 	 0 	 1 	 0 
75.7654		270 	 -418.740138403 	 -81.7018279099 	 0 	 0 	 1 	 1 
66.8212		289.107 	 -24.5269630722 	 -176.541936273 	 1 	 0 	 1 	 -1 
66.8212		310.893 	 -26.5718395209 	 -100.577942182 	 0 	 0 	 1 	 1 
75.7654		330 	 -109.880468642 	 -78.0896956668 	 0 	 0 	 1 	 0 
91.0523		343.898 	 146.980559119 	 -18.0278722275 	 0 	 1 	 1 	 0 
87.4818		0 	 153.152395821 	 -172.84165504 	 0 	 0 	 1 	 0 
91.0523		16.1021 	 -73.9943394693 	 119.239350151 	 1 	 1 	 1 	 0 
101.008		30 	 104.722478919 	 -20.1638094125 	 1 	 1 	 1 	 1 
91.0523		43.8979 	 -337.289103099 	 64.4294813905 	 1 	 1 	 1 	 -1 
87.4818		60 	 -376.48965669 	 -165.166532709 	 1 	 0 	 1 	 -1 
91.0523		76.1021 	 142.324633998 	 42.7902480175 	 0 	 1 	 1 	 0 
91.0523		103.898 	 55.4854922896 	 -139.521308551 	 1 	 0 	 1 	 -1 
87.4818		120 	 -70.9255086577 	 -14.5628448422 	 0 	 1 	 1 	 -1 
91.0523		136.102 	 -46.2332076887 	 138.997357823 	 1 	 0 	 1 	 1 
91.0523		163.898 	 -182.946249227 	 -45.5712313452 	 1 	 0 	 1 	 0 
87.4818		180 	 196.771444398 	 37.3551099409 	 1 	 1 	 1 	 -1 
91.0523		196.102 	 354.619237988 	 91.6716450977 	 1 	 0 	 1 	 0 
101.008		210 	 189.450422087 	 -168.006241576 	 0 	 0 	 1 	 -1 
91.0523		223.898 	 -66.0259163744 	 -143.153585472 	 0 	 1 	 1 	 0 
87.4818		240 	 -87.2083858728 	 -96.0487463703 	 0 	 0 	 1 	 1 
91.0523		256.102 	 294.752342381 	 60.3290179262 	 1 	 1 	 1 	 0 
101.008		270 	 224.821877481 	 -38.1196772461 	 0 	 1 	 1 	 -1 
91.0523		283.898 	 -44.6701235952 	 125.351745834 	 0 	 1 	 1 	 -1 
87.4817		300 	 30.1225456978 	 48.1340155303 	 1 	 0 	 1 	 -1 
91.0523		316.102 	 223.995710117 	 91.5347655193 	 0 	 0 	 1 	 0 
101.008		330 	 14.7485886459 	 -153.450177743 	 1 	 1 	 1 	 0 
115.709		340.893 	 -194.61406535 	 -103.649008039 	 0 	 0 	 1 	 1 
110.065		353.413 	 -6.21465949946 	 -136.540976364 	 1 	 0 	 1 	 -1 
110.065		6.58677 	 112.033999823 	 -22.4815125437 	 0 	 1 	 1 	 0 
115.709		19.1066 	 75.7300275652 	 22.5036120222 	 0 	 0 	 1 	 -1 
126.24		30 	 46.5809537181 	 -17.3738459993 	 1 	 0 	 1 	 0 
115.709		40.8934 	 -140.393580125 	 64.552972008 	 1 	 1 	 1 	 -1 
110.065		53.4132 	 -88.9659413339 	 70.0803811595 	 1 	 1 	 1 	 -1 
110.065		66.5868 	 188.925282689 	 162.686438007 	 0 	 1 	 1 	 -1 
115.709		79.1066 	 -62.9165632377 	 76.1478988837 	 0 	 1 	 1 	 -1 
126.24		90 	 158.726133206 	 -62.1827770765 	 1 	 1 	 1 	 0 
115.709		100.893 	 -123.254198454 	 89.7680453573 	 0 	 1 	 1 	 0 
110.065		113.413 	 -50.5459435558 	 -91.6203330747 	 1 	 1 	 1 	 1 
110.065		126.587 	 0.761830452835 	 96.0875385786 	 1 	 1 	 1 	 1 
115.709		139.107 	 -203.7713275 	 129.395773152 	 1 	 1 	 1 	 0 
126.24		150 	 69.7539679638 	 10.5000096651 	 1 	 1 	 1 	 0 
115.709		160.893 	 15.0920912331 	 117.294799462 	 0 	 0 	 1 	 1 
110.066		173.413 	 -223.848127948 	 -41.326505668 	 1 	 0 	 1 	 1 
110.066		186.587 	 -42.6769081483 	 106.832879359 	 0 	 0 	 1 	 1 
115.709		199.107 	 151.989899216 	 146.718339899 	 1 	 1 	 1 	 -1 
126.24		210 	 -381.696291065 	 -87.8234387587 	 1 	 1 	 1 	 -1 
115.709		220.893 	 15.9895526949 	 0.319418959863 	 0 	 1 	 1 	 -1 
110.065		233.413 	 -35.3722191221 	 129.435097822 	 0 	 1 	 1 	 1 
110.065		246.587 	 -58.56486445 	 -170.150324063 	 0 	 1 	 1 	 1 
115.709		259.107 	 62.8818951764 	 -148.401066068 	 0 	 0 	 1 	 -1 
126.24		270 	 151.636116558 	 66.869668093 	 0 	 0 	 1 	 1 
115.709		280.893 	 121.954187458 	 -124.153001991 	 0 	 1 	 1 	 0 
110.065		293.413 	 -348.946717138 	 62.0012806312 	 1 	 1 	 1 	 1 
110.065		306.587 	 -20.4962619033 	 3.74776224222 	 0 	 0 	 1 	 0 
115.709		319.107 	 -189.62694859 	 22.3245005908 	 0 	 1 	 1 	 0 
126.24		330 	 41.1636978132 	 70.3243541774 	 0 	 1 	 1 	 -1 
140.56		338.948 	 75.7157617015 	 148.856609468 	 1 	 1 	 1 	 -1 
133.593		349.107 	 0.326095934368 	 33.5370314365 	 1 	 0 	 1 	 0 
131.188		0 	 84.6313619609 	 -27.9796921051 	 0 	 1 	 1 	 -1 
133.593		10.8934 	 -248.411307121 	 -27.5982315728 	 1 	 1 	 1 	 0 
140.56		21.0517 	 42.2149686298 	 80.2059880604 	 1 	 0 	 1 	 -1 
151.459		30 	 50.4540300372 	 -39.2488158493 	 1 	 0 	 1 	 0 
140.56		38.9483 	 43.4046069625 	 97.0924131152 	 0 	 0 	 1 	 1 
133.593		49.1066 	 142.333809544 	 -172.149431289 	 0 	 0 	 1 	 -1 
131.188		60 	 -91.700233711 	 -12.3878847041 	 0 	 0 	 1 	 0 
133.593		70.8934 	 -203.022811731 	 93.865693927 	 1 	 0 	 1 	 -1 
140.56		81.0517 	 -95.7338124686 	 -54.4580768421 	 1 	 0 	 1 	 -1 
151.459		90 	 192.978892495 	 126.884828587 	 1 	 1 	 1 	 -1 
140.56		98.9483 	 -269.298751651 	 -30.7507738665 	 1 	 1 	 1 	 1 
133.593		109.107 	 -175.420064364 	 -19.9228529833 	 0 	 1 	 1 	 1 
131.188		120 	 7.56052713047 	 -20.447345324 	 0 	 0 	 1 	 -1 
133.593		130.893 	 202.297018819 	 95.6579699716 	 1 	 0 	 1 	 0 
140.56		141.052 	 87.0043198016 	 54.5629593939 	 1 	 0 	 1 	 1 
151.459		150 	 -44.8089728064 	 -147.16201172 	 0 	 1 	 1 	 0 
140.56		158.948 	 105.127740012 	 -142.111989135 	 0 	 1 	 1 	 -1 
133.593		169.107 	 153.86023463 	 43.6347593248 	 1 	 1 	 1 	 1 
131.188		180 	 78.7122094517 	 -124.150734458 	 0 	 0 	 1 	 -1 
133.593		190.893 	 -151.345919114 	 -80.7008672485 	 1 	 0 	 1 	 0 
140.56		201.052 	 -6.77154031428 	 -150.25973205 	 0 	 1 	 1 	 -1 
151.459		210 	 247.839579489 	 28.2218874686 	 0 	 0 	 1 	 1 
140.56		218.948 	 0.854811483596 	 115.829725451 	 0 	 1 	 1 	 1 
133.593		229.107 	 226.226408135 	 -7.82193161906 	 1 	 1 	 1 	 -1 
131.188		240 	 324.878317946 	 -171.349258173 	 0 	 0 	 1 	 -1 
133.592		250.893 	 62.3040928501 	 79.5218825242 	 0 	 1 	 1 	 1 
140.56		261.052 	 -127.265824545 	 -174.293136037 	 1 	 1 	 1 	 -1 
151.459		270 	 193.707318956 	 38.9339527369 	 1 	 1 	 1 	 0 
140.56		278.948 	 -32.0767050789 	 -174.089735491 	 0 	 0 	 1 	 1 
133.592		289.107 	 26.3437539566 	 77.9694050432 	 0 	 1 	 1 	 -1 
131.188		300 	 -101.82570497 	 5.27971354641 	 0 	 1 	 1 	 1 
133.593		310.893 	 -36.2178693996 	 30.4721469411 	 1 	 1 	 1 	 0 
140.56		321.052 	 -10.5525810676 	 -72.3665396673 	 1 	 0 	 1 	 -1 
151.459		330 	 244.861552579 	 26.5570320043 	 1 	 0 	 1 	 0 
165.51		337.589 	 158.848611715 	 100.897314809 	 1 	 1 	 1 	 1 
157.635		346.102 	 -80.3954802587 	 100.164652386 	 0 	 0 	 1 	 0 
153.545		355.285 	 120.683161899 	 170.059871291 	 1 	 1 	 1 	 1 
153.545		4.715 	 44.8219088115 	 96.3061980425 	 0 	 1 	 1 	 0 
157.635		13.8979 	 61.4116221093 	 125.606982614 	 0 	 1 	 1 	 0 
165.51		22.4109 	 131.865686816 	 -81.0303481814 	 1 	 0 	 1 	 0 
176.661		30 	 -332.027320183 	 35.1113907467 	 1 	 1 	 1 	 1 
165.51		37.5891 	 87.3509367625 	 154.28179969 	 0 	 0 	 1 	 1 
157.635		46.1021 	 4.71907678985 	 166.354643577 	 0 	 1 	 1 	 -1 
153.545		55.285 	 -269.069667444 	 57.1512933455 	 1 	 1 	 1 	 0 
153.545		64.715 	 -132.896517682 	 -86.1670113265 	 0 	 0 	 1 	 -1 
157.635		73.8979 	 -26.0128853566 	 4.53807502497 	 0 	 0 	 1 	 1 
165.51		82.4109 	 -52.3608122687 	 1.37016771099 	 0 	 1 	 1 	 0 
176.661		90 	 -309.155035639 	 138.916796928 	 0 	 1 	 1 	 0 
165.51		97.5891 	 -1.99550914808 	 74.8638750424 	 1 	 0 	 1 	 0 
157.635		106.102 	 -60.5103309622 	 -144.830003505 	 1 	 0 	 1 	 -1 
153.545		115.285 	 276.987460165 	 -6.66530799869 	 0 	 1 	 1 	 0 
153.545		124.715 	 -261.820290211 	 90.8377551053 	 0 	 1 	 1 	 0 
157.635		133.898 	 95.1518775076 	 2.30348549084 	 1 	 0 	 1 	 0 
165.51		142.411 	 -8.89959702097 	 -68.1325079728 	 0 	 0 	 1 	 1 
176.661		150 	 -62.816126166 	 -29.7450231507 	 1 	 0 	 1 	 0 
165.509		157.589 	 82.3835837979 	 121.499769399 	 0 	 0 	 1 	 -1 
157.635		166.102 	 -226.418311067 	 162.875579529 	 1 	 1 	 1 	 0 
153.546		175.285 	 129.672222374 	 -64.914898046 	 1 	 1 	 1 	 -1 
153.546		184.715 	 263.490262371 	 -23.8220955952 	 1 	 1 	 1 	 0 
157.635		193.898 	 -72.2276213977 	 79.0180211461 	 1 	 1 	 1 	 -1 
165.509		202.411 	 -142.986437795 	 70.1941802836 	 1 	 0 	 1 	 0 
165.51		217.589 	 126.228594447 	 141.456513302 	 0 	 0 	 1 	 0 
157.635		226.102 	 -186.953777926 	 -90.9098110223 	 0 	 1 	 1 	 -1 
153.545		235.285 	 75.2779114874 	 64.8084804766 	 0 	 1 	 1 	 1 
153.545		244.715 	 207.840286052 	 28.6757937749 	 1 	 0 	 1 	 1 
157.635		253.898 	 -283.358119985 	 95.2016080333 	 1 	 1 	 1 	 -1 
165.51		262.411 	 87.0532709931 	 -50.6868162482 	 1 	 1 	 1 	 0 
176.661		270 	 119.907305513 	 -148.572345345 	 0 	 1 	 1 	 1 
165.51		277.589 	 149.219396332 	 126.669253033 	 0 	 0 	 1 	 -1 
157.635		286.102 	 -160.375363864 	 -143.939767441 	 0 	 0 	 1 	 0 
153.545		295.285 	 199.884966393 	 130.607312827 	 0 	 0 	 1 	 -1 
153.545		304.715 	 -209.215899594 	 113.12342856 	 1 	 1 	 1 	 1 
157.635		313.898 	 -265.424857147 	 -138.030330516 	 1 	 1 	 1 	 -1 
165.51		322.411 	 -77.1352114421 	 -146.597037484 	 0 	 1 	 1 	 0 
176.661		330 	 137.096370433 	 -108.539707496 	 1 	 0 	 1 	 0 
190.511		336.587 	 -98.7460969249 	 30.3861425691 	 0 	 0 	 1 	 -1 
181.979		343.898 	 -439.511994519 	 -82.1210612678 	 1 	 0 	 1 	 1 
176.661		351.787 	 109.790970663 	 -146.175276105 	 1 	 1 	 1 	 -1 
174.852		0 	 -355.374572034 	 161.852477263 	 1 	 0 	 1 	 1 
176.661		8.21321 	 52.5536414881 	 -143.596192559 	 1 	 0 	 1 	 -1 
181.979		16.1021 	 -57.5356964148 	 -54.580894884 	 0 	 1 	 1 	 1 
190.511		23.4132 	 -97.9498870413 	 0.128032871794 	 1 	 1 	 1 	 1 
201.845		30 	 86.4211314577 	 -22.0673396292 	 0 	 1 	 1 	 0 
181.979		43.8979 	 -113.974408817 	 -49.704586063 	 0 	 1 	 1 	 1 
176.661		51.7868 	 88.160912227 	 -37.8374741489 	 0 	 1 	 1 	 -1 
174.852		60 	 -240.779403113 	 -23.7317550283 	 0 	 1 	 1 	 1 
176.661		68.2132 	 42.7821792665 	 -79.1708064831 	 0 	 1 	 1 	 1 
181.979		76.1021 	 307.244683483 	 -103.233924705 	 0 	 0 	 1 	 -1 
190.511		83.4132 	 42.6497654061 	 46.74012374 	 0 	 1 	 1 	 -1 
201.845		90 	 62.1522756749 	 -72.046517072 	 0 	 1 	 1 	 0 
190.511		96.5868 	 313.650097037 	 130.480495628 	 0 	 0 	 1 	 1 
181.979		103.898 	 186.22472834 	 56.1108640569 	 1 	 1 	 1 	 0 
176.661		111.787 	 -102.381295772 	 -78.287265327 	 1 	 1 	 1 	 0 
174.852		120 	 -293.584631253 	 170.398935299 	 0 	 1 	 1 	 0 
176.661		128.213 	 -124.298592007 	 -61.9207045277 	 1 	 1 	 1 	 1 
181.979		136.102 	 -60.0530799341 	 111.200014813 	 1 	 0 	 1 	 1 
190.51		143.413 	 107.871127556 	 95.7212022024 	 1 	 1 	 1 	 1 
201.845		150 	 175.512040633 	 99.991117815 	 1 	 1 	 1 	 0 
190.511		156.587 	 -92.1052290529 	 132.990633367 	 1 	 1 	 1 	 -1 
181.979		163.898 	 25.5697973768 	 54.2179314886 	 1 	 1 	 1 	 -1 
176.661		171.787 	 -195.952125508 	 50.9211288304 	 1 	 1 	 1 	 0 
174.852		180 	 171.48455831 	 162.487751994 	 1 	 0 	 1 	 0 
176.661		188.213 	 156.50352275 	 72.2802087294 	 1 	 1 	 1 	 1 
181.979		196.102 	 84.6741680117 	 86.3370895185 	 0 	 1 	 1 	 1 
190.511		203.413 	 3.71002018741 	 -21.4545229276 	 1 	 0 	 1 	 1 
201.845		210 	 -26.6354677135 	 -80.4711573417 	 1 	 1 	 1 	 0 
190.51		216.587 	 85.3470354283 	 147.878392908 	 0 	 1 	 1 	 0 
181.979		223.898 	 -163.647498862 	 -124.855146454 	 0 	 0 	 1 	 -1 
176.661		231.787 	 -223.913488452 	 -179.439838326 	 0 	 1 	 1 	 1 
174.853		240 	 -88.9730130964 	 -153.27630302 	 1 	 0 	 1 	 0 
176.662		248.213 	 79.8993341201 	 -96.5247171873 	 0 	 1 	 1 	 0 
181.979		256.102 	 -128.861761664 	 -149.970677994 	 1 	 0 	 1 	 0 
190.511		263.413 	 27.157490219 	 -101.754943413 	 1 	 1 	 1 	 0 
190.511		276.587 	 65.2028481271 	 -49.0442044855 	 0 	 0 	 1 	 0 
181.979		283.898 	 -130.164383004 	 -5.9666056703 	 0 	 0 	 1 	 -1 
176.662		291.787 	 25.1662948968 	 -165.27834635 	 0 	 1 	 1 	 -1 
174.853		300 	 -131.955757906 	 -118.974228657 	 1 	 1 	 1 	 0 
176.661		308.213 	 45.3751560767 	 18.6113887938 	 1 	 1 	 1 	 -1 
181.979		316.102 	 270.134729488 	 178.938357151 	 1 	 1 	 1 	 -1 
190.511		323.413 	 -25.3820810653 	 78.1520328741 	 1 	 1 	 1 	 1 
201.845		330 	 -31.5013431001 	 10.975225112 	 0 	 1 	 1 	 0 
215.536		335.818 	 156.647907705 	 -170.849180827 	 1 	 1 	 1 	 1 
206.511		342.216 	 67.0240151856 	 -115.114276045 	 0 	 1 	 1 	 -1 
200.265		349.107 	 -88.3499555399 	 -110.452475071 	 1 	 0 	 1 	 -1 
197.068		356.329 	 139.436294267 	 -91.4679145677 	 1 	 0 	 1 	 -1 
197.068		3.6705 	 138.015410221 	 -96.0806976008 	 1 	 0 	 1 	 1 
200.265		10.8934 	 -75.8923798165 	 45.7596879983 	 1 	 0 	 1 	 0 
206.511		17.7836 	 -8.2815665207 	 -27.575536402 	 1 	 0 	 1 	 0 
215.536		24.1825 	 -9.2604362898 	 103.01701658 	 1 	 0 	 1 	 0 
227.007		30 	 71.7472594808 	 149.39236433 	 0 	 0 	 1 	 -1 
215.536		35.8175 	 -211.351352812 	 -124.558957249 	 0 	 0 	 1 	 -1 
206.511		42.2164 	 -127.810914032 	 21.9616401161 	 0 	 1 	 1 	 0 
200.265		49.1066 	 -185.83205987 	 108.763021698 	 0 	 0 	 1 	 1 
197.068		56.3295 	 -116.417357258 	 91.1609373238 	 1 	 0 	 1 	 0 
197.068		63.6705 	 63.8395339105 	 -128.390530295 	 1 	 1 	 1 	 -1 
200.265		70.8934 	 111.222969229 	 -146.788097446 	 1 	 0 	 1 	 -1 
206.511		77.7836 	 -69.9052032279 	 66.8431927809 	 0 	 1 	 1 	 0 
215.536		84.1825 	 23.6890373683 	 -75.6697842981 	 1 	 1 	 1 	 -1 
227.007		90 	 29.1208380149 	 -123.046619205 	 0 	 0 	 1 	 -1 
215.536		95.8175 	 -25.7804136232 	 122.224606069 	 1 	 0 	 1 	 0 
206.511		102.216 	 -0.16170377419 	 54.2356892095 	 0 	 0 	 1 	 0 
200.265		109.107 	 60.174480598 	 138.375781094 	 0 	 1 	 1 	 1 
197.068		116.33 	 -168.495967499 	 -178.086328882 	 1 	 1 	 1 	 -1 
197.068		123.671 	 -65.3681180372 	 41.5407603923 	 0 	 1 	 1 	 1 
200.265		130.893 	 27.313637642 	 -114.678625256 	 0 	 1 	 1 	 -1 
206.51		137.784 	 60.4950785278 	 -97.2499579895 	 1 	 0 	 1 	 -1 
215.536		144.182 	 -97.1589736579 	 29.7365831186 	 1 	 0 	 1 	 1 
227.007		150 	 -164.717588774 	 15.015259283 	 0 	 1 	 1 	 -1 
215.536		155.818 	 188.314573552 	 -169.007538792 	 1 	 0 	 1 	 1 
206.511		162.216 	 -147.457034983 	 31.4506219018 	 0 	 1 	 1 	 -1 
200.266		169.107 	 -3.23031838304 	 -126.621652029 	 1 	 1 	 1 	 0 
197.068		176.33 	 188.525651449 	 15.2937938201 	 0 	 1 	 1 	 0 
197.068		183.671 	 34.0155195558 	 -16.9576395889 	 0 	 0 	 1 	 0 
200.266		190.893 	 -33.0567846607 	 178.796190362 	 1 	 1 	 1 	 -1 
206.511		197.784 	 178.811394609 	 -45.283141962 	 0 	 0 	 1 	 0 
215.536		204.182 	 -104.262606673 	 60.3646958713 	 1 	 0 	 1 	 -1 
227.007		210 	 -3.97160356322 	 -64.5278033116 	 1 	 0 	 1 	 0 
215.536		215.818 	 693.899727073 	 -69.1270955897 	 1 	 0 	 1 	 -1 
206.51		222.216 	 52.8978051451 	 98.945481383 	 0 	 1 	 1 	 0 
200.265		229.107 	 219.659141047 	 126.801131275 	 0 	 0 	 1 	 -1 
197.068		236.329 	 234.003158115 	 151.320897211 	 1 	 1 	 1 	 1 
197.068		243.671 	 -204.424593504 	 -12.0198293062 	 1 	 1 	 1 	 1 
200.265		250.893 	 170.669443706 	 49.8364165794 	 0 	 0 	 1 	 1 
206.51		257.784 	 4.16665380906 	 145.673585871 	 1 	 0 	 1 	 -1 
215.536		264.182 	 263.399545935 	 -32.0748823856 	 1 	 0 	 1 	 1 
227.007		270 	 -179.055732281 	 -174.963874396 	 1 	 1 	 1 	 1 
215.536		275.818 	 -139.84906641 	 -83.4702465841 	 1 	 0 	 1 	 -1 
206.51		282.216 	 0.00494273378338 	 -48.7604010807 	 0 	 0 	 1 	 1 
200.265		289.107 	 -234.144575328 	 -56.3016082445 	 1 	 1 	 1 	 0 
197.068		296.329 	 -165.720681142 	 -25.0798826956 	 0 	 0 	 1 	 0 
197.068		303.67 	 -120.367258932 	 -124.519300552 	 0 	 0 	 1 	 1 
200.265		310.893 	 -304.642556819 	 126.224389003 	 0 	 0 	 1 	 -1 
206.511		317.784 	 45.109921065 	 -174.238612911 	 0 	 1 	 1 	 0 
227.008		330 	 105.522636863 	 120.966461089 	 1 	 1 	 1 	 -1 
240.57		335.209 	 -39.9360089235 	 -139.094815651 	 0 	 1 	 1 	 0 
231.161		340.893 	 38.7038787004 	 168.965253081 	 1 	 0 	 1 	 1 
224.195		346.996 	 -117.383420065 	 45.3797896906 	 1 	 1 	 1 	 1 
219.909		353.413 	 5.2746705009 	 -44.2674277426 	 0 	 1 	 1 	 1 
218.461		0 	 92.5431432783 	 -21.8619606911 	 1 	 1 	 1 	 -1 
219.909		6.58678 	 -32.638943331 	 -154.032134575 	 1 	 0 	 1 	 0 
224.195		13.0039 	 -4.26973127681 	 -178.984467558 	 0 	 1 	 1 	 0 
231.161		19.1066 	 9.74967500996 	 -154.689972328 	 1 	 1 	 1 	 0 
240.57		24.7913 	 -192.436892452 	 114.103745472 	 0 	 1 	 1 	 0 
252.146		30 	 139.6501239 	 174.110958422 	 0 	 0 	 1 	 1 
240.57		35.2087 	 215.224305209 	 -147.104102505 	 1 	 0 	 1 	 1 
231.161		40.8934 	 263.772369286 	 179.981172052 	 1 	 1 	 1 	 -1 
224.195		46.9961 	 -57.0314264885 	 147.97317096 	 0 	 1 	 1 	 0 
219.909		53.4132 	 -173.576145825 	 -139.804140938 	 0 	 1 	 1 	 -1 
218.461		60 	 173.324961045 	 43.3014269376 	 0 	 0 	 1 	 0 
219.909		66.5868 	 -196.154413868 	 67.0071604092 	 1 	 1 	 1 	 0 
224.195		73.0039 	 2.97813198151 	 125.323506075 	 1 	 0 	 1 	 1 
231.161		79.1066 	 258.679869099 	 -156.30489394 	 1 	 1 	 1 	 0 
240.57		84.7913 	 136.617067658 	 -69.8388656029 	 0 	 1 	 1 	 1 
240.57		95.2087 	 -6.04593062324 	 178.420663139 	 0 	 1 	 1 	 0 
231.161		100.893 	 107.19663381 	 77.5107806375 	 1 	 1 	 1 	 1 
224.195		106.996 	 216.15730351 	 -42.9376432297 	 0 	 1 	 1 	 1 
219.909		113.413 	 -102.86840098 	 114.115947553 	 1 	 0 	 1 	 -1 
218.461		120 	 -87.6220038513 	 -59.4411918259 	 0 	 0 	 1 	 1 
219.909		126.587 	 -55.2838800135 	 -11.3724914442 	 1 	 1 	 1 	 1 
224.195		133.004 	 -32.5012045341 	 -31.0751397711 	 0 	 0 	 1 	 -1 
231.161		139.107 	 -145.556119784 	 -116.35075156 	 0 	 0 	 1 	 -1 
252.146		150 	 186.07952406 	 42.1804476926 	 1 	 1 	 1 	 -1 
240.57		155.209 	 -64.1633490997 	 67.7823055155 	 0 	 1 	 1 	 0 
231.16		160.893 	 106.134025814 	 167.643498591 	 1 	 0 	 1 	 0 
224.196		166.996 	 -39.5109417819 	 -88.4801384682 	 0 	 1 	 1 	 -1 
219.909		173.413 	 -27.5732947653 	 24.1200775177 	 1 	 0 	 1 	 -1 
218.461		180 	 103.238610684 	 -116.387198709 	 1 	 1 	 1 	 0 
219.909		186.587 	 92.7615882205 	 -166.176942239 	 1 	 0 	 1 	 0 
224.196		193.004 	 163.886180612 	 -17.6321701433 	 0 	 1 	 1 	 1 
231.16		199.107 	 -41.6244461454 	 62.4261681123 	 1 	 0 	 1 	 1 
240.57		204.791 	 254.200112768 	 -57.9939668451 	 1 	 0 	 1 	 0 
252.146		210 	 124.703428398 	 124.508097699 	 0 	 0 	 1 	 0 
240.57		215.209 	 178.064867065 	 175.696110552 	 1 	 0 	 1 	 -1 
231.161		220.893 	 -253.481809627 	 95.4341401274 	 1 	 1 	 1 	 0 
224.196		226.996 	 161.792242374 	 -177.433001373 	 0 	 1 	 1 	 1 
219.909		233.413 	 183.132507349 	 -150.181151841 	 0 	 0 	 1 	 1 
218.461		240 	 73.1028686317 	 -99.0319629914 	 0 	 1 	 1 	 -1 
219.909		246.587 	 41.1392184021 	 -54.753151873 	 1 	 1 	 1 	 -1 
224.195		253.004 	 -56.6382526271 	 94.1347668555 	 0 	 1 	 1 	 -1 
231.16		259.107 	 95.8466360945 	 -134.964747418 	 0 	 1 	 1 	 0 
240.57		264.791 	 176.948674513 	 105.12076648 	 1 	 1 	 1 	 1 
252.146		270 	 -234.470472022 	 -124.616937185 	 0 	 1 	 1 	 0 
240.57		275.209 	 242.930595541 	 71.738074269 	 1 	 0 	 1 	 -1 
231.16		280.893 	 -323.231732009 	 -95.4305743319 	 1 	 1 	 1 	 1 
224.195		286.996 	 -42.3138491376 	 72.0610511862 	 1 	 0 	 1 	 1 
219.909		293.413 	 -44.1975773209 	 142.242402424 	 0 	 0 	 1 	 1 
218.461		300 	 -133.065896308 	 -83.0479271122 	 0 	 1 	 1 	 -1 
219.909		306.587 	 -96.4042669656 	 -74.6463556971 	 0 	 1 	 1 	 -1 
224.196		313.004 	 29.0520061388 	 -22.5005339243 	 0 	 0 	 1 	 0 
231.161		319.107 	 97.3628881948 	 82.9153756886 	 0 	 1 	 1 	 1 
240.57		324.791 	 148.884790094 	 -160.448033414 	 0 	 1 	 1 	 1 
252.146		330 	 151.147280024 	 66.5339267485 	 1 	 0 	 1 	 0 
265.601		334.715 	 -95.7942459902 	 160.651080033 	 1 	 1 	 1 	 1 
255.886		339.826 	 -107.801986466 	 -43.0334623749 	 1 	 0 	 1 	 0 
248.348		345.295 	 32.7123700424 	 -70.8103866871 	 0 	 1 	 1 	 1 
243.191		351.052 	 160.522068108 	 22.6419179372 	 1 	 0 	 1 	 1 
240.57		356.996 	 64.4709650814 	 -24.0297595066 	 0 	 0 	 1 	 -1 
240.57		3.00449 	 125.20680021 	 130.747149618 	 0 	 1 	 1 	 1 
243.191		8.94827 	 -107.930681825 	 157.349729624 	 0 	 0 	 1 	 -1 
248.348		14.7047 	 142.234225573 	 -115.017473385 	 0 	 1 	 1 	 0 
255.886		20.1736 	 -70.1351487589 	 163.524737562 	 0 	 1 	 1 	 0 
265.601		25.285 	 -37.5481493093 	 -178.857299609 	 0 	 0 	 1 	 -1 
277.258		30 	 185.689832076 	 147.213733978 	 1 	 1 	 1 	 -1 
265.601		34.715 	 71.7984411954 	 124.902667788 	 1 	 0 	 1 	 0 
255.887		39.8264 	 -126.637187922 	 105.176914167 	 0 	 1 	 1 	 -1 
248.348		45.2953 	 227.707143654 	 -114.111122558 	 1 	 1 	 1 	 0 
243.191		51.0517 	 73.686496334 	 -89.0108636301 	 0 	 0 	 1 	 0 
240.57		56.9955 	 -79.9494162835 	 25.0333089325 	 0 	 1 	 1 	 0 
240.57		63.0045 	 134.579299016 	 23.6345626587 	 0 	 1 	 1 	 0 
243.191		68.9483 	 179.742612191 	 10.4678036597 	 1 	 1 	 1 	 1 
248.348		74.7047 	 -170.385579104 	 -12.7331415176 	 1 	 0 	 1 	 0 
255.887		80.1736 	 -42.8728319463 	 -173.398539638 	 1 	 0 	 1 	 -1 
265.601		85.285 	 -1.62089158444 	 -69.6635811202 	 0 	 0 	 1 	 -1 
277.257		90 	 -15.659855957 	 113.828759843 	 1 	 0 	 1 	 -1 
265.601		94.715 	 121.945366137 	 178.433643498 	 1 	 0 	 1 	 1 
255.887		99.8264 	 3.15574617708 	 -99.8524362552 	 1 	 1 	 1 	 -1 
248.348		105.295 	 -6.03088339395 	 -128.388383297 	 1 	 1 	 1 	 -1 
243.191		111.052 	 236.250871349 	 129.822016102 	 1 	 0 	 1 	 -1 
240.57		116.996 	 223.470507528 	 163.314873905 	 1 	 1 	 1 	 1 
240.57		123.005 	 -123.358988427 	 117.446342129 	 1 	 0 	 1 	 1 
243.191		128.948 	 93.6800419651 	 128.52814491 	 0 	 0 	 1 	 0 
248.348		134.705 	 405.218408783 	 -27.7167815164 	 0 	 0 	 1 	 -1 
255.887		140.174 	 -79.0876153305 	 106.673834715 	 1 	 1 	 1 	 -1 
265.6		145.285 	 -84.6704577608 	 -20.6983487386 	 0 	 0 	 1 	 -1 
277.257		150 	 -207.466659893 	 -90.0233694344 	 1 	 1 	 1 	 1 
265.601		154.715 	 241.21828578 	 -36.9499953192 	 0 	 0 	 1 	 -1 
255.886		159.826 	 -140.779947829 	 28.2419389634 	 0 	 1 	 1 	 1 
248.348		165.295 	 283.682099807 	 101.314540082 	 1 	 0 	 1 	 -1 
243.191		171.052 	 -139.532614604 	 42.8784612816 	 1 	 0 	 1 	 -1 
240.57		176.996 	 -108.724268241 	 -167.659314055 	 1 	 0 	 1 	 1 
240.57		183.005 	 -37.8918177546 	 -64.6782409527 	 0 	 0 	 1 	 -1 
243.191		188.948 	 -31.9725057222 	 11.218965604 	 0 	 1 	 1 	 -1 
248.348		194.705 	 61.0595274651 	 21.2185827893 	 1 	 0 	 1 	 0 
255.886		200.174 	 -167.040969254 	 112.556144963 	 1 	 1 	 1 	 1 
265.601		205.285 	 33.4453077883 	 40.9847863876 	 0 	 0 	 1 	 -1 
277.258		210 	 96.8328891238 	 13.7118944785 	 1 	 1 	 1 	 0 
265.6		214.715 	 -235.695952615 	 125.068447653 	 0 	 1 	 1 	 1 
255.887		219.826 	 -50.3258778516 	 133.422903818 	 1 	 0 	 1 	 0 
248.348		225.295 	 200.443699405 	 163.03835872 	 0 	 1 	 1 	 -1 
243.191		231.052 	 -200.997180229 	 -49.6518743131 	 1 	 0 	 1 	 0 
240.57		236.995 	 -298.41643339 	 -158.29880402 	 1 	 0 	 1 	 1 
240.57		243.004 	 251.816112596 	 45.3824665356 	 0 	 1 	 1 	 0 
243.19		248.948 	 -28.4407120353 	 -127.030331304 	 0 	 1 	 1 	 0 
248.348		254.705 	 219.336185356 	 165.967807597 	 0 	 1 	 1 	 1 
255.886		260.174 	 -61.7839177527 	 115.79436523 	 1 	 0 	 1 	 -1 
265.601		265.285 	 126.288111815 	 -76.5229602101 	 0 	 1 	 1 	 -1 
277.258		270 	 -25.2574714437 	 -177.617260066 	 0 	 1 	 1 	 0 
265.601		274.715 	 -177.188337043 	 140.088931937 	 0 	 1 	 1 	 1 
255.886		279.826 	 24.8668894931 	 -177.44893 	 1 	 1 	 1 	 1 
248.348		285.295 	 -96.3316461585 	 70.6786271419 	 0 	 1 	 1 	 0 
243.19		291.052 	 78.1665009366 	 -132.208251034 	 1 	 1 	 1 	 -1 
240.57		296.996 	 -1.49245499644 	 -30.2303789763 	 1 	 1 	 1 	 0 
240.57		303.004 	 -65.6261382225 	 173.921727161 	 0 	 0 	 1 	 -1 
243.191		308.948 	 84.4979170579 	 -91.1870817448 	 1 	 0 	 1 	 -1 
248.348		314.705 	 -29.2615158288 	 -107.465730944 	 0 	 0 	 1 	 1 
255.886		320.174 	 60.9364643737 	 68.7938093174 	 0 	 1 	 1 	 1 
265.6		325.285 	 65.3648318415 	 173.31140312 	 1 	 1 	 1 	 -1 
277.258		330 	 13.649858045 	 -83.774609503 	 0 	 1 	 1 	 -1 
290.619		334.307 	 2.11070668253 	 114.574454864 	 0 	 0 	 1 	 1 
280.659		338.948 	 -95.7818207719 	 -46.7082741077 	 0 	 1 	 1 	 1 
272.656		343.898 	 20.9733736381 	 -153.788499606 	 0 	 0 	 1 	 -1 
266.79		349.107 	 -121.760031521 	 5.70227884599 	 1 	 1 	 1 	 0 
263.206		354.504 	 169.573543027 	 -170.019466832 	 0 	 1 	 1 	 -1 
262.001		0 	 -96.0675247102 	 -99.6010019613 	 1 	 0 	 1 	 0 
263.206		5.49637 	 281.751879988 	 -36.7049507657 	 1 	 1 	 1 	 0 
266.79		10.8934 	 -424.789820027 	 -114.020731323 	 0 	 0 	 1 	 0 
272.656		16.1021 	 -181.342217863 	 -48.0116126002 	 1 	 0 	 1 	 1 
280.659		21.0517 	 -278.963182513 	 104.510230189 	 1 	 0 	 1 	 1 
290.619		25.6934 	 352.395758773 	 176.123610481 	 1 	 1 	 1 	 -1 
302.34		30 	 172.221987891 	 -54.757884385 	 1 	 1 	 1 	 -1 
290.619		34.3066 	 36.4052313169 	 42.7760037354 	 0 	 1 	 1 	 0 
280.659		38.9483 	 -23.700749829 	 48.1111597209 	 0 	 1 	 1 	 1 
272.656		43.8979 	 187.307230448 	 61.620118653 	 0 	 1 	 1 	 1 
266.789		49.1066 	 -151.053749431 	 34.9708031028 	 1 	 0 	 1 	 -1 
263.206		54.5036 	 -29.353097491 	 14.1048175857 	 0 	 0 	 1 	 1 
262.001		60 	 46.7420533719 	 -79.5020722772 	 0 	 0 	 1 	 1 
263.206		65.4964 	 -311.204069414 	 -141.128135635 	 0 	 0 	 1 	 1 
266.79		70.8934 	 -77.2736658835 	 -38.723802108 	 0 	 0 	 1 	 0 
272.656		76.1021 	 205.053350289 	 -21.3259199559 	 0 	 0 	 1 	 -1 
280.659		81.0517 	 -195.900801924 	 107.861391929 	 1 	 0 	 1 	 -1 
290.619		85.6934 	 -44.9450442497 	 123.065340981 	 1 	 1 	 1 	 -1 
302.34		90 	 109.93918345 	 -33.9808940508 	 0 	 1 	 1 	 0 
290.619		94.3066 	 -30.0948264503 	 148.274422229 	 1 	 0 	 1 	 -1 
280.659		98.9483 	 111.551717403 	 132.316734173 	 0 	 0 	 1 	 1 
272.655		103.898 	 173.563648885 	 175.310313136 	 1 	 1 	 1 	 0 
266.79		109.107 	 -52.3945542983 	 115.329447297 	 1 	 1 	 1 	 0 
263.206		114.504 	 -197.437010002 	 145.104406781 	 0 	 1 	 1 	 0 
262		120 	 -208.030704995 	 21.6736733724 	 1 	 1 	 1 	 -1 
263.206		125.496 	 234.485998894 	 -3.14019090759 	 0 	 0 	 1 	 1 
266.79		130.893 	 -11.2987559999 	 -5.41762280863 	 0 	 1 	 1 	 1 
272.655		136.102 	 22.0865651564 	 56.7387668966 	 1 	 1 	 1 	 -1 
280.659		141.052 	 -23.6739283879 	 -156.266037942 	 1 	 0 	 1 	 0 
290.619		145.693 	 -323.509441667 	 86.5804412364 	 0 	 0 	 1 	 0 
302.34		150 	 153.524548757 	 156.389028051 	 0 	 1 	 1 	 -1 
290.619		154.307 	 -41.4247486556 	 -65.0802496608 	 0 	 0 	 1 	 1 
280.659		158.948 	 -222.460072 	 8.6428006119 	 1 	 0 	 1 	 0 
272.656		163.898 	 415.603587792 	 66.0469813769 	 1 	 1 	 1 	 1 
266.789		169.107 	 51.2518215126 	 0.000345125944023 	 0 	 1 	 1 	 0 
263.206		174.504 	 222.290086805 	 -144.740409352 	 0 	 1 	 1 	 -1 
262.001		180 	 89.7611577684 	 -54.6317599799 	 1 	 1 	 1 	 0 
263.206		185.496 	 57.3621122679 	 116.248156919 	 1 	 0 	 1 	 0 
266.789		190.893 	 -212.466940328 	 153.774132794 	 1 	 0 	 1 	 1 
272.656		196.102 	 -63.889020286 	 -132.989109304 	 1 	 0 	 1 	 1 
280.659		201.052 	 -157.815131811 	 93.3732213046 	 0 	 0 	 1 	 1 
290.619		205.693 	 -20.6782108267 	 156.435667995 	 0 	 1 	 1 	 -1 
302.34		210 	 -58.088257257 	 -123.637354618 	 1 	 1 	 1 	 0 
290.619		214.307 	 192.697891175 	 -142.585670732 	 0 	 1 	 1 	 -1 
280.658		218.948 	 467.618079531 	 -12.4584274514 	 1 	 0 	 1 	 0 
272.656		223.898 	 -36.0259169049 	 17.1600323497 	 1 	 0 	 1 	 1 
266.79		229.107 	 -124.073927383 	 155.497445115 	 0 	 0 	 1 	 0 
263.206		234.504 	 116.06715712 	 -82.1131826455 	 0 	 1 	 1 	 0 
262		240 	 268.059657129 	 78.1820448778 	 1 	 1 	 1 	 1 
263.206		245.496 	 361.02082417 	 168.223383322 	 1 	 0 	 1 	 -1 
266.789		250.893 	 -13.706732579 	 -47.843550038 	 1 	 0 	 1 	 1 
272.656		256.102 	 -81.6023910859 	 -16.8382151401 	 0 	 0 	 1 	 -1 
280.659		261.052 	 -7.91091817328 	 -120.873070343 	 0 	 0 	 1 	 0 
290.62		265.693 	 -325.400289848 	 169.86847072 	 0 	 0 	 1 	 0 
302.34		270 	 -273.634197211 	 -8.86780101189 	 1 	 1 	 1 	 1 
290.62		274.307 	 -164.301500297 	 87.5446650589 	 1 	 1 	 1 	 0 
280.659		278.948 	 146.256624862 	 -62.691869235 	 0 	 1 	 1 	 0 
272.656		283.898 	 304.51511983 	 -106.212947446 	 1 	 0 	 1 	 0 
266.789		289.107 	 -15.6282006669 	 -22.1006414482 	 1 	 0 	 1 	 0 
263.206		294.504 	 188.912396591 	 -50.6434061339 	 0 	 0 	 1 	 0 
262		300 	 -172.512723036 	 103.086079684 	 0 	 0 	 1 	 1 
263.206		305.496 	 198.108633006 	 -78.2253329524 	 1 	 0 	 1 	 1 
266.79		310.893 	 -297.054215407 	 79.8544870894 	 1 	 0 	 1 	 -1 
272.656		316.102 	 -81.4321827131 	 -52.9091546711 	 1 	 0 	 1 	 1 
280.659		321.052 	 3.23688319064 	 24.7485160585 	 0 	 1 	 1 	 -1 
290.619		325.693 	 152.04751563 	 -166.852628274 	 1 	 0 	 1 	 -1 
302.34		330 	 41.0807671651 	 138.680207041 	 1 	 0 	 1 	 -1 
315.62		333.963 	 217.39415252 	 -19.4909443948 	 0 	 0 	 1 	 0 
305.457		338.213 	 158.515304539 	 130.872639534 	 1 	 1 	 1 	 -1 
297.071		342.731 	 69.0850565004 	 23.3928242725 	 0 	 0 	 1 	 -1 
290.619		347.48 	 -160.051019522 	 21.4702869908 	 0 	 1 	 1 	 -1 
286.236		352.411 	 96.1214611199 	 -12.1985946982 	 1 	 1 	 1 	 0 
284.018		357.457 	 -357.831580632 	 32.4495066891 	 1 	 0 	 1 	 1 
284.018		2.54292 	 -27.4257057038 	 142.907649266 	 1 	 1 	 1 	 0 
286.236		7.58909 	 48.2105337124 	 12.5479444153 	 1 	 1 	 1 	 0 
290.619		12.5198 	 48.3920494234 	 -177.770656273 	 0 	 0 	 1 	 -1 
297.071		17.2695 	 19.310917186 	 -71.8508358466 	 1 	 1 	 1 	 0 
305.457		21.7868 	 -224.523433689 	 -34.0225788659 	 0 	 0 	 1 	 0 
315.62		26.0368 	 182.667078062 	 49.0841400403 	 0 	 1 	 1 	 -1 
327.39		30 	 -20.2684590966 	 -32.3157333458 	 1 	 1 	 1 	 1 
305.457		38.2132 	 -310.093856767 	 18.194294279 	 0 	 0 	 1 	 1 
297.071		42.7305 	 -310.153172318 	 30.2937088805 	 1 	 0 	 1 	 -1 
290.619		47.4802 	 185.628749614 	 -32.1436455956 	 1 	 1 	 1 	 0 
286.236		52.4109 	 -85.4517604762 	 153.901667407 	 0 	 0 	 1 	 -1 
284.018		57.4571 	 71.8339358418 	 41.2372361358 	 1 	 0 	 1 	 0 
284.018		62.5429 	 -116.105105237 	 -36.4125047773 	 0 	 0 	 1 	 -1 
286.236		67.5891 	 75.8748820649 	 71.8511085057 	 0 	 1 	 1 	 1 
290.619		72.5198 	 -207.144904747 	 -102.930311756 	 1 	 1 	 1 	 1 
297.071		77.2695 	 239.890034596 	 106.148829881 	 0 	 1 	 1 	 0 
305.457		81.7868 	 73.3844812366 	 -56.7275837033 	 0 	 0 	 1 	 0 
315.62		86.0368 	 -25.2245337124 	 -162.479498749 	 0 	 1 	 1 	 1 
327.39		90 	 -27.9806260225 	 -84.819181519 	 1 	 0 	 1 	 -1 
315.62		93.9632 	 -6.10599344171 	 7.43464495222 	 0 	 1 	 1 	 -1 
305.457		98.2132 	 -392.044365725 	 140.00485653 	 0 	 1 	 1 	 1 
297.071		102.731 	 54.6123878346 	 85.3268831454 	 0 	 0 	 1 	 1 
290.619		107.48 	 1.85308226196 	 0.718023372181 	 0 	 1 	 1 	 1 
286.236		112.411 	 -317.431328065 	 62.8799652694 	 0 	 1 	 1 	 1 
284.018		117.457 	 -238.009400083 	 -29.892675225 	 0 	 0 	 1 	 1 
284.018		122.543 	 -53.8152849383 	 79.9880544878 	 1 	 1 	 1 	 -1 
286.236		127.589 	 83.2822760541 	 136.945639945 	 0 	 1 	 1 	 -1 
290.62		132.52 	 58.2841103516 	 19.1724464519 	 0 	 1 	 1 	 0 
297.071		137.269 	 72.158199377 	 121.498017447 	 0 	 1 	 1 	 -1 
305.457		141.787 	 56.6135761256 	 -140.1882152 	 1 	 1 	 1 	 1 
315.62		146.037 	 -134.87203316 	 -111.176675691 	 1 	 1 	 1 	 -1 
327.39		150 	 -19.4361401157 	 -162.991460474 	 0 	 0 	 1 	 -1 
315.619		153.963 	 8.53098852953 	 164.144673627 	 1 	 1 	 1 	 1 
305.457		158.213 	 -61.0822394294 	 -160.8402111 	 1 	 0 	 1 	 1 
297.071		162.731 	 84.9353178859 	 94.8166608335 	 0 	 1 	 1 	 0 
290.62		167.48 	 238.299041325 	 -95.9990048025 	 1 	 1 	 1 	 1 
286.236		172.411 	 85.0023207304 	 -60.7060980918 	 1 	 1 	 1 	 1 
284.019		177.457 	 15.1521691353 	 39.7491669051 	 0 	 0 	 1 	 0 
284.019		182.543 	 41.1579177669 	 -137.046331505 	 0 	 0 	 1 	 1 
286.236		187.589 	 138.214436828 	 91.4471784328 	 1 	 0 	 1 	 -1 
290.62		192.52 	 180.077843404 	 -128.928703016 	 0 	 0 	 1 	 -1 
297.071		197.269 	 -207.211768148 	 162.618429333 	 1 	 0 	 1 	 1 
305.457		201.787 	 216.382791824 	 62.5770342797 	 0 	 1 	 1 	 0 
315.62		206.037 	 -38.087580341 	 81.5819201005 	 1 	 1 	 1 	 -1 
327.39		210 	 96.0468933096 	 71.0797898052 	 1 	 1 	 1 	 -1 
315.62		213.963 	 21.3023197174 	 90.6613706417 	 0 	 0 	 1 	 1 
305.457		218.213 	 -461.725324176 	 62.2146479007 	 1 	 0 	 1 	 1 
297.071		222.731 	 -106.051723077 	 60.4421191449 	 1 	 1 	 1 	 1 
290.619		227.48 	 -91.4857932355 	 -94.7996588106 	 0 	 1 	 1 	 1 
286.236		232.411 	 -64.9380385094 	 19.7103149046 	 0 	 0 	 1 	 1 
284.018		237.457 	 56.2411378357 	 -149.803317292 	 0 	 1 	 1 	 -1 
284.019		242.543 	 -52.8829086907 	 143.794286821 	 0 	 0 	 1 	 0 
286.236		247.589 	 169.088914029 	 7.90112719402 	 0 	 1 	 1 	 1 
290.62		252.52 	 -99.0082970499 	 68.1519778627 	 1 	 1 	 1 	 0 
297.071		257.269 	 -33.3584750189 	 50.7743209115 	 1 	 1 	 1 	 0 
305.457		261.787 	 -326.845847979 	 -115.448559523 	 0 	 0 	 1 	 0 
315.62		266.037 	 560.205824216 	 -102.586709936 	 1 	 1 	 1 	 1 
327.39		270 	 -185.211155908 	 -179.333441713 	 0 	 0 	 1 	 1 
315.62		273.963 	 165.813505852 	 56.4134862818 	 1 	 1 	 1 	 -1 
305.457		278.213 	 -144.331963592 	 59.4845798762 	 0 	 0 	 1 	 0 
297.071		282.731 	 115.904956128 	 169.470943956 	 1 	 1 	 1 	 -1 
290.62		287.48 	 40.3718678107 	 -54.6473226219 	 0 	 1 	 1 	 -1 
286.236		292.411 	 -137.41848222 	 -177.438412601 	 0 	 1 	 1 	 -1 
284.019		297.457 	 -195.67433587 	 -2.16252584898 	 0 	 1 	 1 	 -1 
284.018		302.543 	 96.4640318086 	 84.3563121255 	 1 	 0 	 1 	 -1 
286.236		307.589 	 50.3523411211 	 175.553593201 	 1 	 1 	 1 	 -1 
290.619		312.52 	 41.478985648 	 47.3914961954 	 1 	 0 	 1 	 -1 
297.071		317.269 	 106.55201596 	 8.66839266463 	 1 	 0 	 1 	 1 
305.457		321.787 	 -226.405474047 	 -163.358024741 	 1 	 0 	 1 	 -1 
327.39		330 	 118.631185494 	 92.3737168008 	 0 	 0 	 1 	 0 
340.597		333.67 	 -120.656665519 	 71.5144696319 	 0 	 0 	 1 	 1 
330.266		337.589 	 -101.044356358 	 -94.547210775 	 1 	 0 	 1 	 -1 
321.56		341.742 	 -213.420346318 	 77.175145887 	 1 	 1 	 1 	 0 
314.619		346.102 	 88.2899929035 	 113.140337608 	 1 	 0 	 1 	 0 
309.563		350.633 	 136.472224106 	 -97.0645931944 	 0 	 1 	 1 	 -1 
306.489		355.285 	 45.9586383354 	 -127.774387786 	 0 	 0 	 1 	 1 
305.457		0 	 -73.7969283348 	 68.7158227098 	 1 	 0 	 1 	 -1 
306.489		4.715 	 -40.1264663898 	 -9.49711027896 	 0 	 1 	 1 	 0 
309.563		9.367 	 -165.949345539 	 40.5473341185 	 0 	 1 	 1 	 1 
314.619		13.8979 	 -158.358454931 	 6.88343834659 	 0 	 0 	 1 	 0 
321.56		18.2585 	 190.002555366 	 97.6706681905 	 0 	 0 	 1 	 -1 
330.266		22.4109 	 426.590674988 	 123.625285289 	 1 	 1 	 1 	 -1 
340.597		26.3295 	 34.0794540623 	 10.9039690859 	 1 	 0 	 1 	 -1 
352.406		30 	 267.318868329 	 34.0594436401 	 1 	 0 	 1 	 0 
340.597		33.6705 	 166.131911988 	 23.0482055815 	 0 	 0 	 1 	 -1 
330.266		37.5891 	 -193.011148079 	 179.845609608 	 1 	 0 	 1 	 -1 
321.56		41.7415 	 -156.880475596 	 -92.4652748023 	 1 	 1 	 1 	 -1 
314.619		46.1021 	 117.089042625 	 39.3769119413 	 1 	 0 	 1 	 -1 
309.563		50.633 	 -183.064861195 	 -71.7002222548 	 1 	 0 	 1 	 1 
306.489		55.285 	 -222.225180259 	 -7.54613038078 	 1 	 0 	 1 	 -1 
305.457		60 	 -195.658911258 	 -6.73389223331 	 0 	 1 	 1 	 -1 
306.489		64.715 	 119.410280892 	 -112.880710373 	 1 	 0 	 1 	 1 
309.563		69.367 	 115.43963676 	 69.2558685187 	 0 	 1 	 1 	 -1 
314.619		73.8979 	 -230.481161024 	 109.315669745 	 0 	 0 	 1 	 -1 
321.56		78.2585 	 119.678073894 	 -124.412847593 	 1 	 0 	 1 	 -1 
330.266		82.4109 	 92.0662238756 	 -95.7775444901 	 1 	 1 	 1 	 0 
340.597		86.3295 	 -135.954499556 	 30.1678405007 	 0 	 1 	 1 	 -1 
352.406		90 	 -114.891703481 	 169.781309679 	 0 	 1 	 1 	 0 
340.597		93.6705 	 43.3133640739 	 179.21327153 	 1 	 1 	 1 	 -1 
330.266		97.5891 	 31.5666050146 	 6.86007608688 	 0 	 1 	 1 	 -1 
321.56		101.742 	 -268.618222324 	 174.789555315 	 1 	 1 	 1 	 1 
314.619		106.102 	 107.676714953 	 -102.791950657 	 0 	 1 	 1 	 -1 
309.563		110.633 	 -19.4571595003 	 -24.0736290311 	 0 	 1 	 1 	 -1 
306.489		115.285 	 47.8663945185 	 -89.448951368 	 0 	 1 	 1 	 -1 
305.457		120 	 -69.4337012681 	 -161.797057708 	 0 	 1 	 1 	 -1 
306.489		124.715 	 -26.5077994981 	 3.63894129849 	 1 	 1 	 1 	 1 
309.563		129.367 	 -134.193336068 	 39.1690669367 	 0 	 1 	 1 	 1 
314.619		133.898 	 141.913464941 	 -60.1739229653 	 0 	 1 	 1 	 -1 
321.56		138.258 	 -25.098554824 	 -55.8570147235 	 0 	 0 	 1 	 -1 
330.266		142.411 	 -2.60085748098 	 -3.89741004313 	 0 	 1 	 1 	 1 
340.597		146.329 	 118.213002822 	 -70.7901285557 	 1 	 1 	 1 	 0 
352.406		150 	 -164.781379763 	 -39.4229404416 	 1 	 0 	 1 	 0 
340.597		153.671 	 -268.844779697 	 9.24717119012 	 1 	 0 	 1 	 1 
330.266		157.589 	 -83.787525142 	 -112.188675927 	 1 	 0 	 1 	 0 
321.561		161.742 	 42.5864180971 	 117.484421498 	 0 	 0 	 1 	 0 
314.618		166.102 	 146.901488153 	 -8.28249280195 	 0 	 1 	 1 	 0 
309.563		170.633 	 230.853059091 	 -47.6490715231 	 1 	 1 	 1 	 1 
306.488		175.285 	 -241.137010285 	 -96.5172919103 	 1 	 0 	 1 	 0 
305.457		180 	 297.40908782 	 143.877860859 	 1 	 1 	 1 	 -1 
306.488		184.715 	 481.058632497 	 11.5816358298 	 1 	 0 	 1 	 1 
309.563		189.367 	 -94.9174998184 	 43.6093135355 	 1 	 1 	 1 	 0 
314.618		193.898 	 52.0251864866 	 -160.941972873 	 0 	 0 	 1 	 1 
321.561		198.258 	 -159.706249022 	 45.1928187083 	 1 	 1 	 1 	 0 
330.266		202.411 	 -317.245047028 	 28.3623880082 	 0 	 1 	 1 	 1 
340.597		206.329 	 -30.391056408 	 -37.1686183466 	 0 	 1 	 1 	 0 
352.406		210 	 36.6480769917 	 -34.565754653 	 1 	 1 	 1 	 1 
330.266		217.589 	 -201.067185596 	 8.92512840937 	 1 	 0 	 1 	 -1 
321.56		221.742 	 112.09569844 	 -89.807832728 	 0 	 1 	 1 	 -1 
314.619		226.102 	 81.1780101492 	 6.58636656392 	 1 	 1 	 1 	 -1 
309.563		230.633 	 -112.44978527 	 156.709543744 	 1 	 0 	 1 	 0 
306.489		235.285 	 -141.702762542 	 -56.4187283475 	 1 	 1 	 1 	 -1 
305.456		240 	 124.35933324 	 58.5945040405 	 0 	 0 	 1 	 1 
306.488		244.715 	 223.679793915 	 147.90958583 	 1 	 1 	 1 	 0 
309.563		249.367 	 109.071123778 	 41.0418900606 	 0 	 0 	 1 	 0 
314.619		253.898 	 -121.965002652 	 39.3180624841 	 1 	 1 	 1 	 0 
321.56		258.258 	 63.1460794412 	 -114.926948634 	 1 	 1 	 1 	 1 
330.266		262.411 	 -55.8031280148 	 -26.5938478171 	 0 	 1 	 1 	 -1 
340.597		266.33 	 54.7200441809 	 133.50843002 	 0 	 1 	 1 	 0 
340.597		273.671 	 169.473263586 	 16.3374370933 	 1 	 0 	 1 	 0 
330.266		277.589 	 216.460761476 	 -56.8718152639 	 1 	 1 	 1 	 0 
321.56		281.742 	 219.574416157 	 29.8944508004 	 0 	 0 	 1 	 0 
314.619		286.102 	 221.47422905 	 -83.2515910027 	 0 	 1 	 1 	 -1 
309.563		290.633 	 -116.326693764 	 138.112625238 	 1 	 1 	 1 	 0 
306.488		295.285 	 119.162526218 	 40.8066691226 	 1 	 0 	 1 	 -1 
305.457		300 	 1.88377592688 	 -101.012218809 	 0 	 0 	 1 	 0 
306.489		304.715 	 -325.284078687 	 74.3861176149 	 0 	 0 	 1 	 -1 
309.563		309.367 	 -64.1024546828 	 135.138734594 	 1 	 1 	 1 	 1 
314.619		313.898 	 24.8112003309 	 -68.2787787385 	 1 	 0 	 1 	 0 
321.56		318.258 	 -126.213010257 	 166.238711736 	 0 	 1 	 1 	 1 
330.266		322.411 	 44.2591615325 	 46.9615913041 	 0 	 0 	 1 	 -1 
340.597		326.33 	 -179.95713454 	 -46.0004809248 	 1 	 0 	 1 	 0 
352.406		330 	 -244.408904797 	 -55.1495006869 	 1 	 0 	 1 	 0 
365.546		333.418 	 -136.432163932 	 19.917437481 	 0 	 1 	 1 	 -1 
355.074		337.053 	 40.3915189909 	 161.099832574 	 1 	 0 	 1 	 1 
346.099		340.893 	 160.230227349 	 130.572505119 	 1 	 0 	 1 	 -1 
338.742		344.921 	 -42.0941773949 	 -10.9503419945 	 0 	 1 	 1 	 -1 
333.116		349.107 	 25.2998449773 	 174.150783508 	 1 	 1 	 1 	 1 
329.31		353.413 	 -267.919199196 	 158.142234106 	 0 	 0 	 1 	 -1 
327.39		357.796 	 -160.551496631 	 -16.734523017 	 0 	 1 	 1 	 0 
327.39		2.20423 	 -259.623646991 	 -131.03517837 	 0 	 0 	 1 	 1 
329.31		6.58678 	 159.960520011 	 0.819991463817 	 1 	 0 	 1 	 0 
333.116		10.8934 	 69.3116278703 	 80.2338291994 	 0 	 0 	 1 	 0 
338.742		15.0791 	 -217.077371591 	 -156.376861925 	 1 	 0 	 1 	 1 
346.099		19.1066 	 -62.6406039417 	 90.5939783763 	 1 	 0 	 1 	 -1 
355.074		22.9473 	 -63.5669794097 	 71.0094363326 	 1 	 0 	 1 	 -1 
365.546		26.582 	 71.6544574645 	 -164.305031839 	 0 	 0 	 1 	 1 
377.385		30 	 -202.544384586 	 -26.288137938 	 1 	 1 	 1 	 -1 
365.546		33.418 	 14.5670610253 	 -50.4353474822 	 0 	 1 	 1 	 0 
355.074		37.0527 	 78.1397627961 	 49.5094753702 	 0 	 0 	 1 	 0 
346.099		40.8934 	 112.69133842 	 96.3668885546 	 0 	 0 	 1 	 1 
338.743		44.9209 	 -100.274188103 	 3.90188062101 	 0 	 1 	 1 	 1 
333.116		49.1066 	 21.5786950438 	 -78.9988340087 	 0 	 1 	 1 	 1 
329.31		53.4132 	 -204.915893542 	 89.2859229108 	 1 	 1 	 1 	 1 
327.39		57.7958 	 41.3534683068 	 173.966614671 	 0 	 0 	 1 	 0 
327.39		62.2042 	 75.622218501 	 -136.369953143 	 1 	 1 	 1 	 0 
329.31		66.5868 	 216.550117402 	 -8.27859209439 	 1 	 0 	 1 	 1 
333.116		70.8934 	 229.713274285 	 8.41999910426 	 1 	 0 	 1 	 -1 
338.742		75.0791 	 -53.2312966878 	 100.274923072 	 1 	 0 	 1 	 -1 
346.099		79.1066 	 121.072084718 	 -98.9925024272 	 0 	 1 	 1 	 -1 
355.074		82.9473 	 -108.257753883 	 -30.7968244407 	 1 	 0 	 1 	 1 
