25.2587		30 	 19.3825631061 	 3.74602655953 	 1 	 0 	 1 	 -1 
25.2587		90 	 36.0006653204 	 120.841419095 	 0 	 1 	 1 	 1 
25.2587		150 	 19.7234850347 	 -173.791611473 	 0 	 0 	 1 	 0 
25.2587		210 	 13.5545198394 	 -157.696014911 	 0 	 1 	 1 	 0 
25.2587		270 	 21.6368035395 	 -60.328504421 	 0 	 1 	 1 	 0 
43.7478		0 	 51.1511473949 	 23.5236544869 	 0 	 0 	 1 	 -1 
50.5147		30 	 40.9587413215 	 54.8398364511 	 0 	 0 	 1 	 0 
43.7478		60 	 53.7807581019 	 42.5654141296 	 1 	 0 	 1 	 1 
50.5147		90 	 28.2482110279 	 88.0301137619 	 1 	 0 	 1 	 -1 
43.7478		120 	 21.5054525583 	 120.012127075 	 1 	 1 	 1 	 1 
50.5147		150 	 55.1796177425 	 137.746452244 	 1 	 1 	 1 	 1 
43.7478		180 	 23.9562569447 	 -171.157292081 	 1 	 1 	 1 	 -1 
50.5147		210 	 62.9575017529 	 -146.416226685 	 1 	 1 	 1 	 0 
43.7478		240 	 58.0501333212 	 -129.3933528 	 1 	 0 	 1 	 -1 
43.7478		300 	 27.3971261342 	 -41.071096208 	 1 	 0 	 1 	 0 
50.5148		330 	 57.8665819099 	 -24.6537820982 	 1 	 1 	 1 	 1 
66.8212		349.107 	 69.7938465834 	 -3.85302210601 	 0 	 1 	 1 	 -1 
66.8212		10.8934 	 65.8420942016 	 3.87043965059 	 1 	 0 	 1 	 0 
75.7654		30 	 63.3920114832 	 41.9411333551 	 0 	 1 	 1 	 -1 
66.8212		49.1066 	 75.9522341896 	 47.3273367465 	 0 	 0 	 1 	 0 
66.8212		70.8934 	 82.6077945355 	 65.1345806008 	 1 	 1 	 1 	 1 
75.7654		90 	 72.8557001083 	 76.3006845957 	 1 	 1 	 1 	 -1 
66.8212		109.107 	 58.1378000251 	 117.424120904 	 1 	 1 	 1 	 -1 
66.8212		130.893 	 75.5314380173 	 121.032930127 	 0 	 1 	 1 	 0 
75.7654		150 	 80.0401162155 	 139.152672603 	 0 	 0 	 1 	 -1 
66.8212		169.107 	 73.1198291239 	 -174.638687086 	 0 	 0 	 1 	 1 
66.8212		190.893 	 87.239462178 	 -172.231885043 	 0 	 0 	 1 	 1 
66.8212		229.107 	 76.6657823018 	 -131.408113991 	 0 	 0 	 1 	 0 
66.8212		250.893 	 79.5597675106 	 -115.534379097 	 0 	 1 	 1 	 0 
75.7654		270 	 83.6595863641 	 -94.7582954759 	 1 	 1 	 1 	 1 
66.8212		289.107 	 80.1055298506 	 -69.0231269566 	 0 	 1 	 1 	 -1 
66.8212		310.893 	 81.9292541595 	 -58.8175058991 	 0 	 1 	 1 	 1 
75.7654		330 	 65.1830658661 	 -40.8785038375 	 0 	 0 	 1 	 -1 
91.0523		343.898 	 105.975018671 	 -13.8970843338 	 1 	 1 	 1 	 0 
87.4818		0 	 95.1627045869 	 5.19700963184 	 1 	 1 	 1 	 1 
91.0523		16.1021 	 81.246595842 	 22.4379885718 	 1 	 1 	 1 	 0 
101.008		30 	 89.3151306073 	 21.5046827703 	 0 	 1 	 1 	 0 
91.0523		43.8979 	 83.2650956481 	 32.6334190585 	 1 	 1 	 1 	 1 
87.4818		60 	 102.092832159 	 62.2416704563 	 1 	 0 	 1 	 0 
91.0523		76.1021 	 70.9472699814 	 75.946806871 	 0 	 1 	 1 	 0 
91.0523		103.898 	 84.212173722 	 108.244205235 	 1 	 1 	 1 	 0 
87.4818		120 	 90.1127035199 	 113.118287656 	 1 	 0 	 1 	 0 
91.0523		136.102 	 101.187805112 	 139.610108607 	 1 	 0 	 1 	 1 
91.0523		163.898 	 73.1021187437 	 172.963561932 	 0 	 1 	 1 	 -1 
87.4818		180 	 106.533711486 	 -173.006740733 	 1 	 1 	 1 	 1 
91.0523		196.102 	 94.4251162304 	 -177.031605245 	 0 	 0 	 1 	 -1 
101.008		210 	 92.1507665853 	 -157.728930974 	 1 	 1 	 1 	 1 
91.0523		223.898 	 73.7031912439 	 -139.994227283 	 0 	 1 	 1 	 -1 
87.4818		240 	 93.5310891837 	 -117.157500533 	 1 	 1 	 1 	 -1 
91.0523		256.102 	 87.082014295 	 -98.5605003544 	 1 	 1 	 1 	 -1 
101.008		270 	 96.0349428971 	 -78.385334122 	 0 	 0 	 1 	 1 
91.0523		283.898 	 79.9540891731 	 -82.5141969174 	 0 	 1 	 1 	 0 
87.4817		300 	 83.6981585092 	 -52.9098743869 	 0 	 0 	 1 	 -1 
91.0523		316.102 	 90.5588395949 	 -55.0296958875 	 0 	 0 	 1 	 0 
101.008		330 	 81.5414269092 	 -24.838557504 	 0 	 1 	 1 	 1 
115.709		340.893 	 117.748038646 	 -24.8391254846 	 1 	 0 	 1 	 -1 
110.065		353.413 	 96.0327107034 	 -2.37848566962 	 1 	 1 	 1 	 1 
110.065		6.58677 	 103.4819802 	 10.1360668591 	 1 	 1 	 1 	 1 
115.709		19.1066 	 98.5026368529 	 13.9027472113 	 0 	 1 	 1 	 -1 
126.24		30 	 112.944044065 	 31.9623148827 	 1 	 1 	 1 	 1 
115.709		40.8934 	 116.902411227 	 34.9707432842 	 0 	 1 	 1 	 0 
110.065		53.4132 	 116.734390929 	 57.4423845534 	 0 	 0 	 1 	 -1 
110.065		66.5868 	 126.695098898 	 67.7884293321 	 0 	 0 	 1 	 0 
115.709		79.1066 	 127.662274436 	 71.1188167846 	 1 	 1 	 1 	 0 
126.24		90 	 126.429799566 	 83.5188393108 	 1 	 1 	 1 	 -1 
115.709		100.893 	 99.2440951372 	 107.027610286 	 0 	 1 	 1 	 -1 
110.065		113.413 	 112.648239373 	 109.171498042 	 1 	 1 	 1 	 0 
110.065		126.587 	 100.811009768 	 121.500297891 	 1 	 0 	 1 	 1 
115.709		139.107 	 119.027067345 	 145.691840459 	 0 	 0 	 1 	 0 
126.24		150 	 116.889407864 	 158.315386214 	 0 	 0 	 1 	 1 
115.709		160.893 	 118.846792416 	 170.21475383 	 0 	 1 	 1 	 0 
110.066		173.413 	 109.586881802 	 179.853273434 	 1 	 0 	 1 	 1 
110.066		186.587 	 126.598998362 	 -173.09057125 	 1 	 0 	 1 	 0 
115.709		199.107 	 103.832613829 	 -157.824652076 	 1 	 1 	 1 	 0 
126.24		210 	 119.604777713 	 -151.995706316 	 0 	 0 	 1 	 1 
115.709		220.893 	 94.8383053142 	 -140.55943816 	 0 	 0 	 1 	 1 
110.065		233.413 	 100.129054097 	 -121.132689662 	 1 	 0 	 1 	 -1 
110.065		246.587 	 95.9494590745 	 -105.276265786 	 1 	 0 	 1 	 -1 
115.709		259.107 	 109.080211952 	 -90.4721444579 	 0 	 1 	 1 	 -1 
126.24		270 	 129.401418398 	 -96.6607360575 	 0 	 1 	 1 	 1 
115.709		280.893 	 117.34326339 	 -74.4875723661 	 1 	 0 	 1 	 -1 
110.065		293.413 	 108.711593359 	 -75.0792704482 	 1 	 1 	 1 	 1 
110.065		306.587 	 119.646648363 	 -46.7490154299 	 0 	 1 	 1 	 -1 
115.709		319.107 	 135.615157761 	 -44.5658418985 	 1 	 0 	 1 	 1 
126.24		330 	 139.704044473 	 -23.7805324114 	 1 	 0 	 1 	 1 
140.56		338.948 	 131.419036477 	 -25.5081574525 	 1 	 0 	 1 	 1 
133.593		349.107 	 135.662762116 	 -19.1974115304 	 1 	 0 	 1 	 1 
131.188		0 	 128.783392076 	 -3.90778633005 	 1 	 0 	 1 	 1 
133.593		10.8934 	 136.6185684 	 1.6919898975 	 1 	 1 	 1 	 1 
140.56		21.0517 	 130.776181027 	 29.1311759695 	 1 	 1 	 1 	 -1 
151.459		30 	 150.356716833 	 34.0362838831 	 1 	 0 	 1 	 -1 
140.56		38.9483 	 129.082702259 	 37.4513413323 	 1 	 0 	 1 	 0 
133.593		49.1066 	 133.852956679 	 44.8206737443 	 0 	 1 	 1 	 -1 
131.188		60 	 138.833814431 	 64.0921608315 	 0 	 0 	 1 	 -1 
133.593		70.8934 	 122.301985519 	 71.1218861825 	 0 	 0 	 1 	 0 
140.56		81.0517 	 144.889685334 	 89.7907192905 	 1 	 0 	 1 	 1 
151.459		90 	 147.133287814 	 86.5069068204 	 1 	 0 	 1 	 -1 
140.56		98.9483 	 153.973746566 	 102.401834542 	 0 	 0 	 1 	 -1 
133.593		109.107 	 150.734977006 	 110.407248188 	 1 	 1 	 1 	 -1 
131.188		120 	 140.893449156 	 127.525294435 	 0 	 1 	 1 	 -1 
133.593		130.893 	 154.277707804 	 132.341924398 	 1 	 1 	 1 	 -1 
140.56		141.052 	 130.426310867 	 136.357310624 	 0 	 0 	 1 	 -1 
151.459		150 	 155.009823655 	 147.079156738 	 1 	 1 	 1 	 1 
140.56		158.948 	 152.783433948 	 153.324740998 	 1 	 0 	 1 	 -1 
133.593		169.107 	 121.522701043 	 166.584950008 	 0 	 0 	 1 	 -1 
131.188		180 	 121.312101905 	 179.914721336 	 1 	 0 	 1 	 0 
133.593		190.893 	 130.35716877 	 -161.329784004 	 0 	 0 	 1 	 -1 
140.56		201.052 	 146.292656465 	 -161.254489909 	 0 	 0 	 1 	 0 
151.459		210 	 160.9119571 	 -154.006951227 	 0 	 0 	 1 	 0 
140.56		218.948 	 143.076869587 	 -147.09348057 	 1 	 0 	 1 	 -1 
133.593		229.107 	 145.459245891 	 -129.250248568 	 1 	 1 	 1 	 1 
131.188		240 	 138.620227101 	 -123.871616777 	 1 	 1 	 1 	 -1 
133.592		250.893 	 143.18257758 	 -103.472354442 	 0 	 0 	 1 	 -1 
140.56		261.052 	 144.162142155 	 -91.3311770965 	 1 	 0 	 1 	 0 
151.459		270 	 167.890470751 	 -92.3339915547 	 0 	 1 	 1 	 -1 
140.56		278.948 	 136.174292808 	 -77.5340455557 	 1 	 1 	 1 	 1 
133.592		289.107 	 136.823850105 	 -75.8339178202 	 0 	 1 	 1 	 1 
131.188		300 	 151.907134799 	 -58.6896784529 	 1 	 1 	 1 	 1 
133.593		310.893 	 140.139558174 	 -55.5437280528 	 1 	 0 	 1 	 1 
140.56		321.052 	 131.940954996 	 -30.3585545229 	 0 	 0 	 1 	 1 
151.459		330 	 145.9278032 	 -24.3072918905 	 1 	 0 	 1 	 0 
165.51		337.589 	 175.093388041 	 -24.7011066196 	 1 	 1 	 1 	 0 
157.635		346.102 	 145.55367802 	 -17.4774681052 	 0 	 1 	 1 	 -1 
153.545		355.285 	 134.587757402 	 -5.36016139306 	 1 	 1 	 1 	 1 
153.545		4.715 	 135.791282989 	 7.8999142293 	 0 	 1 	 1 	 0 
157.635		13.8979 	 166.644277538 	 14.5507179464 	 0 	 0 	 1 	 1 
165.51		22.4109 	 162.742403354 	 18.0804595743 	 0 	 0 	 1 	 -1 
176.661		30 	 183.628817685 	 26.9699577363 	 0 	 1 	 1 	 0 
165.51		37.5891 	 176.985023806 	 37.7401990701 	 0 	 0 	 1 	 0 
157.635		46.1021 	 161.799247647 	 51.4162824406 	 0 	 1 	 1 	 -1 
153.545		55.285 	 167.625365657 	 59.7245894691 	 1 	 0 	 1 	 -1 
153.545		64.715 	 156.02764437 	 68.7286752446 	 0 	 0 	 1 	 0 
157.635		73.8979 	 166.834509087 	 76.1311580135 	 1 	 1 	 1 	 -1 
165.51		82.4109 	 166.629947226 	 79.4388771164 	 1 	 1 	 1 	 1 
176.661		90 	 191.27868338 	 89.6071830792 	 1 	 1 	 1 	 0 
165.51		97.5891 	 167.519107187 	 94.6876352025 	 1 	 0 	 1 	 0 
157.635		106.102 	 150.154353329 	 103.25712408 	 1 	 0 	 1 	 1 
153.545		115.285 	 164.412872409 	 109.075155765 	 1 	 0 	 1 	 0 
153.545		124.715 	 144.417044832 	 129.797223216 	 1 	 0 	 1 	 0 
157.635		133.898 	 154.343685592 	 138.672945818 	 0 	 1 	 1 	 0 
165.51		142.411 	 159.796336944 	 146.346536298 	 0 	 1 	 1 	 -1 
176.661		150 	 176.910671315 	 146.229171974 	 1 	 0 	 1 	 1 
165.509		157.589 	 186.071184131 	 156.929711407 	 1 	 1 	 1 	 0 
157.635		166.102 	 150.534190293 	 170.004566358 	 0 	 1 	 1 	 -1 
153.546		175.285 	 164.976647251 	 175.011694081 	 0 	 1 	 1 	 1 
153.546		184.715 	 167.570969756 	 -177.420287007 	 1 	 1 	 1 	 0 
157.635		193.898 	 147.179820585 	 -165.532700298 	 0 	 1 	 1 	 0 
165.509		202.411 	 155.309858243 	 -161.020519229 	 0 	 0 	 1 	 0 
165.51		217.589 	 174.664430535 	 -143.167565127 	 0 	 1 	 1 	 -1 
157.635		226.102 	 148.050975985 	 -133.303051458 	 1 	 1 	 1 	 0 
153.545		235.285 	 141.092950361 	 -121.005314814 	 1 	 1 	 1 	 -1 
153.545		244.715 	 168.837139884 	 -116.425053218 	 1 	 0 	 1 	 -1 
157.635		253.898 	 154.990018208 	 -109.083294726 	 0 	 0 	 1 	 0 
165.51		262.411 	 172.062487119 	 -91.6788839756 	 0 	 0 	 1 	 1 
176.661		270 	 166.80731634 	 -88.6071054857 	 0 	 1 	 1 	 0 
165.51		277.589 	 167.777175515 	 -77.7026150203 	 1 	 0 	 1 	 0 
157.635		286.102 	 168.553216348 	 -75.0646766254 	 1 	 0 	 1 	 -1 
153.545		295.285 	 157.195605707 	 -67.9318538196 	 0 	 1 	 1 	 -1 
153.545		304.715 	 135.472299092 	 -58.8968323406 	 1 	 0 	 1 	 1 
157.635		313.898 	 136.81440468 	 -48.6595713964 	 1 	 0 	 1 	 0 
165.51		322.411 	 162.563238299 	 -41.3838546146 	 1 	 1 	 1 	 0 
176.661		330 	 158.979455294 	 -34.4120945515 	 1 	 0 	 1 	 -1 
190.511		336.587 	 183.527645829 	 -19.903153199 	 0 	 1 	 1 	 0 
181.979		343.898 	 175.827742931 	 -17.5223878071 	 1 	 1 	 1 	 -1 
176.661		351.787 	 188.454799318 	 -7.11179884922 	 1 	 1 	 1 	 -1 
174.852		0 	 191.531060201 	 -0.514407530015 	 1 	 0 	 1 	 0 
176.661		8.21321 	 186.392204598 	 13.2310320821 	 0 	 1 	 1 	 1 
181.979		16.1021 	 186.450115239 	 22.1847336538 	 0 	 0 	 1 	 1 
190.511		23.4132 	 210.330803537 	 20.7826642768 	 0 	 0 	 1 	 0 
201.845		30 	 216.703795566 	 28.9754531592 	 0 	 0 	 1 	 0 
181.979		43.8979 	 171.332366099 	 42.8365477494 	 1 	 0 	 1 	 -1 
176.661		51.7868 	 189.733999175 	 53.2748129263 	 1 	 1 	 1 	 0 
174.852		60 	 165.808097692 	 60.9478765726 	 1 	 1 	 1 	 1 
176.661		68.2132 	 194.407743934 	 70.7597536269 	 1 	 0 	 1 	 0 
181.979		76.1021 	 189.041920441 	 73.7385696465 	 0 	 1 	 1 	 1 
190.511		83.4132 	 177.009153559 	 82.187392365 	 0 	 0 	 1 	 0 
201.845		90 	 216.198447724 	 91.4140251409 	 0 	 1 	 1 	 0 
190.511		96.5868 	 175.274523881 	 93.4055149668 	 1 	 1 	 1 	 1 
181.979		103.898 	 173.518318198 	 104.814680128 	 1 	 0 	 1 	 0 
176.661		111.787 	 188.945760744 	 113.682556517 	 0 	 1 	 1 	 0 
174.852		120 	 182.238556014 	 119.657359746 	 0 	 1 	 1 	 -1 
176.661		128.213 	 157.704707437 	 128.588082348 	 0 	 0 	 1 	 -1 
181.979		136.102 	 195.667187101 	 139.638693501 	 0 	 1 	 1 	 0 
190.51		143.413 	 185.786426001 	 146.805557014 	 1 	 1 	 1 	 1 
201.845		150 	 213.155265517 	 148.020783055 	 0 	 1 	 1 	 0 
190.511		156.587 	 206.021399942 	 160.848962568 	 1 	 0 	 1 	 1 
181.979		163.898 	 192.136266827 	 165.456554962 	 1 	 1 	 1 	 1 
176.661		171.787 	 185.96909018 	 168.287419119 	 1 	 1 	 1 	 -1 
174.852		180 	 188.421945448 	 -176.412697298 	 0 	 1 	 1 	 0 
176.661		188.213 	 168.267516463 	 -170.741542161 	 0 	 0 	 1 	 0 
181.979		196.102 	 195.060969129 	 -161.778844946 	 1 	 0 	 1 	 0 
190.511		203.413 	 179.544296826 	 -160.882480511 	 1 	 1 	 1 	 0 
201.845		210 	 223.303117957 	 -148.540489332 	 1 	 1 	 1 	 1 
190.51		216.587 	 174.811476633 	 -142.250919852 	 0 	 0 	 1 	 0 
181.979		223.898 	 188.403834749 	 -137.804544097 	 0 	 1 	 1 	 0 
176.661		231.787 	 185.72099434 	 -132.733961601 	 1 	 0 	 1 	 -1 
174.853		240 	 170.945650572 	 -117.739414595 	 0 	 1 	 1 	 0 
176.662		248.213 	 191.235874693 	 -112.340980324 	 1 	 0 	 1 	 1 
181.979		256.102 	 193.469134161 	 -101.258132497 	 0 	 0 	 1 	 -1 
190.511		263.413 	 178.767413409 	 -99.7835994639 	 1 	 0 	 1 	 1 
190.511		276.587 	 194.614165452 	 -81.1444742713 	 0 	 0 	 1 	 -1 
181.979		283.898 	 179.019350068 	 -73.936188679 	 1 	 1 	 1 	 0 
176.662		291.787 	 162.894279109 	 -71.2614836546 	 0 	 0 	 1 	 1 
174.853		300 	 164.597802418 	 -55.6562790966 	 0 	 1 	 1 	 -1 
176.661		308.213 	 178.307107324 	 -47.4779126755 	 1 	 1 	 1 	 1 
181.979		316.102 	 173.247212774 	 -46.4902369532 	 0 	 1 	 1 	 -1 
190.511		323.413 	 185.314934734 	 -39.511807899 	 1 	 1 	 1 	 0 
201.845		330 	 186.35625174 	 -31.7390220088 	 0 	 0 	 1 	 -1 
215.536		335.818 	 225.783579394 	 -23.4094523842 	 0 	 0 	 1 	 0 
206.511		342.216 	 216.686761789 	 -15.2890686504 	 0 	 1 	 1 	 -1 
200.265		349.107 	 211.017952665 	 -12.0068028005 	 1 	 1 	 1 	 -1 
197.068		356.329 	 193.249283151 	 -1.4658017999 	 0 	 0 	 1 	 -1 
197.068		3.6705 	 212.043213669 	 2.78695338473 	 1 	 1 	 1 	 0 
200.265		10.8934 	 192.577211791 	 7.77034968315 	 0 	 0 	 1 	 1 
206.511		17.7836 	 220.11348051 	 20.6498755712 	 1 	 1 	 1 	 -1 
215.536		24.1825 	 231.411464109 	 20.8398207409 	 0 	 1 	 1 	 -1 
227.007		30 	 239.35495915 	 27.9857170651 	 0 	 0 	 1 	 1 
215.536		35.8175 	 217.314706275 	 30.4256670511 	 0 	 0 	 1 	 1 
206.511		42.2164 	 212.647007456 	 39.5210549405 	 0 	 0 	 1 	 -1 
200.265		49.1066 	 191.683901858 	 43.5453767635 	 1 	 0 	 1 	 1 
197.068		56.3295 	 179.166855634 	 58.9355298497 	 1 	 1 	 1 	 1 
197.068		63.6705 	 190.424920201 	 66.7894336494 	 0 	 0 	 1 	 1 
200.265		70.8934 	 207.18510682 	 76.0457072844 	 1 	 1 	 1 	 -1 
206.511		77.7836 	 192.445732693 	 75.6753950811 	 0 	 0 	 1 	 1 
215.536		84.1825 	 208.118093898 	 84.4044395165 	 0 	 0 	 1 	 0 
227.007		90 	 213.562609131 	 88.4059943613 	 0 	 0 	 1 	 1 
215.536		95.8175 	 212.064014897 	 101.642206204 	 0 	 0 	 1 	 1 
206.511		102.216 	 189.055684069 	 101.931439232 	 1 	 1 	 1 	 0 
200.265		109.107 	 195.823494482 	 104.619766441 	 0 	 1 	 1 	 1 
197.068		116.33 	 198.805533762 	 121.475926487 	 0 	 1 	 1 	 -1 
197.068		123.671 	 197.214391201 	 119.301443788 	 1 	 1 	 1 	 0 
200.265		130.893 	 202.764136786 	 133.513284739 	 0 	 0 	 1 	 1 
206.51		137.784 	 216.813605055 	 140.052755681 	 1 	 1 	 1 	 -1 
215.536		144.182 	 204.32386251 	 145.674366414 	 1 	 1 	 1 	 -1 
227.007		150 	 235.104173409 	 153.075286931 	 0 	 1 	 1 	 0 
215.536		155.818 	 217.324132113 	 158.596186002 	 1 	 1 	 1 	 1 
206.511		162.216 	 212.215238333 	 164.312120511 	 0 	 0 	 1 	 1 
200.266		169.107 	 185.543247774 	 173.115329666 	 0 	 0 	 1 	 -1 
197.068		176.33 	 189.011203909 	 177.072324809 	 0 	 0 	 1 	 -1 
197.068		183.671 	 210.883928585 	 -174.727264188 	 0 	 0 	 1 	 -1 
200.266		190.893 	 184.832498863 	 -169.296757085 	 0 	 0 	 1 	 0 
206.511		197.784 	 216.171277702 	 -163.87191825 	 1 	 0 	 1 	 0 
215.536		204.182 	 215.456531887 	 -152.393708489 	 1 	 0 	 1 	 -1 
227.007		210 	 223.496890715 	 -152.730240732 	 1 	 0 	 1 	 1 
215.536		215.818 	 199.858395205 	 -145.819412214 	 0 	 0 	 1 	 1 
206.51		222.216 	 217.323204984 	 -140.450242156 	 1 	 0 	 1 	 0 
200.265		229.107 	 195.086671182 	 -128.204751274 	 1 	 0 	 1 	 -1 
197.068		236.329 	 216.035831728 	 -125.243196066 	 0 	 0 	 1 	 0 
197.068		243.671 	 204.5169526 	 -113.206920354 	 1 	 1 	 1 	 1 
200.265		250.893 	 204.529460475 	 -107.086836102 	 1 	 1 	 1 	 0 
206.51		257.784 	 217.823599689 	 -102.922615477 	 1 	 0 	 1 	 1 
215.536		264.182 	 216.20861992 	 -90.1528142273 	 0 	 0 	 1 	 0 
227.007		270 	 241.376406944 	 -88.1972463826 	 0 	 0 	 1 	 -1 
215.536		275.818 	 230.312794416 	 -82.1152289891 	 1 	 1 	 1 	 0 
206.51		282.216 	 204.735451672 	 -80.7167797489 	 0 	 0 	 1 	 0 
200.265		289.107 	 196.987560492 	 -68.7497832529 	 1 	 0 	 1 	 0 
197.068		296.329 	 190.584120304 	 -58.1331976347 	 1 	 0 	 1 	 1 
197.068		303.67 	 184.005567876 	 -55.561504836 	 0 	 1 	 1 	 1 
200.265		310.893 	 185.913208782 	 -51.8295301668 	 1 	 1 	 1 	 0 
206.511		317.784 	 216.763187049 	 -47.0310276885 	 0 	 0 	 1 	 0 
227.008		330 	 233.209551906 	 -33.9461462575 	 1 	 1 	 1 	 0 
240.57		335.209 	 249.132054429 	 -26.6342497582 	 1 	 1 	 1 	 1 
231.161		340.893 	 249.144652778 	 -16.3184036725 	 0 	 0 	 1 	 0 
224.195		346.996 	 216.219580444 	 -12.8603236873 	 0 	 1 	 1 	 1 
219.909		353.413 	 226.627532164 	 -5.789378561 	 1 	 0 	 1 	 0 
218.461		0 	 212.34773499 	 -4.05493024482 	 0 	 0 	 1 	 -1 
219.909		6.58678 	 209.705176668 	 10.5385949778 	 0 	 1 	 1 	 1 
224.195		13.0039 	 216.267124681 	 15.1164868532 	 1 	 1 	 1 	 0 
231.161		19.1066 	 213.634404122 	 19.1575303665 	 0 	 1 	 1 	 0 
240.57		24.7913 	 224.144272167 	 24.1027517514 	 1 	 0 	 1 	 0 
252.146		30 	 258.612820859 	 31.1354302112 	 1 	 1 	 1 	 0 
240.57		35.2087 	 241.589942226 	 40.3169854003 	 0 	 0 	 1 	 1 
231.161		40.8934 	 227.530079141 	 46.1584423808 	 1 	 0 	 1 	 0 
224.195		46.9961 	 237.798957227 	 49.2590410477 	 1 	 1 	 1 	 0 
219.909		53.4132 	 206.558743029 	 50.8487665277 	 0 	 0 	 1 	 0 
218.461		60 	 225.224432165 	 61.0113028706 	 0 	 1 	 1 	 -1 
219.909		66.5868 	 224.887758745 	 69.2013893133 	 1 	 0 	 1 	 1 
224.195		73.0039 	 233.876735908 	 73.47456005 	 1 	 0 	 1 	 -1 
231.161		79.1066 	 236.80635977 	 76.4321524904 	 0 	 1 	 1 	 -1 
240.57		84.7913 	 256.328658293 	 85.8109801544 	 0 	 0 	 1 	 -1 
240.57		95.2087 	 251.23715278 	 98.0386266998 	 1 	 0 	 1 	 1 
231.161		100.893 	 232.985592171 	 103.286687823 	 0 	 0 	 1 	 -1 
224.195		106.996 	 230.556014397 	 110.236780496 	 1 	 1 	 1 	 1 
219.909		113.413 	 219.788935833 	 116.634715751 	 1 	 1 	 1 	 1 
218.461		120 	 216.970081556 	 121.987183174 	 1 	 0 	 1 	 -1 
219.909		126.587 	 233.10766692 	 127.124218685 	 0 	 0 	 1 	 -1 
224.195		133.004 	 212.086157626 	 132.870948315 	 0 	 0 	 1 	 1 
231.161		139.107 	 234.258895427 	 141.316967726 	 0 	 1 	 1 	 -1 
252.146		150 	 267.366029099 	 148.015269657 	 1 	 0 	 1 	 -1 
240.57		155.209 	 224.033616299 	 156.294051865 	 0 	 1 	 1 	 -1 
231.16		160.893 	 237.817127523 	 157.828378525 	 0 	 0 	 1 	 0 
224.196		166.996 	 207.994920838 	 170.146825985 	 1 	 1 	 1 	 0 
219.909		173.413 	 234.814811328 	 174.979046865 	 1 	 1 	 1 	 0 
218.461		180 	 200.121119915 	 177.404857506 	 1 	 1 	 1 	 1 
219.909		186.587 	 222.264240515 	 -168.597726808 	 1 	 0 	 1 	 -1 
224.196		193.004 	 202.313863667 	 -165.929216357 	 0 	 0 	 1 	 0 
231.16		199.107 	 223.720683637 	 -165.528998592 	 1 	 0 	 1 	 -1 
240.57		204.791 	 250.49534462 	 -159.868652224 	 1 	 0 	 1 	 1 
252.146		210 	 245.647878243 	 -154.016552335 	 0 	 1 	 1 	 1 
240.57		215.209 	 248.006660738 	 -147.389717326 	 0 	 0 	 1 	 1 
231.161		220.893 	 243.006623505 	 -142.370306304 	 0 	 1 	 1 	 -1 
224.196		226.996 	 244.317875106 	 -132.692635918 	 1 	 0 	 1 	 1 
219.909		233.413 	 232.984987554 	 -128.141103187 	 0 	 1 	 1 	 -1 
218.461		240 	 206.264316452 	 -117.177418632 	 1 	 1 	 1 	 1 
219.909		246.587 	 227.392728667 	 -118.448401308 	 0 	 0 	 1 	 1 
224.195		253.004 	 237.584951851 	 -105.318870709 	 1 	 1 	 1 	 0 
231.16		259.107 	 242.553819277 	 -102.94953275 	 0 	 0 	 1 	 1 
240.57		264.791 	 248.330126715 	 -92.1759845832 	 1 	 0 	 1 	 0 
252.146		270 	 254.216998461 	 -94.8421714164 	 1 	 0 	 1 	 -1 
240.57		275.209 	 233.659612568 	 -87.0425262837 	 1 	 0 	 1 	 1 
231.16		280.893 	 243.55577966 	 -83.4791264987 	 1 	 1 	 1 	 -1 
224.195		286.996 	 204.604265123 	 -74.7663109445 	 0 	 0 	 1 	 0 
219.909		293.413 	 213.53154883 	 -61.8793892443 	 1 	 1 	 1 	 1 
218.461		300 	 228.181421838 	 -61.2489823989 	 0 	 1 	 1 	 1 
219.909		306.587 	 238.73799945 	 -54.4196758951 	 1 	 1 	 1 	 1 
224.196		313.004 	 230.361979971 	 -43.2179196652 	 0 	 0 	 1 	 0 
231.161		319.107 	 240.124340979 	 -36.2356256897 	 0 	 0 	 1 	 1 
240.57		324.791 	 250.916764575 	 -36.3226667062 	 0 	 0 	 1 	 0 
252.146		330 	 256.38188185 	 -32.3227418269 	 1 	 1 	 1 	 1 
265.601		334.715 	 271.566399014 	 -29.2765660554 	 1 	 1 	 1 	 0 
255.886		339.826 	 263.549334911 	 -15.9711685204 	 0 	 0 	 1 	 0 
248.348		345.295 	 233.147340998 	 -12.3323835299 	 1 	 0 	 1 	 1 
243.191		351.052 	 251.967246676 	 -5.07085585686 	 1 	 0 	 1 	 -1 
240.57		356.996 	 251.581300743 	 -0.980809508292 	 0 	 1 	 1 	 0 
240.57		3.00449 	 251.527863684 	 3.56305761345 	 1 	 0 	 1 	 -1 
243.191		8.94827 	 231.706585465 	 8.08934789024 	 0 	 0 	 1 	 0 
248.348		14.7047 	 240.642700707 	 10.6866960117 	 0 	 1 	 1 	 -1 
255.886		20.1736 	 262.647426222 	 17.5943755337 	 0 	 1 	 1 	 0 
265.601		25.285 	 255.135989871 	 25.2165865247 	 0 	 1 	 1 	 1 
277.258		30 	 284.808865446 	 30.4899576038 	 0 	 1 	 1 	 -1 
265.601		34.715 	 259.583212412 	 36.0251750208 	 0 	 0 	 1 	 -1 
255.887		39.8264 	 265.889358967 	 40.8171417271 	 1 	 1 	 1 	 0 
248.348		45.2953 	 238.124107286 	 42.376036706 	 0 	 1 	 1 	 -1 
243.191		51.0517 	 228.767082516 	 52.2351802137 	 1 	 1 	 1 	 1 
240.57		56.9955 	 234.0295034 	 57.9938003394 	 1 	 1 	 1 	 0 
240.57		63.0045 	 244.902604581 	 65.5423048376 	 1 	 0 	 1 	 1 
243.191		68.9483 	 239.473693335 	 70.9558540629 	 0 	 0 	 1 	 0 
248.348		74.7047 	 264.636535261 	 75.5217968306 	 0 	 0 	 1 	 -1 
255.887		80.1736 	 246.302580104 	 81.6348025116 	 0 	 1 	 1 	 -1 
265.601		85.285 	 275.412598425 	 84.6157102561 	 0 	 1 	 1 	 0 
277.257		90 	 280.301526999 	 91.579890292 	 0 	 0 	 1 	 0 
265.601		94.715 	 253.774445406 	 97.5883415936 	 0 	 0 	 1 	 1 
255.887		99.8264 	 256.862968694 	 102.277259242 	 0 	 1 	 1 	 1 
248.348		105.295 	 236.766098684 	 102.377407542 	 1 	 1 	 1 	 -1 
243.191		111.052 	 256.865169532 	 114.46474438 	 1 	 1 	 1 	 -1 
240.57		116.996 	 248.337186543 	 115.764421982 	 0 	 0 	 1 	 -1 
240.57		123.005 	 230.72144305 	 121.37718109 	 1 	 1 	 1 	 -1 
243.191		128.948 	 263.828149313 	 129.456652088 	 0 	 1 	 1 	 1 
248.348		134.705 	 252.037974047 	 136.63479791 	 0 	 0 	 1 	 1 
255.887		140.174 	 251.64703973 	 143.26504647 	 0 	 1 	 1 	 1 
265.6		145.285 	 264.163234793 	 148.699675813 	 0 	 1 	 1 	 0 
277.257		150 	 257.202722838 	 148.917779709 	 1 	 1 	 1 	 -1 
265.601		154.715 	 271.886616569 	 153.67080239 	 1 	 1 	 1 	 1 
255.886		159.826 	 262.413075033 	 158.674572958 	 0 	 0 	 1 	 -1 
248.348		165.295 	 229.417087995 	 167.231257644 	 1 	 0 	 1 	 0 
243.191		171.052 	 244.208126111 	 175.121821461 	 0 	 1 	 1 	 -1 
240.57		176.996 	 250.967248816 	 176.127270504 	 0 	 0 	 1 	 1 
240.57		183.005 	 247.137277087 	 -172.068855743 	 1 	 1 	 1 	 0 
243.191		188.948 	 231.956162624 	 -170.911521942 	 0 	 1 	 1 	 0 
248.348		194.705 	 229.510078007 	 -162.829156138 	 1 	 1 	 1 	 1 
255.886		200.174 	 248.730054667 	 -158.78418422 	 1 	 1 	 1 	 -1 
265.601		205.285 	 268.888412384 	 -151.781027801 	 1 	 1 	 1 	 0 
277.258		210 	 281.495641947 	 -151.258521721 	 1 	 0 	 1 	 1 
265.6		214.715 	 253.114936242 	 -144.634552408 	 1 	 0 	 1 	 1 
255.887		219.826 	 233.942617393 	 -141.070408214 	 1 	 0 	 1 	 -1 
248.348		225.295 	 248.535658982 	 -131.996140524 	 0 	 0 	 1 	 1 
243.191		231.052 	 227.679403198 	 -130.207102102 	 0 	 1 	 1 	 1 
240.57		236.995 	 244.455318387 	 -125.223737268 	 1 	 1 	 1 	 1 
240.57		243.004 	 231.69713141 	 -121.265360541 	 0 	 0 	 1 	 1 
243.19		248.948 	 240.197492726 	 -114.143116245 	 0 	 1 	 1 	 1 
248.348		254.705 	 240.955675571 	 -101.989291171 	 0 	 0 	 1 	 1 
255.886		260.174 	 247.885470003 	 -96.0765107226 	 0 	 0 	 1 	 1 
265.601		265.285 	 252.144120927 	 -92.3987041814 	 0 	 1 	 1 	 1 
277.258		270 	 284.443824159 	 -88.2801744748 	 0 	 1 	 1 	 1 
265.601		274.715 	 251.128658679 	 -81.8804502798 	 0 	 0 	 1 	 -1 
255.886		279.826 	 245.515952016 	 -84.4396321236 	 0 	 1 	 1 	 -1 
248.348		285.295 	 258.876720052 	 -70.9990008661 	 1 	 1 	 1 	 1 
243.19		291.052 	 223.502982857 	 -69.5153012276 	 1 	 0 	 1 	 -1 
240.57		296.996 	 247.058051598 	 -59.3565097059 	 1 	 1 	 1 	 1 
240.57		303.004 	 250.402620046 	 -58.5099230108 	 1 	 1 	 1 	 -1 
243.191		308.948 	 225.186230491 	 -51.0769129536 	 0 	 0 	 1 	 -1 
248.348		314.705 	 253.65146675 	 -46.9608100485 	 0 	 1 	 1 	 -1 
255.886		320.174 	 264.82804873 	 -39.1389014002 	 1 	 1 	 1 	 -1 
265.6		325.285 	 268.450335975 	 -30.9856170493 	 0 	 1 	 1 	 0 
277.258		330 	 263.72612342 	 -27.6084056986 	 1 	 0 	 1 	 0 
290.619		334.307 	 276.998112222 	 -29.1459129968 	 0 	 1 	 1 	 1 
280.659		338.948 	 277.675257909 	 -18.0318692201 	 1 	 0 	 1 	 -1 
272.656		343.898 	 268.00975838 	 -14.7982496505 	 1 	 0 	 1 	 -1 
266.79		349.107 	 273.833441264 	 -14.3109571803 	 1 	 1 	 1 	 -1 
263.206		354.504 	 258.166709524 	 -3.73071315584 	 1 	 1 	 1 	 -1 
262.001		0 	 259.381110648 	 1.98990471893 	 0 	 1 	 1 	 1 
263.206		5.49637 	 268.820880284 	 1.39233931653 	 1 	 1 	 1 	 1 
266.79		10.8934 	 272.192951457 	 9.24141458994 	 1 	 0 	 1 	 -1 
272.656		16.1021 	 281.57870719 	 16.2323003669 	 0 	 1 	 1 	 1 
280.659		21.0517 	 272.083652924 	 23.2070892517 	 0 	 1 	 1 	 1 
290.619		25.6934 	 280.407029198 	 27.0138046742 	 1 	 0 	 1 	 1 
302.34		30 	 293.244625916 	 28.4987266052 	 1 	 0 	 1 	 1 
290.619		34.3066 	 304.012626483 	 36.0756098465 	 0 	 1 	 1 	 -1 
280.659		38.9483 	 284.710000923 	 41.7092533265 	 0 	 0 	 1 	 0 
272.656		43.8979 	 254.845685533 	 43.3203503722 	 1 	 1 	 1 	 0 
266.789		49.1066 	 268.504497471 	 50.7165779541 	 0 	 0 	 1 	 1 
263.206		54.5036 	 270.578493971 	 51.1139329167 	 0 	 0 	 1 	 -1 
262.001		60 	 269.61918749 	 62.038066782 	 0 	 0 	 1 	 1 
263.206		65.4964 	 245.394044016 	 67.021754002 	 1 	 0 	 1 	 0 
266.79		70.8934 	 261.798476903 	 69.4767118092 	 0 	 1 	 1 	 -1 
272.656		76.1021 	 264.961127428 	 75.7162494129 	 1 	 0 	 1 	 -1 
280.659		81.0517 	 270.604102751 	 77.3696230063 	 1 	 1 	 1 	 0 
290.619		85.6934 	 300.63434323 	 81.9886225153 	 1 	 1 	 1 	 -1 
302.34		90 	 316.622036596 	 90.6663888475 	 1 	 0 	 1 	 -1 
290.619		94.3066 	 287.300470749 	 97.8805469243 	 1 	 1 	 1 	 -1 
280.659		98.9483 	 293.749749787 	 97.9946856281 	 0 	 1 	 1 	 1 
272.655		103.898 	 276.174162967 	 105.34966707 	 0 	 0 	 1 	 -1 
266.79		109.107 	 282.394068032 	 109.451140113 	 0 	 0 	 1 	 0 
263.206		114.504 	 256.532548709 	 117.386934068 	 0 	 1 	 1 	 0 
262		120 	 268.880680047 	 118.755220162 	 0 	 1 	 1 	 -1 
263.206		125.496 	 245.071574746 	 123.595164686 	 0 	 1 	 1 	 -1 
266.79		130.893 	 258.517612786 	 131.046727005 	 0 	 0 	 1 	 -1 
272.655		136.102 	 286.414486444 	 136.872210771 	 0 	 1 	 1 	 -1 
280.659		141.052 	 273.893995077 	 143.648820859 	 0 	 0 	 1 	 1 
290.619		145.693 	 274.679912686 	 147.392407054 	 1 	 1 	 1 	 1 
302.34		150 	 281.852977441 	 148.249594811 	 0 	 0 	 1 	 0 
290.619		154.307 	 303.737867749 	 154.914430838 	 1 	 0 	 1 	 -1 
280.659		158.948 	 266.503548708 	 158.465909338 	 0 	 1 	 1 	 1 
272.656		163.898 	 264.135159149 	 160.147099671 	 1 	 0 	 1 	 -1 
266.789		169.107 	 273.984696594 	 171.550410493 	 1 	 0 	 1 	 1 
263.206		174.504 	 271.672852183 	 172.998185112 	 0 	 0 	 1 	 1 
262.001		180 	 256.928808647 	 178.680309483 	 1 	 1 	 1 	 0 
263.206		185.496 	 276.181129881 	 -178.003551718 	 0 	 1 	 1 	 -1 
266.789		190.893 	 263.525716727 	 -167.293103359 	 1 	 1 	 1 	 0 
272.656		196.102 	 268.817824309 	 -165.406720954 	 0 	 0 	 1 	 1 
280.659		201.052 	 288.954120804 	 -161.452307346 	 1 	 0 	 1 	 0 
290.619		205.693 	 299.560884489 	 -152.528140783 	 1 	 0 	 1 	 -1 
302.34		210 	 310.272078096 	 -147.38315107 	 0 	 1 	 1 	 1 
290.619		214.307 	 306.210767407 	 -143.198242297 	 0 	 1 	 1 	 0 
280.658		218.948 	 284.532063624 	 -139.329928305 	 0 	 0 	 1 	 0 
272.656		223.898 	 263.07919892 	 -135.546775206 	 1 	 0 	 1 	 0 
266.79		229.107 	 277.613507165 	 -127.885137224 	 1 	 0 	 1 	 1 
263.206		234.504 	 256.184412344 	 -121.686617142 	 1 	 0 	 1 	 -1 
262		240 	 267.4669301 	 -118.625342036 	 0 	 1 	 1 	 -1 
263.206		245.496 	 251.347378921 	 -115.307175135 	 1 	 0 	 1 	 -1 
266.789		250.893 	 262.252249104 	 -107.132021742 	 0 	 1 	 1 	 0 
272.656		256.102 	 285.39264666 	 -103.343282255 	 0 	 1 	 1 	 0 
280.659		261.052 	 291.20578846 	 -95.6864698055 	 1 	 0 	 1 	 0 
290.62		265.693 	 275.652550263 	 -91.4566785812 	 1 	 1 	 1 	 0 
302.34		270 	 303.335797989 	 -87.6885015771 	 1 	 0 	 1 	 -1 
290.62		274.307 	 303.539407491 	 -85.2981420257 	 0 	 1 	 1 	 0 
280.659		278.948 	 267.167618144 	 -83.3467709428 	 0 	 1 	 1 	 0 
272.656		283.898 	 273.36568176 	 -80.2575457789 	 1 	 1 	 1 	 -1 
266.789		289.107 	 256.481573585 	 -71.0168515479 	 1 	 0 	 1 	 -1 
263.206		294.504 	 253.494908869 	 -63.7953098695 	 0 	 0 	 1 	 0 
262		300 	 266.070252174 	 -62.9874893769 	 1 	 1 	 1 	 -1 
263.206		305.496 	 246.305183345 	 -52.5849801209 	 1 	 0 	 1 	 -1 
266.79		310.893 	 258.845574793 	 -52.0792612038 	 0 	 0 	 1 	 0 
272.656		316.102 	 287.006264618 	 -42.6445680735 	 1 	 1 	 1 	 -1 
280.659		321.052 	 269.941603772 	 -38.5199354447 	 0 	 0 	 1 	 -1 
290.619		325.693 	 295.561498347 	 -32.1786451029 	 1 	 0 	 1 	 -1 
302.34		330 	 295.640665879 	 -27.6066718017 	 0 	 0 	 1 	 -1 
315.62		333.963 	 315.234564526 	 -23.9951452608 	 1 	 1 	 1 	 1 
305.457		338.213 	 308.581877485 	 -19.3197105027 	 1 	 1 	 1 	 -1 
297.071		342.731 	 308.962473898 	 -14.8428723764 	 0 	 0 	 1 	 0 
290.619		347.48 	 283.35153755 	 -12.0796261769 	 1 	 1 	 1 	 0 
286.236		352.411 	 279.282597958 	 -5.82669905552 	 1 	 1 	 1 	 0 
284.018		357.457 	 268.03031169 	 -4.61782518525 	 1 	 0 	 1 	 0 
284.018		2.54292 	 280.795736076 	 6.33189988106 	 0 	 1 	 1 	 1 
286.236		7.58909 	 303.704873922 	 8.01420553615 	 0 	 0 	 1 	 0 
290.619		12.5198 	 297.734380389 	 13.2287714372 	 1 	 0 	 1 	 1 
297.071		17.2695 	 307.638819887 	 15.8753179312 	 1 	 0 	 1 	 -1 
305.457		21.7868 	 289.498967539 	 21.2836031928 	 0 	 0 	 1 	 -1 
315.62		26.0368 	 302.308945944 	 26.6016705237 	 0 	 1 	 1 	 -1 
327.39		30 	 318.623497775 	 29.4167292803 	 1 	 0 	 1 	 -1 
305.457		38.2132 	 295.722256328 	 38.5698324437 	 1 	 0 	 1 	 -1 
297.071		42.7305 	 287.591428748 	 43.7519069953 	 1 	 1 	 1 	 1 
290.619		47.4802 	 284.055282773 	 46.5352581996 	 1 	 1 	 1 	 -1 
286.236		52.4109 	 293.490576802 	 54.3722317449 	 1 	 0 	 1 	 0 
284.018		57.4571 	 290.15682195 	 54.9260497363 	 0 	 0 	 1 	 0 
284.018		62.5429 	 304.273212805 	 62.8801153507 	 1 	 1 	 1 	 1 
286.236		67.5891 	 277.069752445 	 67.0501314486 	 0 	 1 	 1 	 1 
290.619		72.5198 	 292.725427208 	 69.2164579817 	 0 	 1 	 1 	 0 
297.071		77.2695 	 290.03467744 	 79.4238776553 	 1 	 0 	 1 	 -1 
305.457		81.7868 	 323.230953811 	 83.067081155 	 0 	 1 	 1 	 -1 
315.62		86.0368 	 301.402148771 	 87.0143428045 	 1 	 0 	 1 	 0 
327.39		90 	 310.299893378 	 88.9815932186 	 1 	 1 	 1 	 0 
315.62		93.9632 	 316.814288015 	 95.4732557231 	 1 	 1 	 1 	 -1 
305.457		98.2132 	 321.344470151 	 99.0001480226 	 1 	 1 	 1 	 -1 
297.071		102.731 	 296.900880383 	 99.4735197407 	 1 	 1 	 1 	 1 
290.619		107.48 	 299.278834391 	 107.004243213 	 1 	 0 	 1 	 0 
286.236		112.411 	 293.0267332 	 109.81710645 	 0 	 1 	 1 	 1 
284.018		117.457 	 295.663371989 	 119.45676113 	 0 	 1 	 1 	 1 
284.018		122.543 	 301.374431125 	 120.342602434 	 0 	 1 	 1 	 -1 
286.236		127.589 	 307.891979555 	 128.248175516 	 0 	 1 	 1 	 0 
290.62		132.52 	 282.755619108 	 131.633835054 	 0 	 1 	 1 	 1 
297.071		137.269 	 298.173222642 	 140.880158011 	 1 	 1 	 1 	 0 
305.457		141.787 	 305.037396509 	 138.442904736 	 1 	 0 	 1 	 -1 
315.62		146.037 	 305.832349151 	 144.999416515 	 1 	 0 	 1 	 0 
327.39		150 	 313.687443468 	 151.833212832 	 1 	 0 	 1 	 0 
315.619		153.963 	 322.743090425 	 153.100385658 	 0 	 1 	 1 	 1 
305.457		158.213 	 288.24685635 	 157.069857754 	 0 	 0 	 1 	 1 
297.071		162.731 	 285.975940884 	 164.169565495 	 0 	 0 	 1 	 0 
290.62		167.48 	 274.806578413 	 167.132059012 	 1 	 1 	 1 	 -1 
286.236		172.411 	 275.991313703 	 171.364268181 	 0 	 0 	 1 	 -1 
284.019		177.457 	 285.509712894 	 173.819526716 	 1 	 0 	 1 	 -1 
284.019		182.543 	 297.377149865 	 -179.956079498 	 0 	 0 	 1 	 0 
286.236		187.589 	 301.044766331 	 -172.204622153 	 1 	 1 	 1 	 0 
290.62		192.52 	 289.013593589 	 -165.991424938 	 0 	 0 	 1 	 -1 
297.071		197.269 	 300.971025435 	 -164.307045136 	 1 	 1 	 1 	 0 
305.457		201.787 	 293.349862389 	 -158.725062386 	 0 	 0 	 1 	 -1 
315.62		206.037 	 309.095419915 	 -155.79326404 	 0 	 1 	 1 	 0 
327.39		210 	 326.256996002 	 -151.962507401 	 0 	 0 	 1 	 -1 
315.62		213.963 	 307.416560874 	 -143.666770416 	 0 	 1 	 1 	 0 
305.457		218.213 	 307.733604957 	 -139.002318914 	 1 	 1 	 1 	 1 
297.071		222.731 	 290.693877318 	 -138.846935418 	 0 	 0 	 1 	 1 
290.619		227.48 	 301.437447175 	 -133.102988866 	 1 	 1 	 1 	 1 
286.236		232.411 	 300.493662004 	 -125.720330556 	 0 	 1 	 1 	 -1 
284.018		237.457 	 280.909533737 	 -121.097732027 	 0 	 0 	 1 	 -1 
284.019		242.543 	 266.235778414 	 -117.244813407 	 0 	 1 	 1 	 0 
286.236		247.589 	 286.883195211 	 -109.087670487 	 0 	 0 	 1 	 1 
290.62		252.52 	 269.030587314 	 -106.374012447 	 1 	 0 	 1 	 0 
297.071		257.269 	 308.594421035 	 -103.751900308 	 1 	 0 	 1 	 1 
305.457		261.787 	 316.19924291 	 -96.4119139199 	 1 	 1 	 1 	 -1 
315.62		266.037 	 325.866726443 	 -90.7485671417 	 1 	 0 	 1 	 0 
327.39		270 	 335.182681814 	 -91.2110897205 	 1 	 1 	 1 	 0 
315.62		273.963 	 303.000852187 	 -83.6399806483 	 0 	 1 	 1 	 1 
305.457		278.213 	 318.871989666 	 -79.7687275749 	 0 	 0 	 1 	 -1 
297.071		282.731 	 283.037072564 	 -77.1158806048 	 1 	 0 	 1 	 -1 
290.62		287.48 	 300.368743244 	 -75.4881511348 	 0 	 0 	 1 	 0 
286.236		292.411 	 284.432949668 	 -65.0548404207 	 0 	 1 	 1 	 -1 
284.019		297.457 	 284.213535895 	 -58.8445853404 	 0 	 0 	 1 	 1 
284.018		302.543 	 281.026425972 	 -60.6576054121 	 0 	 1 	 1 	 0 
286.236		307.589 	 275.199597776 	 -53.5817647503 	 1 	 0 	 1 	 0 
290.619		312.52 	 276.206198929 	 -49.943537879 	 1 	 0 	 1 	 1 
297.071		317.269 	 287.85458796 	 -40.711323496 	 1 	 1 	 1 	 -1 
305.457		321.787 	 312.742757283 	 -37.6243815857 	 1 	 1 	 1 	 1 
327.39		330 	 341.696034198 	 -32.1125711792 	 1 	 0 	 1 	 -1 
340.597		333.67 	 354.333533823 	 -23.8756473187 	 0 	 0 	 1 	 -1 
330.266		337.589 	 333.574843177 	 -21.2082659434 	 0 	 0 	 1 	 -1 
321.56		341.742 	 330.118792628 	 -19.1015847167 	 0 	 0 	 1 	 0 
314.619		346.102 	 326.331130398 	 -15.1315417606 	 0 	 1 	 1 	 1 
309.563		350.633 	 293.359865994 	 -12.0342982377 	 1 	 1 	 1 	 0 
306.489		355.285 	 324.593629376 	 -3.98008883291 	 1 	 1 	 1 	 -1 
305.457		0 	 311.652941737 	 2.18262610805 	 1 	 1 	 1 	 1 
306.489		4.715 	 299.278433919 	 7.70050326657 	 0 	 1 	 1 	 0 
309.563		9.367 	 302.763684108 	 8.48716747361 	 1 	 0 	 1 	 1 
314.619		13.8979 	 321.898755113 	 12.8270964848 	 0 	 1 	 1 	 1 
321.56		18.2585 	 313.726949822 	 15.9694772982 	 0 	 0 	 1 	 -1 
330.266		22.4109 	 331.654952644 	 23.7660742034 	 0 	 1 	 1 	 -1 
340.597		26.3295 	 320.043690477 	 26.5662263197 	 1 	 0 	 1 	 1 
352.406		30 	 367.713495287 	 29.9440760053 	 1 	 1 	 1 	 1 
340.597		33.6705 	 319.013733262 	 33.7819428116 	 0 	 0 	 1 	 -1 
330.266		37.5891 	 310.32660097 	 36.3560498204 	 0 	 0 	 1 	 -1 
321.56		41.7415 	 322.193008603 	 40.3329908152 	 1 	 1 	 1 	 -1 
314.619		46.1021 	 307.176852824 	 44.5166814225 	 1 	 0 	 1 	 0 
309.563		50.633 	 302.264985865 	 54.5539653545 	 1 	 0 	 1 	 1 
306.489		55.285 	 315.373675911 	 53.4275344938 	 1 	 0 	 1 	 1 
305.457		60 	 314.454415547 	 62.1879750529 	 0 	 0 	 1 	 0 
306.489		64.715 	 295.765849762 	 67.0344980224 	 0 	 1 	 1 	 0 
309.563		69.367 	 323.381449828 	 69.3692585073 	 0 	 0 	 1 	 -1 
314.619		73.8979 	 322.974873245 	 74.772669068 	 1 	 0 	 1 	 -1 
321.56		78.2585 	 326.325402773 	 75.9579871727 	 0 	 0 	 1 	 -1 
330.266		82.4109 	 317.107737926 	 83.5752563961 	 0 	 1 	 1 	 0 
340.597		86.3295 	 360.552976696 	 86.0763258553 	 0 	 0 	 1 	 0 
352.406		90 	 357.584680946 	 86.8634962984 	 0 	 1 	 1 	 1 
340.597		93.6705 	 354.666221522 	 95.2868111613 	 0 	 1 	 1 	 -1 
330.266		97.5891 	 316.779868799 	 94.6534611287 	 0 	 0 	 1 	 -1 
321.56		101.742 	 338.406350766 	 102.191681873 	 0 	 0 	 1 	 -1 
314.619		106.102 	 315.909445354 	 102.633667438 	 1 	 0 	 1 	 -1 
309.563		110.633 	 293.320929485 	 109.182936915 	 0 	 1 	 1 	 1 
306.489		115.285 	 306.07904597 	 113.365132062 	 0 	 1 	 1 	 0 
305.457		120 	 306.759781065 	 116.026140771 	 0 	 1 	 1 	 -1 
306.489		124.715 	 311.918875499 	 122.306155057 	 0 	 1 	 1 	 -1 
309.563		129.367 	 298.896392293 	 129.110274635 	 0 	 0 	 1 	 1 
314.619		133.898 	 325.530108487 	 132.847185906 	 1 	 1 	 1 	 1 
321.56		138.258 	 315.128762086 	 140.218617469 	 1 	 0 	 1 	 -1 
330.266		142.411 	 324.16025777 	 143.65320343 	 0 	 0 	 1 	 -1 
340.597		146.329 	 326.332207136 	 146.971861452 	 0 	 1 	 1 	 0 
352.406		150 	 363.455970497 	 149.769162492 	 1 	 1 	 1 	 -1 
340.597		153.671 	 337.382504519 	 156.172268835 	 0 	 0 	 1 	 1 
330.266		157.589 	 328.363130874 	 154.05563933 	 0 	 0 	 1 	 1 
321.561		161.742 	 311.394939497 	 162.269215593 	 1 	 0 	 1 	 0 
314.618		166.102 	 296.644724951 	 163.597261976 	 1 	 1 	 1 	 1 
309.563		170.633 	 318.475602839 	 170.952677248 	 1 	 0 	 1 	 -1 
306.488		175.285 	 298.923781085 	 172.874611732 	 1 	 0 	 1 	 -1 
305.457		180 	 314.295923242 	 -179.209810331 	 0 	 1 	 1 	 -1 
306.488		184.715 	 295.943268388 	 -178.848230816 	 0 	 1 	 1 	 1 
309.563		189.367 	 320.322014937 	 -171.458571641 	 0 	 1 	 1 	 0 
314.618		193.898 	 322.519647583 	 -165.95136095 	 1 	 1 	 1 	 0 
321.561		198.258 	 314.35514036 	 -162.818200943 	 1 	 1 	 1 	 0 
330.266		202.411 	 336.634235561 	 -154.825359896 	 0 	 0 	 1 	 1 
340.597		206.329 	 327.984034259 	 -156.39858652 	 0 	 1 	 1 	 1 
352.406		210 	 345.794654878 	 -147.961723379 	 1 	 1 	 1 	 0 
330.266		217.589 	 337.522174459 	 -140.310736024 	 0 	 1 	 1 	 -1 
321.56		221.742 	 333.062326898 	 -139.631264507 	 1 	 0 	 1 	 0 
314.619		226.102 	 304.218203202 	 -134.699917117 	 1 	 1 	 1 	 0 
309.563		230.633 	 324.092851944 	 -130.746487985 	 0 	 1 	 1 	 0 
306.489		235.285 	 289.23490757 	 -124.941544909 	 1 	 1 	 1 	 0 
305.456		240 	 320.927323991 	 -121.933419119 	 1 	 1 	 1 	 1 
306.488		244.715 	 308.409849554 	 -112.819681187 	 0 	 1 	 1 	 0 
309.563		249.367 	 301.562764154 	 -112.802376677 	 1 	 0 	 1 	 0 
314.619		253.898 	 301.620627977 	 -104.989700764 	 0 	 0 	 1 	 1 
321.56		258.258 	 318.417733583 	 -99.7515781527 	 0 	 0 	 1 	 1 
330.266		262.411 	 327.863943768 	 -101.354500186 	 1 	 0 	 1 	 0 
340.597		266.33 	 334.853483898 	 -95.1187647308 	 1 	 1 	 1 	 0 
340.597		273.671 	 352.24910658 	 -89.0548008166 	 0 	 0 	 1 	 0 
330.266		277.589 	 340.687997768 	 -83.3765328471 	 1 	 1 	 1 	 0 
321.56		281.742 	 322.750683126 	 -79.7541090258 	 1 	 1 	 1 	 -1 
314.619		286.102 	 319.523287847 	 -71.6039967219 	 1 	 0 	 1 	 1 
309.563		290.633 	 321.612589469 	 -71.8541202265 	 0 	 0 	 1 	 -1 
306.488		295.285 	 317.373798221 	 -64.4989438061 	 1 	 0 	 1 	 1 
305.457		300 	 293.341593911 	 -62.6286459937 	 0 	 1 	 1 	 1 
306.489		304.715 	 304.361303385 	 -57.6295166246 	 1 	 0 	 1 	 0 
309.563		309.367 	 318.788383461 	 -50.1209761769 	 0 	 1 	 1 	 1 
314.619		313.898 	 330.697159876 	 -48.1029493093 	 0 	 0 	 1 	 -1 
321.56		318.258 	 312.559186862 	 -42.012497659 	 0 	 1 	 1 	 -1 
330.266		322.411 	 316.552784948 	 -34.744946993 	 1 	 1 	 1 	 -1 
340.597		326.33 	 343.719334999 	 -35.2965928215 	 1 	 0 	 1 	 1 
352.406		330 	 368.629513826 	 -27.9018466693 	 1 	 0 	 1 	 1 
365.546		333.418 	 351.663904714 	 -25.981218262 	 0 	 1 	 1 	 1 
355.074		337.053 	 346.339766262 	 -23.5122266885 	 0 	 1 	 1 	 -1 
346.099		340.893 	 353.266172712 	 -20.7019741681 	 1 	 0 	 1 	 -1 
338.742		344.921 	 340.88813469 	 -16.7057715837 	 0 	 0 	 1 	 1 
333.116		349.107 	 346.377479852 	 -10.226994666 	 0 	 1 	 1 	 0 
329.31		353.413 	 345.423298912 	 -7.02730022109 	 0 	 0 	 1 	 0 
327.39		357.796 	 326.882541458 	 -0.881463605121 	 0 	 1 	 1 	 0 
327.39		2.20423 	 345.03670467 	 4.15771253589 	 1 	 0 	 1 	 0 
329.31		6.58678 	 337.230340574 	 6.76276249453 	 1 	 1 	 1 	 0 
333.116		10.8934 	 325.306493849 	 10.8941635776 	 1 	 0 	 1 	 0 
338.742		15.0791 	 331.680581876 	 16.2455116376 	 0 	 0 	 1 	 1 
346.099		19.1066 	 350.791146763 	 15.7481885375 	 0 	 0 	 1 	 -1 
355.074		22.9473 	 363.101541621 	 25.4812891634 	 0 	 0 	 1 	 -1 
365.546		26.582 	 357.695410671 	 25.419185728 	 1 	 0 	 1 	 0 
377.385		30 	 394.383031804 	 28.6037267296 	 1 	 0 	 1 	 0 
365.546		33.418 	 382.374162268 	 33.6874349814 	 0 	 0 	 1 	 0 
355.074		37.0527 	 365.819560348 	 37.0727498818 	 1 	 0 	 1 	 1 
346.099		40.8934 	 336.131272928 	 40.2807412788 	 1 	 1 	 1 	 1 
338.743		44.9209 	 328.072463306 	 42.7604484949 	 1 	 0 	 1 	 0 
333.116		49.1066 	 329.499927897 	 47.8854892585 	 0 	 1 	 1 	 -1 
329.31		53.4132 	 332.672151125 	 54.6756555872 	 1 	 1 	 1 	 1 
327.39		57.7958 	 332.56994851 	 56.8496524046 	 0 	 1 	 1 	 1 
327.39		62.2042 	 338.286464076 	 60.3642897812 	 1 	 1 	 1 	 -1 
329.31		66.5868 	 328.249423745 	 67.9982720743 	 1 	 0 	 1 	 -1 
333.116		70.8934 	 332.481318067 	 72.4204106719 	 1 	 1 	 1 	 -1 
338.742		75.0791 	 325.531108301 	 73.9416679254 	 0 	 0 	 1 	 1 
346.099		79.1066 	 332.04411232 	 78.8570747059 	 1 	 1 	 1 	 1 
355.074		82.9473 	 346.602235687 	 79.9793840552 	 1 	 0 	 1 	 1 
