25.2587		30 	 391.857604841 	 9.8943041511 	 1 	 0 	 1 	 0 
25.2587		90 	 348.781544729 	 4.54390772274 	 1 	 1 	 1 	 -1 
25.2587		150 	 383.162991148 	 1.07363473505 	 0 	 0 	 1 	 0 
25.2587		210 	 358.065342429 	 351.810629767 	 1 	 0 	 1 	 0 
25.2587		270 	 437.934198419 	 20.3799116559 	 1 	 0 	 1 	 1 
43.7478		0 	 437.047397919 	 0.706584150951 	 0 	 0 	 1 	 -1 
50.5147		30 	 418.045800667 	 9.22866936315 	 1 	 1 	 1 	 1 
43.7478		60 	 355.25178419 	 349.633725341 	 1 	 1 	 1 	 -1 
50.5147		90 	 391.502178969 	 2.66614234702 	 1 	 1 	 1 	 0 
43.7478		120 	 364.682267398 	 6.17992493731 	 1 	 1 	 1 	 -1 
50.5147		150 	 431.539114784 	 3.43256523507 	 1 	 0 	 1 	 1 
43.7478		180 	 341.771537583 	 11.1152258293 	 0 	 0 	 1 	 0 
50.5147		210 	 403.509753948 	 15.471508322 	 1 	 0 	 1 	 1 
43.7478		240 	 382.287930095 	 11.3224743176 	 1 	 1 	 1 	 0 
43.7478		300 	 353.570191929 	 3.13726661546 	 0 	 1 	 1 	 1 
50.5148		330 	 378.883289723 	 11.7098728965 	 1 	 0 	 1 	 1 
66.8212		349.107 	 470.491672898 	 20.0778247146 	 0 	 0 	 1 	 0 
66.8212		10.8934 	 348.74496023 	 12.5265576197 	 1 	 0 	 1 	 1 
75.7654		30 	 361.184738147 	 6.25471034014 	 1 	 1 	 1 	 0 
66.8212		49.1066 	 317.70971593 	 355.868042449 	 0 	 1 	 1 	 1 
66.8212		70.8934 	 332.665532103 	 3.8148085254 	 1 	 1 	 1 	 1 
75.7654		90 	 334.632816362 	 4.37896072866 	 1 	 0 	 1 	 -1 
66.8212		109.107 	 359.586898878 	 7.12474536308 	 1 	 0 	 1 	 1 
66.8212		130.893 	 381.93947234 	 2.29614402253 	 0 	 0 	 1 	 0 
75.7654		150 	 419.999304287 	 351.143920031 	 0 	 1 	 1 	 -1 
66.8212		169.107 	 351.384523186 	 5.45754744062 	 1 	 0 	 1 	 0 
66.8212		190.893 	 323.894642728 	 6.00403908562 	 1 	 0 	 1 	 0 
66.8212		229.107 	 408.400433345 	 10.4590974392 	 0 	 0 	 1 	 -1 
66.8212		250.893 	 376.155739828 	 13.5153543785 	 0 	 1 	 1 	 1 
75.7654		270 	 407.347684853 	 10.1183842685 	 0 	 0 	 1 	 1 
66.8212		289.107 	 417.852173505 	 12.6533693596 	 1 	 0 	 1 	 1 
66.8212		310.893 	 353.848171312 	 4.09605453031 	 0 	 0 	 1 	 0 
75.7654		330 	 415.129605607 	 13.1564281308 	 1 	 0 	 1 	 -1 
91.0523		343.898 	 333.351113901 	 20.5319059215 	 0 	 1 	 1 	 -1 
87.4818		0 	 396.486791837 	 7.56125055624 	 0 	 0 	 1 	 1 
91.0523		16.1021 	 283.137551787 	 3.19750268056 	 1 	 1 	 1 	 0 
101.008		30 	 320.564349674 	 3.32703772505 	 1 	 1 	 1 	 0 
91.0523		43.8979 	 347.136335203 	 7.96027050194 	 0 	 1 	 1 	 0 
87.4818		60 	 308.781261043 	 0.499992606184 	 1 	 0 	 1 	 0 
91.0523		76.1021 	 360.476517976 	 9.98600901927 	 0 	 1 	 1 	 0 
91.0523		103.898 	 361.837405572 	 10.8722272605 	 0 	 1 	 1 	 0 
87.4818		120 	 360.989558215 	 7.04297183657 	 1 	 1 	 1 	 0 
91.0523		136.102 	 377.697108084 	 15.7580475034 	 1 	 1 	 1 	 1 
91.0523		163.898 	 369.166282694 	 7.33266417009 	 0 	 0 	 1 	 0 
87.4818		180 	 359.149157687 	 6.65610091965 	 1 	 0 	 1 	 0 
91.0523		196.102 	 410.119987685 	 12.9680853193 	 1 	 0 	 1 	 -1 
101.008		210 	 329.286252849 	 0.997013974739 	 0 	 1 	 1 	 1 
91.0523		223.898 	 347.152279116 	 7.74188659487 	 1 	 0 	 1 	 1 
87.4818		240 	 296.904815927 	 9.2082552506 	 0 	 1 	 1 	 -1 
91.0523		256.102 	 354.415313305 	 3.27139400333 	 0 	 0 	 1 	 1 
101.008		270 	 382.74741795 	 13.2047608642 	 0 	 0 	 1 	 1 
91.0523		283.898 	 362.475222495 	 6.20004255055 	 0 	 1 	 1 	 -1 
87.4817		300 	 334.87601226 	 6.38170409588 	 0 	 1 	 1 	 1 
91.0523		316.102 	 412.234332176 	 10.8501151127 	 1 	 1 	 1 	 0 
101.008		330 	 408.046445601 	 346.840506825 	 1 	 1 	 1 	 0 
115.709		340.893 	 435.151805288 	 354.872994776 	 1 	 1 	 1 	 1 
110.065		353.413 	 359.962146139 	 355.684846014 	 0 	 1 	 1 	 -1 
110.065		6.58677 	 343.694437405 	 12.8136608277 	 1 	 0 	 1 	 1 
115.709		19.1066 	 371.127718532 	 7.03663099131 	 0 	 1 	 1 	 0 
126.24		30 	 302.941264689 	 353.271974015 	 0 	 0 	 1 	 -1 
115.709		40.8934 	 360.630330589 	 0.274574795939 	 1 	 0 	 1 	 -1 
110.065		53.4132 	 238.56306226 	 3.56443829126 	 1 	 0 	 1 	 1 
110.065		66.5868 	 326.075866003 	 8.36334256915 	 1 	 0 	 1 	 0 
115.709		79.1066 	 355.982723036 	 7.0321765359 	 0 	 0 	 1 	 -1 
126.24		90 	 355.139890632 	 19.7290757708 	 0 	 0 	 1 	 0 
115.709		100.893 	 289.645438251 	 13.5018568287 	 0 	 0 	 1 	 -1 
110.065		113.413 	 294.935605072 	 1.26287798696 	 0 	 1 	 1 	 1 
110.065		126.587 	 359.636207018 	 7.07049114493 	 0 	 0 	 1 	 -1 
115.709		139.107 	 391.632124363 	 358.809809884 	 0 	 0 	 1 	 1 
126.24		150 	 404.678797238 	 5.71498696093 	 1 	 0 	 1 	 -1 
115.709		160.893 	 401.314741567 	 1.38471485311 	 0 	 1 	 1 	 0 
110.066		173.413 	 339.976311063 	 11.0176826079 	 1 	 0 	 1 	 -1 
110.066		186.587 	 377.598454199 	 6.39916633838 	 0 	 0 	 1 	 1 
115.709		199.107 	 367.576579556 	 354.423740076 	 1 	 0 	 1 	 1 
126.24		210 	 371.10904179 	 6.16647789487 	 0 	 0 	 1 	 1 
115.709		220.893 	 279.767111646 	 3.031699627 	 0 	 1 	 1 	 -1 
110.065		233.413 	 389.085289806 	 3.07888555489 	 0 	 1 	 1 	 -1 
110.065		246.587 	 353.68177109 	 7.01725731499 	 0 	 0 	 1 	 0 
115.709		259.107 	 368.000469729 	 10.3495586446 	 0 	 0 	 1 	 -1 
126.24		270 	 295.469067503 	 359.323215334 	 1 	 0 	 1 	 1 
115.709		280.893 	 248.815304989 	 22.0063335414 	 1 	 0 	 1 	 1 
110.065		293.413 	 281.994597883 	 16.5534157502 	 1 	 1 	 1 	 -1 
110.065		306.587 	 381.949534578 	 355.721614891 	 1 	 0 	 1 	 1 
115.709		319.107 	 364.761688811 	 7.24069180836 	 1 	 1 	 1 	 1 
126.24		330 	 434.5299963 	 7.58279744118 	 0 	 1 	 1 	 -1 
140.56		338.948 	 387.681601874 	 9.45518089113 	 1 	 1 	 1 	 0 
133.593		349.107 	 359.214394053 	 7.354787009 	 1 	 0 	 1 	 0 
131.188		0 	 375.223456766 	 7.55979490931 	 0 	 1 	 1 	 -1 
133.593		10.8934 	 356.19424592 	 6.58991353909 	 0 	 0 	 1 	 0 
140.56		21.0517 	 364.518252997 	 4.95215384214 	 0 	 1 	 1 	 0 
151.459		30 	 351.765813062 	 5.11604365537 	 0 	 1 	 1 	 0 
140.56		38.9483 	 331.179237629 	 17.1482337112 	 0 	 1 	 1 	 0 
133.593		49.1066 	 350.97090857 	 2.42059758233 	 1 	 0 	 1 	 1 
131.188		60 	 255.782185205 	 355.107627897 	 0 	 0 	 1 	 -1 
133.593		70.8934 	 407.578393793 	 8.09362078379 	 0 	 0 	 1 	 0 
140.56		81.0517 	 364.52794469 	 11.2268370198 	 0 	 1 	 1 	 -1 
151.459		90 	 445.730709996 	 1.16060216157 	 1 	 1 	 1 	 0 
140.56		98.9483 	 331.886743987 	 3.56299192071 	 1 	 1 	 1 	 1 
133.593		109.107 	 366.085826973 	 8.96594670192 	 0 	 1 	 1 	 1 
131.188		120 	 359.338026816 	 8.0235337398 	 1 	 1 	 1 	 1 
133.593		130.893 	 370.580793767 	 12.5151010774 	 0 	 0 	 1 	 -1 
140.56		141.052 	 377.794749064 	 355.869545472 	 1 	 1 	 1 	 1 
151.459		150 	 358.690609757 	 5.68052222434 	 1 	 0 	 1 	 0 
140.56		158.948 	 362.46129926 	 5.10484239202 	 0 	 0 	 1 	 1 
133.593		169.107 	 341.536311758 	 11.3942804049 	 0 	 1 	 1 	 -1 
131.188		180 	 297.026676556 	 12.6896978282 	 0 	 0 	 1 	 1 
133.593		190.893 	 363.819043968 	 10.1684141467 	 1 	 0 	 1 	 -1 
140.56		201.052 	 391.023096892 	 5.11752248768 	 1 	 1 	 1 	 1 
151.459		210 	 335.818320338 	 2.85767285543 	 0 	 0 	 1 	 0 
140.56		218.948 	 360.561138217 	 7.28377676441 	 1 	 0 	 1 	 -1 
133.593		229.107 	 432.262921961 	 8.78329394205 	 0 	 1 	 1 	 0 
131.188		240 	 377.938402319 	 18.3735535054 	 0 	 1 	 1 	 0 
133.592		250.893 	 394.761729635 	 356.880179943 	 1 	 0 	 1 	 -1 
140.56		261.052 	 322.240300342 	 2.29860657392 	 0 	 1 	 1 	 1 
151.459		270 	 403.733950119 	 0.463544435004 	 0 	 1 	 1 	 1 
140.56		278.948 	 362.108172574 	 7.08829239423 	 0 	 1 	 1 	 1 
133.592		289.107 	 360.473720871 	 8.68217575413 	 0 	 0 	 1 	 -1 
131.188		300 	 360.116714325 	 5.63032679532 	 1 	 0 	 1 	 0 
133.593		310.893 	 303.48702726 	 10.2377014892 	 0 	 1 	 1 	 0 
140.56		321.052 	 377.998975582 	 9.28646007277 	 1 	 0 	 1 	 -1 
151.459		330 	 368.755369413 	 8.72260184121 	 1 	 1 	 1 	 1 
165.51		337.589 	 405.841399997 	 3.90203204775 	 0 	 0 	 1 	 1 
157.635		346.102 	 337.448531112 	 12.5225449981 	 1 	 0 	 1 	 -1 
153.545		355.285 	 407.560036605 	 4.52599217477 	 1 	 1 	 1 	 0 
153.545		4.715 	 311.481380518 	 11.2479397738 	 0 	 0 	 1 	 1 
157.635		13.8979 	 406.224928896 	 358.84611786 	 0 	 1 	 1 	 -1 
165.51		22.4109 	 364.290377466 	 6.49346162325 	 0 	 0 	 1 	 0 
176.661		30 	 327.907056008 	 14.6817360904 	 1 	 0 	 1 	 -1 
165.51		37.5891 	 276.35408035 	 6.38619884754 	 0 	 1 	 1 	 0 
157.635		46.1021 	 401.062767552 	 19.472439329 	 0 	 0 	 1 	 -1 
153.545		55.285 	 364.490646012 	 10.4674993325 	 0 	 1 	 1 	 1 
153.545		64.715 	 319.153393779 	 7.77681233689 	 1 	 0 	 1 	 1 
157.635		73.8979 	 359.196808586 	 4.50155268532 	 0 	 0 	 1 	 1 
165.51		82.4109 	 358.354122825 	 7.11309551264 	 0 	 0 	 1 	 -1 
176.661		90 	 411.161758738 	 10.1399570162 	 1 	 1 	 1 	 1 
165.51		97.5891 	 374.8479011 	 4.93396861313 	 1 	 1 	 1 	 -1 
157.635		106.102 	 327.77902129 	 11.9589548099 	 0 	 1 	 1 	 1 
153.545		115.285 	 374.139863346 	 11.5473223816 	 0 	 1 	 1 	 0 
153.545		124.715 	 348.681055677 	 7.71970602514 	 0 	 0 	 1 	 -1 
157.635		133.898 	 441.681745413 	 3.96370591685 	 0 	 0 	 1 	 0 
165.51		142.411 	 329.908848242 	 8.29354191496 	 1 	 1 	 1 	 0 
176.661		150 	 237.725780794 	 2.00086092941 	 1 	 1 	 1 	 1 
165.509		157.589 	 367.344762186 	 4.16963340872 	 0 	 0 	 1 	 0 
157.635		166.102 	 376.324014748 	 0.77508969372 	 0 	 1 	 1 	 0 
153.546		175.285 	 386.334977981 	 8.54888536166 	 1 	 1 	 1 	 0 
153.546		184.715 	 356.413508302 	 3.76148015594 	 0 	 0 	 1 	 -1 
157.635		193.898 	 293.221725338 	 0.62531407068 	 1 	 0 	 1 	 1 
165.509		202.411 	 390.754436304 	 354.492314906 	 0 	 1 	 1 	 0 
165.51		217.589 	 363.18761256 	 7.49669929351 	 1 	 1 	 1 	 0 
157.635		226.102 	 377.807299887 	 2.01251747109 	 1 	 1 	 1 	 -1 
153.545		235.285 	 343.188494487 	 7.95285277345 	 1 	 1 	 1 	 0 
153.545		244.715 	 353.146646419 	 4.40568595212 	 0 	 0 	 1 	 0 
157.635		253.898 	 403.769556854 	 3.85102475845 	 0 	 1 	 1 	 0 
165.51		262.411 	 377.460424919 	 4.01463742904 	 1 	 1 	 1 	 0 
176.661		270 	 365.354056566 	 6.4549428804 	 0 	 1 	 1 	 0 
165.51		277.589 	 377.73342235 	 10.1605935657 	 0 	 1 	 1 	 0 
157.635		286.102 	 345.788042147 	 4.77823877383 	 0 	 1 	 1 	 1 
153.545		295.285 	 396.380279824 	 5.27778451479 	 1 	 1 	 1 	 1 
153.545		304.715 	 368.963590531 	 8.17923388402 	 1 	 1 	 1 	 -1 
157.635		313.898 	 393.469304256 	 4.02380966606 	 0 	 1 	 1 	 0 
165.51		322.411 	 424.088656234 	 2.47708106063 	 1 	 1 	 1 	 -1 
176.661		330 	 416.782174778 	 10.7174933309 	 1 	 0 	 1 	 0 
190.511		336.587 	 381.787085429 	 3.76001472441 	 0 	 1 	 1 	 1 
181.979		343.898 	 377.385822572 	 11.5808157987 	 1 	 1 	 1 	 -1 
176.661		351.787 	 389.087151197 	 5.79885620935 	 1 	 1 	 1 	 0 
174.852		0 	 420.672222763 	 2.25003499246 	 0 	 1 	 1 	 1 
176.661		8.21321 	 355.516825984 	 6.9254253674 	 1 	 1 	 1 	 0 
181.979		16.1021 	 333.169117826 	 9.37198183464 	 1 	 1 	 1 	 0 
190.511		23.4132 	 361.926461653 	 7.83542914902 	 0 	 1 	 1 	 0 
201.845		30 	 357.700917323 	 4.80229744659 	 1 	 1 	 1 	 1 
181.979		43.8979 	 364.835932276 	 18.5058667612 	 1 	 1 	 1 	 -1 
176.661		51.7868 	 314.695697023 	 2.30692526209 	 1 	 1 	 1 	 0 
174.852		60 	 338.366136551 	 1.2053934403 	 1 	 0 	 1 	 1 
176.661		68.2132 	 326.796205809 	 9.49215929005 	 1 	 0 	 1 	 0 
181.979		76.1021 	 390.339537809 	 8.01631793688 	 1 	 0 	 1 	 0 
190.511		83.4132 	 331.919810217 	 8.90923388936 	 1 	 0 	 1 	 1 
201.845		90 	 331.547357151 	 4.24768969744 	 1 	 0 	 1 	 -1 
190.511		96.5868 	 330.209358512 	 6.40441907541 	 0 	 0 	 1 	 -1 
181.979		103.898 	 355.968334404 	 9.43575376262 	 1 	 0 	 1 	 -1 
176.661		111.787 	 303.705293591 	 0.827016223054 	 1 	 1 	 1 	 -1 
174.852		120 	 338.860705958 	 3.73696521797 	 1 	 0 	 1 	 -1 
176.661		128.213 	 388.978451305 	 7.89330765218 	 1 	 1 	 1 	 -1 
181.979		136.102 	 363.374140673 	 9.24138027229 	 0 	 0 	 1 	 -1 
190.51		143.413 	 309.389060123 	 13.4497662351 	 1 	 0 	 1 	 -1 
201.845		150 	 338.816783021 	 358.882717086 	 0 	 0 	 1 	 -1 
190.511		156.587 	 363.745649569 	 6.88038769514 	 1 	 0 	 1 	 0 
181.979		163.898 	 398.45053473 	 17.8505180491 	 0 	 1 	 1 	 1 
176.661		171.787 	 350.818881687 	 13.9171260235 	 1 	 0 	 1 	 0 
174.852		180 	 308.143002123 	 20.6139120674 	 0 	 1 	 1 	 1 
176.661		188.213 	 335.070827604 	 0.307519026355 	 0 	 1 	 1 	 1 
181.979		196.102 	 352.032267764 	 19.7757704179 	 0 	 1 	 1 	 0 
190.511		203.413 	 282.178346295 	 355.121510933 	 1 	 1 	 1 	 1 
201.845		210 	 365.690009865 	 9.31117305484 	 1 	 1 	 1 	 1 
190.51		216.587 	 337.28131185 	 20.278933667 	 0 	 1 	 1 	 0 
181.979		223.898 	 375.754495396 	 9.50382595241 	 1 	 1 	 1 	 -1 
176.661		231.787 	 365.740525692 	 9.46660464369 	 0 	 1 	 1 	 0 
174.853		240 	 386.501698855 	 18.0958016584 	 0 	 1 	 1 	 -1 
176.662		248.213 	 387.540143813 	 8.95928139445 	 1 	 1 	 1 	 0 
181.979		256.102 	 446.837878593 	 352.998690622 	 0 	 1 	 1 	 -1 
190.511		263.413 	 433.637001714 	 10.3562599054 	 0 	 1 	 1 	 -1 
190.511		276.587 	 420.116006106 	 13.3826803036 	 0 	 0 	 1 	 1 
181.979		283.898 	 403.02722442 	 9.28780161393 	 0 	 0 	 1 	 -1 
176.662		291.787 	 397.88788607 	 4.90751987339 	 0 	 0 	 1 	 -1 
174.853		300 	 372.780373328 	 5.57068275664 	 0 	 0 	 1 	 -1 
176.661		308.213 	 364.351781303 	 9.15640123072 	 0 	 1 	 1 	 -1 
181.979		316.102 	 387.505273045 	 10.2546472808 	 0 	 0 	 1 	 0 
190.511		323.413 	 370.108763742 	 7.90806607208 	 0 	 0 	 1 	 0 
201.845		330 	 433.320741244 	 13.486308841 	 0 	 1 	 1 	 -1 
215.536		335.818 	 293.44833043 	 352.519827738 	 1 	 0 	 1 	 -1 
206.511		342.216 	 275.994746257 	 8.83452092623 	 0 	 1 	 1 	 1 
200.265		349.107 	 355.921933291 	 12.8050047915 	 1 	 1 	 1 	 -1 
197.068		356.329 	 407.719159596 	 1.54639976464 	 1 	 0 	 1 	 1 
197.068		3.6705 	 382.546995137 	 10.46820628 	 1 	 1 	 1 	 -1 
200.265		10.8934 	 367.123160044 	 1.32080248372 	 1 	 1 	 1 	 0 
206.511		17.7836 	 377.341520429 	 351.447787548 	 1 	 1 	 1 	 0 
215.536		24.1825 	 384.170278421 	 9.3987695259 	 1 	 0 	 1 	 1 
227.007		30 	 346.156938438 	 355.560232706 	 0 	 0 	 1 	 1 
215.536		35.8175 	 368.267022784 	 13.1265281218 	 0 	 0 	 1 	 0 
206.511		42.2164 	 337.546966762 	 2.72913079976 	 1 	 0 	 1 	 -1 
200.265		49.1066 	 306.702540388 	 1.83497152981 	 0 	 1 	 1 	 1 
197.068		56.3295 	 354.332946384 	 5.36613841472 	 1 	 0 	 1 	 -1 
197.068		63.6705 	 381.26540746 	 2.30510116369 	 1 	 0 	 1 	 -1 
200.265		70.8934 	 299.143405229 	 354.913883365 	 0 	 0 	 1 	 -1 
206.511		77.7836 	 353.514620189 	 7.60460170762 	 1 	 0 	 1 	 1 
215.536		84.1825 	 399.790687664 	 356.792565923 	 1 	 1 	 1 	 0 
227.007		90 	 429.548390278 	 0.734245237325 	 1 	 1 	 1 	 1 
215.536		95.8175 	 380.885571617 	 6.40244772771 	 1 	 0 	 1 	 0 
206.511		102.216 	 354.890786754 	 0.00895577489967 	 1 	 0 	 1 	 1 
200.265		109.107 	 356.283965035 	 6.42836520995 	 1 	 0 	 1 	 0 
197.068		116.33 	 374.756487643 	 4.71990408984 	 1 	 1 	 1 	 -1 
197.068		123.671 	 324.819419411 	 1.40053897665 	 1 	 0 	 1 	 1 
200.265		130.893 	 405.136603349 	 357.559708694 	 0 	 1 	 1 	 1 
206.51		137.784 	 315.05610437 	 13.2114112657 	 0 	 1 	 1 	 1 
215.536		144.182 	 368.964497755 	 8.39355924995 	 1 	 1 	 1 	 1 
227.007		150 	 463.642442496 	 7.72832687575 	 0 	 0 	 1 	 -1 
215.536		155.818 	 360.789145372 	 6.82008151157 	 1 	 1 	 1 	 0 
206.511		162.216 	 359.005106157 	 4.66146423358 	 0 	 1 	 1 	 -1 
200.266		169.107 	 387.261154735 	 2.1496830364 	 1 	 1 	 1 	 1 
197.068		176.33 	 338.746871626 	 7.67991029494 	 0 	 0 	 1 	 -1 
197.068		183.671 	 369.915609694 	 6.73366227326 	 1 	 0 	 1 	 -1 
200.266		190.893 	 350.26364842 	 8.08522026392 	 1 	 0 	 1 	 1 
206.511		197.784 	 352.812941595 	 6.81976556842 	 0 	 1 	 1 	 1 
215.536		204.182 	 351.989079278 	 6.45565671435 	 1 	 0 	 1 	 -1 
227.007		210 	 377.662941535 	 0.199874302436 	 0 	 0 	 1 	 1 
215.536		215.818 	 365.132134947 	 2.06027057159 	 1 	 0 	 1 	 1 
206.51		222.216 	 357.85279667 	 1.90899361751 	 1 	 1 	 1 	 1 
200.265		229.107 	 368.483633078 	 6.39742849734 	 0 	 1 	 1 	 0 
197.068		236.329 	 395.26118347 	 2.59261759021 	 0 	 1 	 1 	 0 
197.068		243.671 	 327.143032791 	 358.376010187 	 1 	 0 	 1 	 0 
200.265		250.893 	 373.434229815 	 1.71463682569 	 0 	 1 	 1 	 1 
206.51		257.784 	 364.209661001 	 6.44662808288 	 1 	 1 	 1 	 -1 
215.536		264.182 	 443.907575775 	 2.80153146665 	 1 	 1 	 1 	 1 
227.007		270 	 289.300129024 	 359.333075208 	 0 	 0 	 1 	 0 
215.536		275.818 	 412.141290533 	 9.1051317772 	 0 	 0 	 1 	 -1 
206.51		282.216 	 311.308212663 	 12.078532297 	 0 	 0 	 1 	 0 
200.265		289.107 	 324.448355225 	 5.81119436302 	 1 	 0 	 1 	 1 
197.068		296.329 	 450.438091148 	 9.87454005456 	 0 	 0 	 1 	 0 
197.068		303.67 	 367.519236341 	 4.97838501803 	 0 	 1 	 1 	 1 
200.265		310.893 	 364.04920023 	 6.5883899131 	 0 	 0 	 1 	 1 
206.511		317.784 	 347.671901388 	 11.5077235658 	 1 	 0 	 1 	 -1 
227.008		330 	 360.884171054 	 10.6290092396 	 1 	 1 	 1 	 0 
240.57		335.209 	 336.303191636 	 8.98215844109 	 1 	 0 	 1 	 0 
231.161		340.893 	 343.818667466 	 8.76449002768 	 0 	 1 	 1 	 0 
224.195		346.996 	 385.677598375 	 11.9848887555 	 0 	 0 	 1 	 0 
219.909		353.413 	 362.991927215 	 0.380067063763 	 1 	 1 	 1 	 -1 
218.461		0 	 457.693943834 	 10.4815178542 	 0 	 0 	 1 	 -1 
219.909		6.58678 	 370.076764949 	 7.22064968517 	 1 	 1 	 1 	 0 
224.195		13.0039 	 332.030023785 	 1.385667899 	 1 	 0 	 1 	 0 
231.161		19.1066 	 399.069378724 	 12.222901093 	 0 	 1 	 1 	 0 
240.57		24.7913 	 387.457874816 	 10.8858894217 	 0 	 1 	 1 	 -1 
252.146		30 	 274.897162244 	 5.73506880243 	 0 	 1 	 1 	 -1 
240.57		35.2087 	 361.859082951 	 4.06402864701 	 1 	 1 	 1 	 0 
231.161		40.8934 	 336.610482031 	 1.61047565872 	 1 	 1 	 1 	 0 
224.195		46.9961 	 337.293983229 	 7.10050415886 	 0 	 1 	 1 	 1 
219.909		53.4132 	 395.951514497 	 353.730039095 	 0 	 1 	 1 	 0 
218.461		60 	 366.838635346 	 7.37616187884 	 0 	 0 	 1 	 0 
219.909		66.5868 	 377.057688666 	 4.05160145966 	 1 	 0 	 1 	 1 
224.195		73.0039 	 352.751090068 	 7.04123344115 	 0 	 0 	 1 	 1 
231.161		79.1066 	 357.500431771 	 1.33913569125 	 1 	 1 	 1 	 -1 
240.57		84.7913 	 345.804880982 	 6.77333590065 	 0 	 0 	 1 	 0 
240.57		95.2087 	 384.442606503 	 7.49279223268 	 0 	 1 	 1 	 -1 
231.161		100.893 	 343.900030888 	 356.399771876 	 1 	 1 	 1 	 0 
224.195		106.996 	 349.071812037 	 357.750191713 	 0 	 0 	 1 	 -1 
219.909		113.413 	 309.178057241 	 10.7660030141 	 0 	 1 	 1 	 -1 
218.461		120 	 421.612896053 	 5.94117382976 	 0 	 1 	 1 	 -1 
219.909		126.587 	 364.188372064 	 6.50071858826 	 1 	 1 	 1 	 -1 
224.195		133.004 	 308.191537475 	 9.40025448556 	 1 	 0 	 1 	 -1 
231.161		139.107 	 366.947445156 	 6.49348347002 	 0 	 0 	 1 	 -1 
252.146		150 	 383.300994591 	 4.42566433813 	 1 	 1 	 1 	 -1 
240.57		155.209 	 381.142157856 	 0.693392614738 	 0 	 0 	 1 	 0 
231.16		160.893 	 389.364541714 	 6.6022761262 	 1 	 1 	 1 	 0 
224.196		166.996 	 354.986369198 	 2.54140428765 	 0 	 0 	 1 	 -1 
219.909		173.413 	 342.608460223 	 0.282525819772 	 0 	 1 	 1 	 -1 
218.461		180 	 399.889925712 	 19.266034302 	 0 	 1 	 1 	 0 
219.909		186.587 	 419.171434449 	 15.6611731105 	 1 	 1 	 1 	 0 
224.196		193.004 	 371.762713846 	 9.11050415636 	 0 	 1 	 1 	 1 
231.16		199.107 	 314.073175548 	 3.42447474451 	 0 	 1 	 1 	 0 
240.57		204.791 	 391.337926395 	 6.79672211226 	 0 	 0 	 1 	 -1 
252.146		210 	 322.655486816 	 9.76413270745 	 0 	 1 	 1 	 0 
240.57		215.209 	 409.037707098 	 3.43455523373 	 1 	 0 	 1 	 1 
231.161		220.893 	 319.479676939 	 18.4937303319 	 1 	 1 	 1 	 -1 
224.196		226.996 	 357.825041716 	 0.218424900132 	 0 	 1 	 1 	 -1 
219.909		233.413 	 252.879335275 	 4.03513255476 	 1 	 0 	 1 	 0 
218.461		240 	 350.558892301 	 6.48921695727 	 1 	 1 	 1 	 -1 
219.909		246.587 	 380.131983937 	 4.30119392365 	 0 	 0 	 1 	 0 
224.195		253.004 	 350.647133516 	 6.89199463591 	 0 	 1 	 1 	 0 
231.16		259.107 	 355.417636639 	 6.8774779564 	 1 	 1 	 1 	 -1 
240.57		264.791 	 383.561162744 	 10.5350199283 	 0 	 0 	 1 	 0 
252.146		270 	 246.036204386 	 18.6303050925 	 1 	 0 	 1 	 0 
240.57		275.209 	 424.830359933 	 8.04861044569 	 1 	 0 	 1 	 0 
231.16		280.893 	 357.83446063 	 6.62421949117 	 0 	 1 	 1 	 -1 
224.195		286.996 	 375.616130271 	 5.47752521742 	 0 	 0 	 1 	 1 
219.909		293.413 	 413.004293701 	 358.684708251 	 0 	 0 	 1 	 1 
218.461		300 	 414.145620711 	 0.0217384598988 	 0 	 0 	 1 	 -1 
219.909		306.587 	 351.447704902 	 6.80478519504 	 1 	 0 	 1 	 -1 
224.196		313.004 	 387.687891681 	 11.5141043938 	 1 	 0 	 1 	 -1 
231.161		319.107 	 367.100386035 	 5.87536682721 	 1 	 0 	 1 	 0 
240.57		324.791 	 400.080335575 	 8.00174592366 	 0 	 0 	 1 	 -1 
252.146		330 	 379.318925084 	 351.637330276 	 1 	 1 	 1 	 -1 
265.601		334.715 	 370.429020145 	 9.20328864583 	 1 	 1 	 1 	 -1 
255.886		339.826 	 367.45427769 	 7.13944292326 	 0 	 1 	 1 	 1 
248.348		345.295 	 355.845780358 	 2.88990432701 	 1 	 1 	 1 	 -1 
243.191		351.052 	 335.1394721 	 11.1492973599 	 0 	 1 	 1 	 0 
240.57		356.996 	 296.565261539 	 8.28218412192 	 0 	 1 	 1 	 0 
240.57		3.00449 	 367.961171175 	 7.59595098968 	 1 	 0 	 1 	 -1 
243.191		8.94827 	 354.772682728 	 6.80266485993 	 0 	 1 	 1 	 0 
248.348		14.7047 	 364.907073128 	 8.6172583746 	 1 	 0 	 1 	 1 
255.886		20.1736 	 375.962369939 	 5.29048802588 	 1 	 1 	 1 	 1 
265.601		25.285 	 344.560842714 	 4.49938820708 	 1 	 1 	 1 	 -1 
277.258		30 	 287.14020782 	 24.2572474941 	 0 	 0 	 1 	 0 
265.601		34.715 	 359.436214362 	 10.7352637505 	 0 	 0 	 1 	 1 
255.887		39.8264 	 284.653822104 	 1.76849842691 	 1 	 0 	 1 	 0 
248.348		45.2953 	 338.981621016 	 2.72208623696 	 0 	 1 	 1 	 0 
243.191		51.0517 	 296.322991845 	 1.30332384357 	 1 	 1 	 1 	 1 
240.57		56.9955 	 359.641806741 	 5.24340625856 	 0 	 1 	 1 	 0 
240.57		63.0045 	 366.974224753 	 13.7823923203 	 0 	 0 	 1 	 0 
243.191		68.9483 	 439.853586548 	 14.0192137682 	 0 	 1 	 1 	 -1 
248.348		74.7047 	 325.033504901 	 13.9688375227 	 1 	 0 	 1 	 -1 
255.887		80.1736 	 313.647608775 	 5.76594869771 	 1 	 1 	 1 	 0 
265.601		85.285 	 376.505907463 	 358.971608817 	 1 	 1 	 1 	 -1 
277.257		90 	 334.620670127 	 9.53583929143 	 1 	 1 	 1 	 0 
265.601		94.715 	 360.769160993 	 5.24363631446 	 1 	 0 	 1 	 -1 
255.887		99.8264 	 339.309251702 	 359.6653858 	 1 	 0 	 1 	 -1 
248.348		105.295 	 349.548296873 	 6.50021511551 	 0 	 1 	 1 	 1 
243.191		111.052 	 406.479331649 	 21.2730621526 	 1 	 1 	 1 	 0 
240.57		116.996 	 351.16885189 	 354.613768762 	 0 	 0 	 1 	 1 
240.57		123.005 	 327.302958977 	 18.0367502125 	 0 	 1 	 1 	 1 
243.191		128.948 	 359.269483175 	 7.17750881967 	 0 	 0 	 1 	 0 
248.348		134.705 	 368.239129177 	 6.83078740281 	 1 	 0 	 1 	 0 
255.887		140.174 	 304.276663975 	 4.99332965518 	 0 	 1 	 1 	 1 
265.6		145.285 	 356.187145827 	 6.99615876003 	 1 	 1 	 1 	 1 
277.257		150 	 352.880643786 	 12.0192605246 	 1 	 0 	 1 	 1 
265.601		154.715 	 353.149209491 	 18.7410901032 	 0 	 1 	 1 	 -1 
255.886		159.826 	 285.682617383 	 1.70428806687 	 1 	 0 	 1 	 1 
248.348		165.295 	 403.659726936 	 9.45697952222 	 0 	 1 	 1 	 0 
243.191		171.052 	 410.90871393 	 359.548109229 	 0 	 1 	 1 	 0 
240.57		176.996 	 377.858664592 	 3.67567422697 	 0 	 1 	 1 	 -1 
240.57		183.005 	 371.51232561 	 10.2476574394 	 0 	 0 	 1 	 1 
243.191		188.948 	 378.920145467 	 4.91016577245 	 1 	 1 	 1 	 -1 
248.348		194.705 	 364.382930819 	 4.04146378369 	 1 	 0 	 1 	 0 
255.886		200.174 	 370.894122041 	 8.64959894527 	 1 	 1 	 1 	 1 
265.601		205.285 	 347.451079208 	 4.53303124136 	 1 	 0 	 1 	 -1 
277.258		210 	 309.312253711 	 1.72736639436 	 1 	 0 	 1 	 0 
265.6		214.715 	 350.106550526 	 4.21984712199 	 0 	 1 	 1 	 -1 
255.887		219.826 	 404.491511509 	 12.1278021622 	 1 	 1 	 1 	 -1 
248.348		225.295 	 355.950374495 	 8.57196865506 	 1 	 0 	 1 	 -1 
243.191		231.052 	 408.532015672 	 358.096072769 	 0 	 1 	 1 	 -1 
240.57		236.995 	 347.711345356 	 6.68785756786 	 1 	 0 	 1 	 0 
240.57		243.004 	 354.632810691 	 11.2339087768 	 0 	 1 	 1 	 1 
243.19		248.948 	 360.786549774 	 6.97694641977 	 1 	 0 	 1 	 0 
248.348		254.705 	 361.153427448 	 8.21831284709 	 0 	 0 	 1 	 -1 
255.886		260.174 	 358.261819303 	 355.851802109 	 1 	 0 	 1 	 0 
265.601		265.285 	 400.534172782 	 9.90303301685 	 1 	 1 	 1 	 1 
277.258		270 	 323.222940767 	 17.1002360161 	 0 	 1 	 1 	 1 
265.601		274.715 	 289.022330021 	 1.71508877122 	 1 	 0 	 1 	 -1 
255.886		279.826 	 339.08093146 	 4.66064217978 	 1 	 0 	 1 	 -1 
248.348		285.295 	 354.512602794 	 1.67312809033 	 0 	 1 	 1 	 1 
243.19		291.052 	 415.98047395 	 13.5919459125 	 0 	 1 	 1 	 0 
240.57		296.996 	 358.284486867 	 5.27182917357 	 1 	 0 	 1 	 -1 
240.57		303.004 	 387.239378456 	 3.97889203951 	 0 	 1 	 1 	 0 
243.191		308.948 	 405.79642311 	 16.1357000709 	 1 	 1 	 1 	 1 
248.348		314.705 	 364.588798567 	 11.1585550627 	 0 	 1 	 1 	 1 
255.886		320.174 	 321.912521574 	 13.1923990841 	 1 	 1 	 1 	 -1 
265.6		325.285 	 347.937433263 	 4.24130137731 	 1 	 1 	 1 	 1 
277.258		330 	 312.554203223 	 15.351121714 	 1 	 1 	 1 	 -1 
290.619		334.307 	 354.349455974 	 3.65166932252 	 0 	 0 	 1 	 1 
280.659		338.948 	 404.361778543 	 16.1326346691 	 1 	 1 	 1 	 0 
272.656		343.898 	 378.667933562 	 13.1058075576 	 0 	 1 	 1 	 -1 
266.79		349.107 	 350.487101192 	 7.98849158551 	 0 	 0 	 1 	 0 
263.206		354.504 	 379.502122841 	 8.75192620273 	 0 	 0 	 1 	 -1 
262.001		0 	 408.441560136 	 19.9386932359 	 0 	 0 	 1 	 0 
263.206		5.49637 	 377.17289823 	 5.58394306138 	 0 	 0 	 1 	 0 
266.79		10.8934 	 394.403529701 	 357.466172634 	 0 	 0 	 1 	 0 
272.656		16.1021 	 398.134563916 	 10.6291505118 	 0 	 0 	 1 	 1 
280.659		21.0517 	 392.330329384 	 1.696917861 	 0 	 0 	 1 	 1 
290.619		25.6934 	 352.062555332 	 8.29746188166 	 1 	 1 	 1 	 0 
302.34		30 	 389.1833871 	 19.8357595067 	 1 	 1 	 1 	 0 
290.619		34.3066 	 429.974530068 	 14.6785496318 	 0 	 0 	 1 	 0 
280.659		38.9483 	 298.143325633 	 17.22246551 	 1 	 1 	 1 	 1 
272.656		43.8979 	 400.12891277 	 6.01578327206 	 0 	 1 	 1 	 0 
266.789		49.1066 	 342.093364325 	 16.7736340563 	 1 	 1 	 1 	 0 
263.206		54.5036 	 314.265651675 	 36.3775033326 	 0 	 1 	 1 	 0 
262.001		60 	 384.973820508 	 11.0840962158 	 0 	 0 	 1 	 0 
263.206		65.4964 	 391.551020843 	 4.79544003075 	 1 	 0 	 1 	 1 
266.79		70.8934 	 417.293231634 	 359.802149629 	 0 	 0 	 1 	 0 
272.656		76.1021 	 370.941614577 	 4.40146683603 	 1 	 1 	 1 	 0 
280.659		81.0517 	 384.039649079 	 357.858497345 	 1 	 1 	 1 	 1 
290.619		85.6934 	 401.771942622 	 357.714735213 	 1 	 1 	 1 	 -1 
302.34		90 	 363.307071104 	 12.2748119352 	 0 	 1 	 1 	 1 
290.619		94.3066 	 341.875088648 	 6.69343202517 	 1 	 0 	 1 	 -1 
280.659		98.9483 	 426.570388713 	 359.471590643 	 1 	 1 	 1 	 1 
272.655		103.898 	 361.587263456 	 7.42136516343 	 0 	 0 	 1 	 -1 
266.79		109.107 	 354.575218642 	 6.89926414259 	 1 	 0 	 1 	 1 
263.206		114.504 	 378.104083943 	 8.73870891732 	 0 	 0 	 1 	 0 
262		120 	 365.097082736 	 0.00470996886928 	 0 	 1 	 1 	 -1 
263.206		125.496 	 333.595628678 	 5.72581943368 	 0 	 0 	 1 	 -1 
266.79		130.893 	 379.139818727 	 9.13822853172 	 1 	 1 	 1 	 -1 
272.655		136.102 	 370.671099987 	 10.6250248687 	 1 	 0 	 1 	 0 
280.659		141.052 	 360.848673933 	 7.12769000718 	 0 	 0 	 1 	 -1 
290.619		145.693 	 361.333422269 	 5.79751130597 	 0 	 1 	 1 	 -1 
302.34		150 	 266.569419579 	 14.2614777746 	 0 	 1 	 1 	 0 
290.619		154.307 	 329.001936118 	 3.95333797848 	 1 	 0 	 1 	 1 
280.659		158.948 	 365.473088212 	 7.54544172804 	 1 	 1 	 1 	 0 
272.656		163.898 	 330.09382875 	 358.217913318 	 1 	 1 	 1 	 0 
266.789		169.107 	 327.714147805 	 12.0699996847 	 1 	 1 	 1 	 0 
263.206		174.504 	 364.833413152 	 8.2510853673 	 1 	 0 	 1 	 1 
262.001		180 	 340.431030624 	 16.8550689167 	 1 	 0 	 1 	 0 
263.206		185.496 	 416.91893259 	 3.82973926386 	 1 	 1 	 1 	 1 
266.789		190.893 	 373.871344193 	 6.08662084584 	 0 	 0 	 1 	 1 
272.656		196.102 	 393.567801154 	 8.16644284638 	 1 	 0 	 1 	 -1 
280.659		201.052 	 354.018921984 	 6.76073086915 	 1 	 1 	 1 	 1 
290.619		205.693 	 331.187638974 	 1.56989522009 	 1 	 0 	 1 	 -1 
302.34		210 	 386.239150844 	 6.44252385757 	 0 	 0 	 1 	 1 
290.619		214.307 	 408.424357339 	 13.8991420519 	 0 	 1 	 1 	 0 
280.658		218.948 	 428.964455591 	 4.96944989253 	 0 	 0 	 1 	 0 
272.656		223.898 	 291.145875154 	 15.5884621859 	 1 	 1 	 1 	 -1 
266.79		229.107 	 361.50660189 	 9.41108974135 	 1 	 0 	 1 	 0 
263.206		234.504 	 364.222563576 	 10.7036422163 	 0 	 1 	 1 	 -1 
262		240 	 370.517526893 	 8.94205399236 	 1 	 0 	 1 	 -1 
263.206		245.496 	 330.581135199 	 11.2391462419 	 0 	 1 	 1 	 -1 
266.789		250.893 	 369.397219471 	 15.3109475482 	 0 	 0 	 1 	 0 
272.656		256.102 	 364.161640959 	 7.76142060302 	 1 	 0 	 1 	 0 
280.659		261.052 	 388.745704041 	 9.41038747631 	 0 	 0 	 1 	 1 
290.62		265.693 	 362.480517048 	 5.9511534333 	 1 	 0 	 1 	 0 
302.34		270 	 348.076085418 	 4.22374781653 	 0 	 1 	 1 	 1 
290.62		274.307 	 332.409914054 	 13.8386802765 	 0 	 0 	 1 	 1 
280.659		278.948 	 358.304273775 	 7.90106048337 	 1 	 1 	 1 	 1 
272.656		283.898 	 361.218542429 	 6.60173606854 	 0 	 0 	 1 	 0 
266.789		289.107 	 336.894405612 	 5.24816333915 	 1 	 1 	 1 	 -1 
263.206		294.504 	 337.856380493 	 8.95277870358 	 1 	 1 	 1 	 -1 
262		300 	 340.075072226 	 359.207337977 	 1 	 1 	 1 	 1 
263.206		305.496 	 388.370437291 	 12.1647811091 	 0 	 0 	 1 	 1 
266.79		310.893 	 353.213939184 	 7.64224149092 	 1 	 1 	 1 	 0 
272.656		316.102 	 377.26700864 	 8.72559937748 	 0 	 1 	 1 	 -1 
280.659		321.052 	 365.85258247 	 7.11750689426 	 0 	 1 	 1 	 -1 
290.619		325.693 	 256.166812077 	 6.34390415021 	 0 	 0 	 1 	 1 
302.34		330 	 363.381089744 	 10.8114596108 	 1 	 1 	 1 	 -1 
315.62		333.963 	 361.339418513 	 7.15737432399 	 1 	 0 	 1 	 1 
305.457		338.213 	 330.287576475 	 0.662124346287 	 1 	 0 	 1 	 -1 
297.071		342.731 	 327.501907056 	 358.639301711 	 0 	 0 	 1 	 -1 
290.619		347.48 	 395.854331308 	 356.733185942 	 0 	 0 	 1 	 -1 
286.236		352.411 	 311.29043687 	 12.1194971669 	 1 	 0 	 1 	 0 
284.018		357.457 	 350.260446761 	 357.114444833 	 1 	 1 	 1 	 0 
284.018		2.54292 	 338.021797494 	 2.3355889257 	 0 	 1 	 1 	 -1 
286.236		7.58909 	 354.390642259 	 5.18914892629 	 0 	 1 	 1 	 1 
290.619		12.5198 	 416.143863412 	 7.0180754323 	 0 	 0 	 1 	 -1 
297.071		17.2695 	 391.493887741 	 353.672101724 	 1 	 0 	 1 	 1 
305.457		21.7868 	 363.263486714 	 7.16971295602 	 0 	 1 	 1 	 1 
315.62		26.0368 	 365.267027258 	 7.47718228245 	 1 	 0 	 1 	 -1 
327.39		30 	 381.874676757 	 13.5159043838 	 0 	 1 	 1 	 -1 
305.457		38.2132 	 345.86656915 	 6.01514212927 	 0 	 1 	 1 	 0 
297.071		42.7305 	 318.312755382 	 8.09776665334 	 0 	 0 	 1 	 1 
290.619		47.4802 	 355.935505477 	 12.1323754408 	 0 	 0 	 1 	 1 
286.236		52.4109 	 359.553603303 	 4.69694090678 	 0 	 0 	 1 	 0 
284.018		57.4571 	 359.910099881 	 8.06744779519 	 0 	 1 	 1 	 -1 
284.018		62.5429 	 355.924705616 	 12.7900012868 	 1 	 1 	 1 	 0 
286.236		67.5891 	 348.43727479 	 8.29901957812 	 1 	 1 	 1 	 -1 
290.619		72.5198 	 334.102195295 	 1.7776130998 	 1 	 1 	 1 	 0 
297.071		77.2695 	 355.625198576 	 6.69063764601 	 1 	 1 	 1 	 -1 
305.457		81.7868 	 354.204349496 	 14.1046551649 	 1 	 0 	 1 	 -1 
315.62		86.0368 	 445.619363468 	 11.6406607332 	 1 	 1 	 1 	 -1 
327.39		90 	 411.640782931 	 8.78855775436 	 0 	 1 	 1 	 1 
315.62		93.9632 	 371.246273097 	 5.82652104652 	 0 	 1 	 1 	 0 
305.457		98.2132 	 358.702113891 	 359.585010723 	 0 	 0 	 1 	 -1 
297.071		102.731 	 399.664895042 	 12.3420505386 	 1 	 0 	 1 	 -1 
290.619		107.48 	 304.091248901 	 13.692061854 	 1 	 1 	 1 	 0 
286.236		112.411 	 372.336418399 	 10.5300842547 	 1 	 1 	 1 	 0 
284.018		117.457 	 369.615136302 	 5.0493356193 	 1 	 1 	 1 	 -1 
284.018		122.543 	 384.700837977 	 20.180253965 	 0 	 1 	 1 	 -1 
286.236		127.589 	 359.276373023 	 8.887429787 	 1 	 0 	 1 	 0 
290.62		132.52 	 287.733665672 	 16.834058385 	 0 	 1 	 1 	 0 
297.071		137.269 	 355.833513082 	 4.59028346286 	 1 	 0 	 1 	 1 
305.457		141.787 	 372.365953438 	 9.76014911433 	 0 	 0 	 1 	 0 
315.62		146.037 	 341.306814178 	 7.13579087837 	 0 	 1 	 1 	 -1 
327.39		150 	 371.01529687 	 8.73601506902 	 1 	 0 	 1 	 1 
315.619		153.963 	 360.004217953 	 7.22355935788 	 0 	 0 	 1 	 -1 
305.457		158.213 	 342.444457148 	 16.7665353845 	 0 	 0 	 1 	 0 
297.071		162.731 	 307.773845692 	 14.9586410731 	 0 	 1 	 1 	 1 
290.62		167.48 	 344.860054781 	 20.0411758527 	 0 	 0 	 1 	 1 
286.236		172.411 	 370.419363855 	 5.22287232129 	 1 	 0 	 1 	 0 
284.019		177.457 	 349.820268989 	 4.01290215334 	 1 	 0 	 1 	 1 
284.019		182.543 	 380.635915979 	 8.77940515508 	 0 	 0 	 1 	 1 
286.236		187.589 	 404.021156016 	 11.6501924456 	 1 	 1 	 1 	 1 
290.62		192.52 	 413.568931927 	 7.09551898098 	 0 	 1 	 1 	 1 
297.071		197.269 	 355.194822775 	 7.13269269666 	 1 	 0 	 1 	 0 
305.457		201.787 	 360.09922207 	 7.36272341406 	 1 	 1 	 1 	 0 
315.62		206.037 	 413.926752738 	 4.7653077595 	 1 	 0 	 1 	 -1 
327.39		210 	 383.478058995 	 22.0070530516 	 1 	 0 	 1 	 1 
315.62		213.963 	 329.883738693 	 7.15538820164 	 0 	 0 	 1 	 -1 
305.457		218.213 	 359.871787048 	 4.55647128111 	 1 	 0 	 1 	 -1 
297.071		222.731 	 334.740951772 	 6.47001241722 	 0 	 0 	 1 	 0 
290.619		227.48 	 385.947322391 	 4.12971969892 	 0 	 1 	 1 	 0 
286.236		232.411 	 349.629102047 	 7.10862443482 	 1 	 1 	 1 	 -1 
284.018		237.457 	 412.396765157 	 359.506912149 	 1 	 1 	 1 	 -1 
284.019		242.543 	 348.639703958 	 24.7876471675 	 0 	 0 	 1 	 0 
286.236		247.589 	 386.485007747 	 6.47277461984 	 1 	 1 	 1 	 0 
290.62		252.52 	 353.86086707 	 5.26437386018 	 1 	 1 	 1 	 0 
297.071		257.269 	 356.849328791 	 3.155045581 	 1 	 0 	 1 	 0 
305.457		261.787 	 341.006014698 	 9.39851825957 	 1 	 1 	 1 	 0 
315.62		266.037 	 310.219697171 	 7.28864923566 	 1 	 0 	 1 	 0 
327.39		270 	 320.753998598 	 358.845635673 	 1 	 0 	 1 	 -1 
315.62		273.963 	 359.636333834 	 6.15717286328 	 0 	 0 	 1 	 1 
305.457		278.213 	 359.035926599 	 7.0049016231 	 1 	 1 	 1 	 1 
297.071		282.731 	 356.300174735 	 2.46338588918 	 1 	 0 	 1 	 1 
290.62		287.48 	 399.209721011 	 355.325361497 	 0 	 1 	 1 	 -1 
286.236		292.411 	 367.550949965 	 13.8039293873 	 0 	 1 	 1 	 -1 
284.019		297.457 	 348.371053897 	 7.30959950656 	 1 	 1 	 1 	 1 
284.018		302.543 	 333.738824441 	 12.3789422723 	 1 	 1 	 1 	 1 
286.236		307.589 	 315.989942092 	 7.67660210174 	 1 	 1 	 1 	 -1 
290.619		312.52 	 357.063034925 	 1.80774118322 	 1 	 1 	 1 	 -1 
297.071		317.269 	 360.747441403 	 3.36563225912 	 0 	 0 	 1 	 -1 
305.457		321.787 	 343.376468848 	 15.5598910793 	 1 	 0 	 1 	 -1 
327.39		330 	 359.223335968 	 7.02497272941 	 1 	 0 	 1 	 1 
340.597		333.67 	 434.932036287 	 357.346305464 	 0 	 0 	 1 	 0 
330.266		337.589 	 334.287009467 	 4.57636020506 	 0 	 1 	 1 	 -1 
321.56		341.742 	 284.240184525 	 24.6177642584 	 0 	 0 	 1 	 -1 
314.619		346.102 	 358.211304349 	 13.291102286 	 0 	 0 	 1 	 0 
309.563		350.633 	 438.735151432 	 5.48088422267 	 1 	 1 	 1 	 0 
306.489		355.285 	 343.053971289 	 15.8088551492 	 1 	 1 	 1 	 0 
305.457		0 	 353.797629347 	 11.8551967825 	 1 	 1 	 1 	 0 
306.489		4.715 	 379.89776042 	 12.6553062172 	 1 	 0 	 1 	 -1 
309.563		9.367 	 363.056196735 	 7.17952303265 	 0 	 0 	 1 	 0 
314.619		13.8979 	 306.779953892 	 6.44739290489 	 1 	 1 	 1 	 0 
321.56		18.2585 	 394.920908144 	 8.18461337573 	 1 	 0 	 1 	 1 
330.266		22.4109 	 464.191655814 	 0.259107753351 	 1 	 1 	 1 	 -1 
340.597		26.3295 	 353.427856657 	 11.7049818632 	 0 	 0 	 1 	 0 
352.406		30 	 362.420575567 	 7.15336030428 	 1 	 1 	 1 	 1 
340.597		33.6705 	 338.600180624 	 5.33425103907 	 1 	 1 	 1 	 -1 
330.266		37.5891 	 362.335344305 	 5.62324115553 	 1 	 1 	 1 	 1 
321.56		41.7415 	 272.261945813 	 6.55923051446 	 1 	 1 	 1 	 1 
314.619		46.1021 	 368.770789256 	 9.62110579585 	 0 	 0 	 1 	 -1 
309.563		50.633 	 314.633928091 	 13.7447607131 	 0 	 0 	 1 	 0 
306.489		55.285 	 396.742793027 	 6.01488081847 	 1 	 0 	 1 	 1 
305.457		60 	 398.599033464 	 7.85216608198 	 0 	 0 	 1 	 -1 
306.489		64.715 	 389.062843691 	 355.689184287 	 0 	 0 	 1 	 -1 
309.563		69.367 	 341.833275218 	 4.15854630169 	 1 	 1 	 1 	 1 
314.619		73.8979 	 369.513995145 	 10.293356691 	 0 	 1 	 1 	 -1 
321.56		78.2585 	 374.332767377 	 5.60585716059 	 1 	 0 	 1 	 1 
330.266		82.4109 	 357.097603052 	 0.0929553280019 	 0 	 1 	 1 	 1 
340.597		86.3295 	 393.84010331 	 8.64048476767 	 0 	 0 	 1 	 0 
352.406		90 	 359.488405505 	 6.98809682347 	 1 	 1 	 1 	 -1 
340.597		93.6705 	 391.634565961 	 12.0267212753 	 1 	 0 	 1 	 0 
330.266		97.5891 	 385.38678342 	 9.20211839581 	 1 	 0 	 1 	 0 
321.56		101.742 	 393.115662486 	 357.731031698 	 1 	 1 	 1 	 0 
314.619		106.102 	 334.645447763 	 7.28599900207 	 0 	 0 	 1 	 0 
309.563		110.633 	 365.55374373 	 7.81612894832 	 1 	 1 	 1 	 -1 
306.489		115.285 	 343.80259951 	 3.75171061213 	 0 	 0 	 1 	 0 
305.457		120 	 427.256115573 	 357.716261472 	 1 	 1 	 1 	 0 
306.489		124.715 	 350.315561351 	 357.7498324 	 1 	 0 	 1 	 1 
309.563		129.367 	 426.924973056 	 2.17383147379 	 1 	 1 	 1 	 -1 
314.619		133.898 	 394.181742426 	 4.95355401767 	 0 	 1 	 1 	 0 
321.56		138.258 	 349.033330224 	 7.58170217678 	 1 	 1 	 1 	 -1 
330.266		142.411 	 392.500832077 	 6.34374087199 	 1 	 0 	 1 	 -1 
340.597		146.329 	 367.877256903 	 6.43794258782 	 0 	 0 	 1 	 -1 
352.406		150 	 399.96092464 	 1.57015332978 	 1 	 1 	 1 	 -1 
340.597		153.671 	 378.487410268 	 17.6620422036 	 1 	 0 	 1 	 -1 
330.266		157.589 	 377.337028062 	 3.51424099969 	 0 	 1 	 1 	 -1 
321.561		161.742 	 363.829896009 	 10.53940486 	 0 	 0 	 1 	 1 
314.618		166.102 	 365.282887151 	 4.7733205616 	 0 	 1 	 1 	 -1 
309.563		170.633 	 379.165723854 	 2.89396012311 	 1 	 0 	 1 	 0 
306.488		175.285 	 357.411421297 	 1.82665677867 	 1 	 1 	 1 	 -1 
305.457		180 	 420.604847554 	 11.1702632168 	 0 	 1 	 1 	 1 
306.488		184.715 	 340.568564468 	 7.58077883146 	 0 	 0 	 1 	 1 
309.563		189.367 	 382.474461407 	 354.29995216 	 0 	 1 	 1 	 -1 
314.618		193.898 	 423.216714061 	 2.15758573283 	 0 	 0 	 1 	 0 
321.561		198.258 	 364.081051844 	 3.57907599583 	 1 	 0 	 1 	 1 
330.266		202.411 	 379.719559407 	 13.6718404592 	 1 	 0 	 1 	 0 
340.597		206.329 	 332.843139332 	 9.72241228958 	 0 	 1 	 1 	 0 
352.406		210 	 347.306568196 	 9.43938962162 	 0 	 1 	 1 	 1 
330.266		217.589 	 360.062808778 	 4.98896856298 	 1 	 0 	 1 	 -1 
321.56		221.742 	 365.2346842 	 8.00241922082 	 1 	 0 	 1 	 -1 
314.619		226.102 	 366.152317589 	 6.34244725164 	 0 	 1 	 1 	 -1 
309.563		230.633 	 358.75341949 	 4.97219261367 	 1 	 1 	 1 	 -1 
306.489		235.285 	 361.903114864 	 8.1304277622 	 1 	 0 	 1 	 1 
305.456		240 	 341.956286267 	 359.223299815 	 1 	 0 	 1 	 -1 
306.488		244.715 	 369.022346023 	 359.539285832 	 0 	 1 	 1 	 0 
309.563		249.367 	 355.11265934 	 5.77552183914 	 1 	 1 	 1 	 0 
314.619		253.898 	 366.061783583 	 12.6369279725 	 0 	 1 	 1 	 -1 
321.56		258.258 	 367.457147437 	 12.1205967281 	 1 	 0 	 1 	 1 
330.266		262.411 	 363.446084631 	 10.1183713073 	 1 	 1 	 1 	 0 
340.597		266.33 	 371.123165594 	 5.93073305334 	 1 	 0 	 1 	 0 
340.597		273.671 	 346.000484166 	 11.7498958693 	 1 	 1 	 1 	 -1 
330.266		277.589 	 369.099249178 	 7.34246437866 	 1 	 0 	 1 	 1 
321.56		281.742 	 326.671394984 	 6.92761768717 	 1 	 1 	 1 	 -1 
314.619		286.102 	 364.007807331 	 9.81101155284 	 1 	 1 	 1 	 0 
309.563		290.633 	 402.994460601 	 14.0149027782 	 0 	 0 	 1 	 -1 
306.488		295.285 	 357.318587603 	 6.65076216245 	 1 	 1 	 1 	 1 
305.457		300 	 376.670350633 	 10.0636875387 	 0 	 0 	 1 	 1 
306.489		304.715 	 278.874244013 	 355.410186088 	 0 	 1 	 1 	 1 
309.563		309.367 	 355.606879138 	 6.85599742823 	 1 	 1 	 1 	 -1 
314.619		313.898 	 361.91639892 	 7.06994042767 	 0 	 1 	 1 	 -1 
321.56		318.258 	 405.687041007 	 5.45872268268 	 1 	 0 	 1 	 1 
330.266		322.411 	 351.386510217 	 9.60435316331 	 1 	 0 	 1 	 -1 
340.597		326.33 	 424.406174169 	 8.62956527631 	 0 	 0 	 1 	 -1 
352.406		330 	 373.624269334 	 2.00576190805 	 0 	 1 	 1 	 -1 
365.546		333.418 	 369.149328772 	 6.36055608499 	 1 	 0 	 1 	 1 
355.074		337.053 	 394.103495575 	 9.81836695642 	 1 	 0 	 1 	 0 
346.099		340.893 	 409.969181773 	 5.46390514873 	 1 	 1 	 1 	 0 
338.742		344.921 	 353.495119478 	 15.2851760836 	 1 	 1 	 1 	 0 
333.116		349.107 	 325.886342033 	 359.491376086 	 0 	 0 	 1 	 0 
329.31		353.413 	 393.513875746 	 12.0602611419 	 0 	 1 	 1 	 -1 
327.39		357.796 	 360.64380491 	 3.91208113051 	 0 	 1 	 1 	 -1 
327.39		2.20423 	 359.583188223 	 5.64065561713 	 1 	 1 	 1 	 1 
329.31		6.58678 	 350.37319393 	 3.10103360289 	 1 	 1 	 1 	 -1 
333.116		10.8934 	 370.057872761 	 357.832206246 	 0 	 1 	 1 	 0 
338.742		15.0791 	 343.090583871 	 2.41970914443 	 1 	 0 	 1 	 1 
346.099		19.1066 	 349.985804545 	 7.69520188396 	 0 	 0 	 1 	 -1 
355.074		22.9473 	 324.172120826 	 3.54527237298 	 0 	 0 	 1 	 0 
365.546		26.582 	 349.787566074 	 3.68307621165 	 0 	 1 	 1 	 1 
377.385		30 	 340.061847021 	 0.958035028716 	 0 	 0 	 1 	 1 
365.546		33.418 	 320.184602666 	 3.79593372655 	 1 	 1 	 1 	 -1 
355.074		37.0527 	 389.050282699 	 11.9238570073 	 0 	 1 	 1 	 -1 
346.099		40.8934 	 381.829327999 	 356.914450192 	 0 	 0 	 1 	 0 
338.743		44.9209 	 379.899971786 	 17.8248842225 	 1 	 1 	 1 	 0 
333.116		49.1066 	 341.039038654 	 358.774530259 	 0 	 1 	 1 	 -1 
329.31		53.4132 	 333.716139999 	 358.460673762 	 0 	 1 	 1 	 1 
327.39		57.7958 	 404.536197381 	 357.778566242 	 0 	 0 	 1 	 0 
327.39		62.2042 	 392.041167219 	 6.19415643085 	 0 	 1 	 1 	 0 
329.31		66.5868 	 356.408496179 	 18.0056323055 	 1 	 0 	 1 	 -1 
333.116		70.8934 	 343.520804078 	 6.62324665999 	 0 	 1 	 1 	 1 
338.742		75.0791 	 360.529852506 	 5.82419936183 	 1 	 1 	 1 	 0 
346.099		79.1066 	 359.621104287 	 7.01135107111 	 1 	 0 	 1 	 -1 
355.074		82.9473 	 346.933740067 	 3.3590132844 	 0 	 0 	 1 	 1 
