25.2587		30 	 38.4895531909 	 48.223053627 	 0 	 0 	 1 	 1 
25.2587		90 	 30.4148724933 	 133.558551785 	 1 	 0 	 1 	 0 
25.2587		150 	 43.3797391104 	 172.29893022 	 0 	 1 	 1 	 1 
25.2587		210 	 31.1513533336 	 -162.49646994 	 0 	 0 	 1 	 0 
25.2587		270 	 19.8495763244 	 -35.8429834875 	 1 	 1 	 1 	 0 
43.7478		0 	 28.4572580131 	 -10.6647522857 	 0 	 1 	 1 	 -1 
50.5147		30 	 35.8085845274 	 40.8841157383 	 0 	 0 	 1 	 -1 
43.7478		60 	 30.7562657133 	 55.1751706853 	 0 	 1 	 1 	 0 
50.5147		90 	 60.3007123989 	 98.8768411561 	 0 	 1 	 1 	 -1 
43.7478		120 	 50.6447622967 	 108.383030021 	 1 	 1 	 1 	 0 
50.5147		150 	 51.8608405135 	 134.673295736 	 1 	 1 	 1 	 0 
43.7478		180 	 22.6707739352 	 -171.122597352 	 1 	 0 	 1 	 0 
50.5147		210 	 28.8604623834 	 -148.261409943 	 0 	 0 	 1 	 -1 
43.7478		240 	 54.3292819538 	 -129.992328371 	 1 	 0 	 1 	 1 
43.7478		300 	 46.4285898223 	 -47.8864078288 	 1 	 1 	 1 	 0 
50.5148		330 	 61.4226154654 	 -39.2133211235 	 1 	 0 	 1 	 -1 
66.8212		349.107 	 65.0703047149 	 -18.7731988545 	 1 	 1 	 1 	 1 
66.8212		10.8934 	 46.2876315229 	 13.7180353513 	 1 	 0 	 1 	 -1 
75.7654		30 	 80.6253130952 	 22.799347243 	 1 	 1 	 1 	 0 
66.8212		49.1066 	 52.3954277633 	 49.5975042997 	 1 	 0 	 1 	 -1 
66.8212		70.8934 	 57.347100861 	 57.294793585 	 0 	 0 	 1 	 0 
75.7654		90 	 74.0734435481 	 83.9348944118 	 1 	 1 	 1 	 0 
66.8212		109.107 	 69.6313770425 	 93.0879029142 	 1 	 0 	 1 	 1 
66.8212		130.893 	 73.4200298253 	 121.333595595 	 0 	 1 	 1 	 -1 
75.7654		150 	 65.9469337405 	 136.661725229 	 1 	 0 	 1 	 -1 
66.8212		169.107 	 64.5818862899 	 -177.064331959 	 0 	 1 	 1 	 -1 
66.8212		190.893 	 53.0199696053 	 -161.677032609 	 1 	 1 	 1 	 0 
66.8212		229.107 	 45.4634978299 	 -135.817680855 	 0 	 0 	 1 	 -1 
66.8212		250.893 	 78.2625624083 	 -117.853018026 	 1 	 0 	 1 	 -1 
75.7654		270 	 68.1332057333 	 -93.0194154764 	 0 	 0 	 1 	 1 
66.8212		289.107 	 60.3275702246 	 -82.7766248584 	 1 	 1 	 1 	 0 
66.8212		310.893 	 74.6338311556 	 -38.3558391174 	 1 	 1 	 1 	 -1 
75.7654		330 	 58.5462942126 	 -33.7650303753 	 1 	 0 	 1 	 1 
91.0523		343.898 	 78.7777392203 	 -28.4557085909 	 1 	 1 	 1 	 -1 
87.4818		0 	 89.9986179395 	 14.1561913476 	 1 	 1 	 1 	 -1 
91.0523		16.1021 	 81.885138152 	 5.9996120269 	 1 	 1 	 1 	 -1 
101.008		30 	 119.036652353 	 24.2682173578 	 0 	 0 	 1 	 -1 
91.0523		43.8979 	 83.4554109771 	 39.9273431713 	 0 	 1 	 1 	 1 
87.4818		60 	 85.0657824092 	 73.8639181633 	 1 	 1 	 1 	 -1 
91.0523		76.1021 	 87.322063637 	 67.8295056723 	 0 	 0 	 1 	 1 
91.0523		103.898 	 90.5165294057 	 95.0510796226 	 0 	 0 	 1 	 0 
87.4818		120 	 80.8414972781 	 109.40158295 	 1 	 0 	 1 	 -1 
91.0523		136.102 	 71.4907496975 	 131.558016436 	 0 	 1 	 1 	 0 
91.0523		163.898 	 89.1401396685 	 157.991349433 	 1 	 0 	 1 	 -1 
87.4818		180 	 101.627496691 	 -178.621425873 	 0 	 1 	 1 	 1 
91.0523		196.102 	 90.89439005 	 -154.710843517 	 0 	 0 	 1 	 1 
101.008		210 	 123.030248045 	 -149.010089557 	 1 	 1 	 1 	 0 
91.0523		223.898 	 84.4218820659 	 -130.527232246 	 0 	 1 	 1 	 0 
87.4818		240 	 101.248913211 	 -123.839889691 	 1 	 0 	 1 	 1 
91.0523		256.102 	 91.0848172541 	 -90.8986877146 	 1 	 0 	 1 	 -1 
101.008		270 	 109.26705386 	 -92.9709551803 	 1 	 1 	 1 	 0 
91.0523		283.898 	 105.254376435 	 -82.8857809392 	 1 	 1 	 1 	 1 
87.4817		300 	 69.6787316259 	 -54.2104619824 	 0 	 1 	 1 	 -1 
91.0523		316.102 	 104.962082214 	 -35.7821186811 	 0 	 0 	 1 	 0 
101.008		330 	 91.8221438692 	 -32.4449894532 	 0 	 1 	 1 	 -1 
115.709		340.893 	 109.836068377 	 -11.0015842883 	 0 	 1 	 1 	 1 
110.065		353.413 	 102.346593662 	 -5.33969591273 	 1 	 0 	 1 	 1 
110.065		6.58677 	 94.9052360895 	 14.3793419892 	 1 	 0 	 1 	 1 
115.709		19.1066 	 108.24216444 	 19.2950784354 	 1 	 1 	 1 	 0 
126.24		30 	 122.145817775 	 36.8563036625 	 1 	 1 	 1 	 0 
115.709		40.8934 	 107.069838272 	 34.463057501 	 1 	 0 	 1 	 -1 
110.065		53.4132 	 113.307568051 	 46.7838695332 	 0 	 0 	 1 	 -1 
110.065		66.5868 	 108.610121244 	 75.1203188802 	 1 	 0 	 1 	 0 
115.709		79.1066 	 114.97898504 	 68.9740299507 	 0 	 1 	 1 	 0 
126.24		90 	 118.385072453 	 89.8468371518 	 1 	 0 	 1 	 -1 
115.709		100.893 	 99.4441093232 	 93.7295325075 	 0 	 1 	 1 	 1 
110.065		113.413 	 108.99618671 	 109.545328245 	 0 	 0 	 1 	 -1 
110.065		126.587 	 116.513785917 	 124.482264805 	 1 	 0 	 1 	 -1 
115.709		139.107 	 135.372242237 	 137.354630866 	 1 	 0 	 1 	 1 
126.24		150 	 134.47947068 	 143.874752652 	 0 	 0 	 1 	 1 
115.709		160.893 	 120.778561182 	 154.638083955 	 0 	 1 	 1 	 -1 
110.066		173.413 	 109.031951944 	 161.880237393 	 1 	 0 	 1 	 1 
110.066		186.587 	 107.678711871 	 -179.594247071 	 1 	 0 	 1 	 0 
115.709		199.107 	 118.54108284 	 -152.289473106 	 0 	 1 	 1 	 -1 
126.24		210 	 129.314921504 	 -143.662060951 	 0 	 0 	 1 	 1 
115.709		220.893 	 98.000656095 	 -134.398751111 	 1 	 1 	 1 	 1 
110.065		233.413 	 126.758870217 	 -130.024206036 	 1 	 1 	 1 	 1 
110.065		246.587 	 115.55071065 	 -122.377369079 	 1 	 0 	 1 	 1 
115.709		259.107 	 113.066289109 	 -92.133978225 	 0 	 1 	 1 	 1 
126.24		270 	 143.015221131 	 -93.4250012376 	 0 	 0 	 1 	 0 
115.709		280.893 	 105.402200395 	 -81.389329802 	 0 	 0 	 1 	 0 
110.065		293.413 	 128.6168895 	 -65.619716185 	 0 	 1 	 1 	 0 
110.065		306.587 	 126.970945882 	 -53.5677132837 	 0 	 0 	 1 	 1 
115.709		319.107 	 120.8044996 	 -50.8078680819 	 0 	 1 	 1 	 -1 
126.24		330 	 135.682765029 	 -24.7182866288 	 0 	 1 	 1 	 1 
140.56		338.948 	 152.300112406 	 -25.3653838204 	 1 	 0 	 1 	 -1 
133.593		349.107 	 119.750084338 	 -13.924407304 	 0 	 0 	 1 	 1 
131.188		0 	 139.274375754 	 -7.09147239357 	 1 	 1 	 1 	 0 
133.593		10.8934 	 122.678159956 	 3.90021166182 	 1 	 1 	 1 	 1 
140.56		21.0517 	 147.578955644 	 23.0119014163 	 0 	 1 	 1 	 1 
151.459		30 	 161.677637691 	 27.3346041841 	 0 	 1 	 1 	 -1 
140.56		38.9483 	 156.8894948 	 39.9874717094 	 0 	 1 	 1 	 -1 
133.593		49.1066 	 123.932410615 	 47.3146035145 	 1 	 1 	 1 	 0 
131.188		60 	 149.317714125 	 55.3018113578 	 1 	 0 	 1 	 1 
133.593		70.8934 	 118.102122894 	 66.1572567867 	 0 	 0 	 1 	 -1 
140.56		81.0517 	 131.371318909 	 74.1672447271 	 0 	 1 	 1 	 1 
151.459		90 	 165.682283067 	 90.1540826184 	 1 	 1 	 1 	 0 
140.56		98.9483 	 144.053287589 	 95.5832555238 	 1 	 1 	 1 	 0 
133.593		109.107 	 130.640227436 	 105.013457974 	 1 	 1 	 1 	 -1 
131.188		120 	 144.018053159 	 122.851065974 	 1 	 0 	 1 	 1 
133.593		130.893 	 138.954076388 	 127.333481219 	 1 	 0 	 1 	 -1 
140.56		141.052 	 143.355560286 	 136.706068046 	 1 	 1 	 1 	 0 
151.459		150 	 159.258373211 	 147.841707794 	 1 	 1 	 1 	 1 
140.56		158.948 	 157.475229508 	 161.643011315 	 1 	 1 	 1 	 0 
133.593		169.107 	 130.861622108 	 177.749850901 	 1 	 1 	 1 	 1 
131.188		180 	 135.791685533 	 -172.143257303 	 1 	 0 	 1 	 1 
133.593		190.893 	 143.064314769 	 -171.36902572 	 0 	 0 	 1 	 -1 
140.56		201.052 	 158.601280412 	 -157.502083766 	 1 	 1 	 1 	 1 
151.459		210 	 159.397493245 	 -150.467780535 	 0 	 0 	 1 	 1 
140.56		218.948 	 126.503384553 	 -140.166793093 	 1 	 1 	 1 	 0 
133.593		229.107 	 132.209809732 	 -135.220085407 	 1 	 1 	 1 	 0 
131.188		240 	 130.073417508 	 -116.739062612 	 1 	 0 	 1 	 -1 
133.592		250.893 	 125.731215096 	 -110.757514208 	 0 	 0 	 1 	 0 
140.56		261.052 	 126.459473082 	 -91.6033930101 	 0 	 0 	 1 	 0 
151.459		270 	 149.862605851 	 -94.4568715106 	 0 	 0 	 1 	 -1 
140.56		278.948 	 133.44185028 	 -78.8861683618 	 0 	 1 	 1 	 -1 
133.592		289.107 	 145.256572634 	 -69.9483842579 	 1 	 0 	 1 	 1 
131.188		300 	 135.4127678 	 -54.2358917568 	 1 	 1 	 1 	 1 
133.593		310.893 	 127.411932032 	 -54.3533858541 	 0 	 1 	 1 	 0 
140.56		321.052 	 147.402156058 	 -40.2224655531 	 1 	 1 	 1 	 0 
151.459		330 	 163.751369129 	 -33.7902074723 	 0 	 1 	 1 	 1 
165.51		337.589 	 172.870638922 	 -24.5158423914 	 1 	 1 	 1 	 0 
157.635		346.102 	 150.872721522 	 -10.5382143694 	 1 	 0 	 1 	 1 
153.545		355.285 	 168.243638822 	 -9.54880286366 	 1 	 1 	 1 	 1 
153.545		4.715 	 168.618771755 	 5.24836315225 	 1 	 1 	 1 	 -1 
157.635		13.8979 	 147.246632325 	 8.39963808283 	 0 	 1 	 1 	 1 
165.51		22.4109 	 164.373807121 	 25.5118617342 	 1 	 0 	 1 	 0 
176.661		30 	 188.243246947 	 33.8882660671 	 1 	 1 	 1 	 1 
165.51		37.5891 	 180.507927948 	 42.0032168223 	 0 	 0 	 1 	 0 
157.635		46.1021 	 161.069567417 	 43.5607378656 	 0 	 1 	 1 	 0 
153.545		55.285 	 165.622013912 	 60.2553666495 	 0 	 1 	 1 	 -1 
153.545		64.715 	 152.90286599 	 60.1670526355 	 1 	 0 	 1 	 0 
157.635		73.8979 	 154.542442074 	 81.2856276961 	 0 	 0 	 1 	 1 
165.51		82.4109 	 176.824214566 	 84.9855182842 	 1 	 0 	 1 	 1 
176.661		90 	 161.683205378 	 90.735084465 	 0 	 1 	 1 	 1 
165.51		97.5891 	 152.680623453 	 102.124375097 	 0 	 1 	 1 	 -1 
157.635		106.102 	 154.070406267 	 112.901163823 	 0 	 1 	 1 	 -1 
153.545		115.285 	 153.78023396 	 112.155692685 	 0 	 1 	 1 	 0 
153.545		124.715 	 162.890322518 	 121.192801929 	 1 	 0 	 1 	 0 
157.635		133.898 	 165.308812306 	 134.638762956 	 1 	 1 	 1 	 0 
165.51		142.411 	 170.183861532 	 146.369472119 	 1 	 1 	 1 	 0 
176.661		150 	 171.484819474 	 148.210674095 	 0 	 1 	 1 	 0 
165.509		157.589 	 183.310065237 	 157.012167789 	 0 	 0 	 1 	 1 
157.635		166.102 	 152.252258862 	 168.198154384 	 0 	 0 	 1 	 0 
153.546		175.285 	 169.618692271 	 177.064755372 	 0 	 0 	 1 	 1 
153.546		184.715 	 168.533507862 	 -173.266023801 	 1 	 0 	 1 	 1 
157.635		193.898 	 146.516594771 	 -166.216500669 	 0 	 1 	 1 	 0 
165.509		202.411 	 161.365014745 	 -160.056472448 	 1 	 1 	 1 	 -1 
165.51		217.589 	 173.004166494 	 -141.355102215 	 1 	 0 	 1 	 -1 
157.635		226.102 	 162.596535433 	 -136.688612813 	 0 	 0 	 1 	 -1 
153.545		235.285 	 161.209657771 	 -127.896220732 	 1 	 1 	 1 	 -1 
153.545		244.715 	 145.350673822 	 -110.032199416 	 1 	 1 	 1 	 -1 
157.635		253.898 	 157.589540925 	 -103.339376014 	 0 	 1 	 1 	 1 
165.51		262.411 	 162.176721843 	 -90.7290578766 	 1 	 1 	 1 	 0 
176.661		270 	 188.773645868 	 -87.9912171413 	 1 	 1 	 1 	 0 
165.51		277.589 	 164.813510456 	 -79.4775831209 	 1 	 1 	 1 	 0 
157.635		286.102 	 173.367339324 	 -77.0168336069 	 0 	 1 	 1 	 -1 
153.545		295.285 	 151.346534598 	 -69.4629778898 	 1 	 0 	 1 	 0 
153.545		304.715 	 155.546091703 	 -62.6702221171 	 1 	 1 	 1 	 1 
157.635		313.898 	 170.123584085 	 -49.9517897476 	 0 	 0 	 1 	 1 
165.51		322.411 	 167.737024491 	 -42.5094722392 	 0 	 1 	 1 	 -1 
176.661		330 	 190.784566924 	 -30.5897571478 	 0 	 1 	 1 	 1 
190.511		336.587 	 186.400630059 	 -26.1985973431 	 0 	 1 	 1 	 -1 
181.979		343.898 	 174.496685744 	 -13.3587051067 	 0 	 0 	 1 	 1 
176.661		351.787 	 192.053768633 	 -7.95875997368 	 0 	 0 	 1 	 1 
174.852		0 	 192.618629249 	 -2.48057236912 	 0 	 0 	 1 	 0 
176.661		8.21321 	 176.464710272 	 11.8387210873 	 1 	 1 	 1 	 -1 
181.979		16.1021 	 194.075220883 	 20.7256738037 	 0 	 1 	 1 	 0 
190.511		23.4132 	 176.517001893 	 26.5275458475 	 1 	 1 	 1 	 0 
201.845		30 	 205.526405349 	 27.5681438955 	 0 	 0 	 1 	 1 
181.979		43.8979 	 169.284159323 	 44.2703335334 	 1 	 1 	 1 	 1 
176.661		51.7868 	 168.397689409 	 45.1267402278 	 0 	 1 	 1 	 1 
174.852		60 	 193.344879529 	 57.7879962902 	 1 	 0 	 1 	 0 
176.661		68.2132 	 172.901065957 	 75.0768521897 	 0 	 1 	 1 	 1 
181.979		76.1021 	 200.766070617 	 72.642001583 	 0 	 0 	 1 	 1 
190.511		83.4132 	 199.850787155 	 82.9685009146 	 0 	 1 	 1 	 1 
201.845		90 	 190.144820559 	 91.772894252 	 1 	 0 	 1 	 0 
190.511		96.5868 	 201.258413334 	 98.3647394429 	 1 	 1 	 1 	 1 
181.979		103.898 	 186.354466355 	 107.009489082 	 0 	 1 	 1 	 0 
176.661		111.787 	 187.163832943 	 109.304018888 	 1 	 1 	 1 	 0 
174.852		120 	 173.309519824 	 126.048286942 	 0 	 1 	 1 	 1 
176.661		128.213 	 167.766524471 	 123.692132931 	 0 	 0 	 1 	 -1 
181.979		136.102 	 180.266313753 	 133.608420272 	 0 	 0 	 1 	 -1 
190.51		143.413 	 196.200787631 	 145.006295761 	 0 	 0 	 1 	 0 
201.845		150 	 219.789226964 	 149.517290014 	 1 	 0 	 1 	 -1 
190.511		156.587 	 183.546680869 	 159.947579117 	 1 	 1 	 1 	 0 
181.979		163.898 	 187.204338905 	 159.752335555 	 0 	 0 	 1 	 1 
176.661		171.787 	 168.372348096 	 171.362696457 	 1 	 0 	 1 	 -1 
174.852		180 	 162.838235058 	 -179.816927343 	 0 	 1 	 1 	 1 
176.661		188.213 	 158.859190365 	 -172.412273416 	 0 	 1 	 1 	 1 
181.979		196.102 	 184.953010931 	 -168.412548007 	 0 	 0 	 1 	 -1 
190.511		203.413 	 174.69905903 	 -160.850982031 	 0 	 1 	 1 	 0 
201.845		210 	 191.210418183 	 -154.416045436 	 1 	 1 	 1 	 1 
190.51		216.587 	 193.128997814 	 -147.986472524 	 0 	 0 	 1 	 -1 
181.979		223.898 	 188.20366553 	 -140.846098682 	 1 	 0 	 1 	 0 
176.661		231.787 	 194.295866443 	 -129.698397577 	 1 	 1 	 1 	 -1 
174.853		240 	 156.454823599 	 -123.847857809 	 1 	 1 	 1 	 1 
176.662		248.213 	 182.084592383 	 -105.332051667 	 1 	 0 	 1 	 1 
181.979		256.102 	 163.443616499 	 -106.970754517 	 0 	 0 	 1 	 0 
190.511		263.413 	 194.240952208 	 -91.4584373236 	 0 	 0 	 1 	 0 
190.511		276.587 	 173.172784626 	 -81.1946958472 	 0 	 1 	 1 	 0 
181.979		283.898 	 189.804132704 	 -69.9498627382 	 0 	 1 	 1 	 1 
176.662		291.787 	 195.706507909 	 -71.7851612857 	 0 	 0 	 1 	 1 
174.853		300 	 158.070102036 	 -59.6856846116 	 1 	 1 	 1 	 1 
176.661		308.213 	 182.037441715 	 -49.8157095239 	 0 	 0 	 1 	 1 
181.979		316.102 	 194.078110123 	 -46.2420648958 	 0 	 1 	 1 	 -1 
190.511		323.413 	 194.906485975 	 -32.0051110554 	 0 	 0 	 1 	 0 
201.845		330 	 195.991759695 	 -31.3053364641 	 0 	 0 	 1 	 1 
215.536		335.818 	 210.561666753 	 -19.6972434191 	 0 	 1 	 1 	 0 
206.511		342.216 	 208.036605509 	 -15.1004224036 	 0 	 1 	 1 	 -1 
200.265		349.107 	 215.88754724 	 -7.0622526241 	 0 	 0 	 1 	 1 
197.068		356.329 	 205.062242295 	 -5.64840651992 	 1 	 1 	 1 	 -1 
197.068		3.6705 	 179.632092012 	 5.82859435199 	 1 	 0 	 1 	 1 
200.265		10.8934 	 183.913633699 	 14.9182938577 	 0 	 1 	 1 	 -1 
206.511		17.7836 	 193.312738637 	 18.1135263306 	 0 	 0 	 1 	 -1 
215.536		24.1825 	 211.548250321 	 21.8202572712 	 1 	 1 	 1 	 1 
227.007		30 	 213.306847245 	 30.8342732693 	 1 	 0 	 1 	 -1 
215.536		35.8175 	 212.248674694 	 30.6637899295 	 1 	 1 	 1 	 1 
206.511		42.2164 	 201.965839437 	 46.6094768028 	 0 	 1 	 1 	 -1 
200.265		49.1066 	 220.200318625 	 49.3038181272 	 0 	 0 	 1 	 -1 
197.068		56.3295 	 199.771662865 	 50.1494118143 	 1 	 0 	 1 	 0 
197.068		63.6705 	 211.436270996 	 65.3102841243 	 1 	 0 	 1 	 -1 
200.265		70.8934 	 191.12118551 	 71.2599667167 	 1 	 1 	 1 	 -1 
206.511		77.7836 	 202.41283869 	 80.8213832118 	 0 	 0 	 1 	 0 
215.536		84.1825 	 234.714358912 	 84.2505506106 	 0 	 0 	 1 	 0 
227.007		90 	 232.125566323 	 87.5884063873 	 0 	 1 	 1 	 0 
215.536		95.8175 	 197.270108897 	 96.004490623 	 0 	 0 	 1 	 1 
206.511		102.216 	 194.408817557 	 102.266487822 	 0 	 0 	 1 	 -1 
200.265		109.107 	 192.296362477 	 105.920653398 	 1 	 0 	 1 	 0 
197.068		116.33 	 193.812560933 	 121.316875846 	 0 	 0 	 1 	 1 
197.068		123.671 	 211.365806309 	 119.698021114 	 0 	 1 	 1 	 -1 
200.265		130.893 	 209.763182507 	 133.994868048 	 1 	 0 	 1 	 0 
206.51		137.784 	 189.545354762 	 139.17131143 	 0 	 1 	 1 	 1 
215.536		144.182 	 219.77544427 	 146.919686915 	 1 	 1 	 1 	 0 
227.007		150 	 211.543803004 	 153.483820273 	 0 	 0 	 1 	 1 
215.536		155.818 	 206.717872593 	 155.337677646 	 0 	 0 	 1 	 -1 
206.511		162.216 	 203.814143234 	 158.824879541 	 0 	 0 	 1 	 1 
200.266		169.107 	 208.109922735 	 174.794274059 	 0 	 0 	 1 	 1 
197.068		176.33 	 185.627047173 	 172.324548096 	 0 	 1 	 1 	 1 
197.068		183.671 	 204.328061797 	 -172.181100998 	 0 	 1 	 1 	 0 
200.266		190.893 	 190.040520228 	 -172.354931931 	 1 	 1 	 1 	 1 
206.511		197.784 	 215.676410534 	 -163.780098578 	 1 	 0 	 1 	 0 
215.536		204.182 	 218.197154083 	 -158.754968472 	 0 	 0 	 1 	 -1 
227.007		210 	 216.722710835 	 -153.688638535 	 1 	 1 	 1 	 -1 
215.536		215.818 	 228.571873396 	 -142.661998542 	 0 	 0 	 1 	 0 
206.51		222.216 	 196.623851298 	 -135.979026761 	 1 	 1 	 1 	 -1 
200.265		229.107 	 200.975862843 	 -136.849801357 	 0 	 0 	 1 	 -1 
197.068		236.329 	 219.126937045 	 -122.701444562 	 0 	 0 	 1 	 0 
197.068		243.671 	 202.344266227 	 -113.887894109 	 0 	 0 	 1 	 1 
200.265		250.893 	 215.908002111 	 -109.364819035 	 1 	 1 	 1 	 -1 
206.51		257.784 	 214.022833375 	 -98.1188243676 	 0 	 1 	 1 	 -1 
215.536		264.182 	 198.859887428 	 -96.4890462039 	 1 	 0 	 1 	 0 
227.007		270 	 215.356044527 	 -88.8825659826 	 0 	 0 	 1 	 -1 
215.536		275.818 	 225.597312798 	 -86.057533593 	 1 	 1 	 1 	 -1 
206.51		282.216 	 215.763890239 	 -79.9329173876 	 1 	 1 	 1 	 1 
200.265		289.107 	 202.682953349 	 -72.8838343974 	 1 	 0 	 1 	 0 
197.068		296.329 	 185.105859433 	 -67.8534671466 	 0 	 0 	 1 	 0 
197.068		303.67 	 183.462379002 	 -53.8781405124 	 1 	 1 	 1 	 1 
200.265		310.893 	 201.83349849 	 -43.9515031955 	 1 	 1 	 1 	 -1 
206.511		317.784 	 218.593799175 	 -44.9195508124 	 1 	 0 	 1 	 -1 
227.008		330 	 230.519665821 	 -34.0828032274 	 0 	 0 	 1 	 1 
240.57		335.209 	 246.375083633 	 -28.3346094618 	 1 	 1 	 1 	 0 
231.161		340.893 	 226.086271991 	 -16.1196206352 	 0 	 0 	 1 	 1 
224.195		346.996 	 232.674769982 	 -14.9251457754 	 1 	 1 	 1 	 -1 
219.909		353.413 	 230.598998667 	 -7.21289564503 	 0 	 0 	 1 	 0 
218.461		0 	 216.263633834 	 3.09099751921 	 0 	 1 	 1 	 -1 
219.909		6.58678 	 203.271024552 	 4.79801707926 	 0 	 1 	 1 	 1 
224.195		13.0039 	 211.431017727 	 13.6208519063 	 0 	 0 	 1 	 0 
231.161		19.1066 	 220.209669182 	 19.7052742166 	 1 	 0 	 1 	 1 
240.57		24.7913 	 226.021836357 	 23.5740606166 	 1 	 1 	 1 	 -1 
252.146		30 	 264.742647917 	 31.3018628616 	 1 	 0 	 1 	 -1 
240.57		35.2087 	 236.318301027 	 37.0482935413 	 1 	 1 	 1 	 0 
231.161		40.8934 	 241.728563475 	 45.0480073255 	 1 	 0 	 1 	 0 
224.195		46.9961 	 237.513447533 	 48.4793724401 	 1 	 0 	 1 	 -1 
219.909		53.4132 	 203.799379451 	 57.0223524965 	 0 	 1 	 1 	 1 
218.461		60 	 231.270925067 	 55.9787775436 	 1 	 1 	 1 	 0 
219.909		66.5868 	 232.11571271 	 68.0503410161 	 1 	 1 	 1 	 0 
224.195		73.0039 	 232.086106027 	 74.1831045945 	 0 	 1 	 1 	 1 
231.161		79.1066 	 242.136959034 	 81.3660529966 	 0 	 1 	 1 	 -1 
240.57		84.7913 	 240.145523251 	 88.2349159155 	 0 	 1 	 1 	 1 
240.57		95.2087 	 231.439475392 	 96.3768175159 	 0 	 0 	 1 	 0 
231.161		100.893 	 237.002644401 	 102.236826114 	 0 	 0 	 1 	 1 
224.195		106.996 	 206.182008101 	 104.167006533 	 0 	 0 	 1 	 0 
219.909		113.413 	 233.517508425 	 114.09331797 	 1 	 1 	 1 	 1 
218.461		120 	 228.06097092 	 121.247726957 	 0 	 0 	 1 	 0 
219.909		126.587 	 207.654839829 	 122.237446008 	 0 	 1 	 1 	 -1 
224.195		133.004 	 231.301301578 	 134.205546346 	 0 	 1 	 1 	 -1 
231.161		139.107 	 248.599755497 	 139.543491681 	 1 	 0 	 1 	 0 
252.146		150 	 245.293060952 	 145.852777148 	 1 	 1 	 1 	 1 
240.57		155.209 	 226.140578652 	 159.111610684 	 0 	 0 	 1 	 -1 
231.16		160.893 	 243.646692031 	 158.805081358 	 0 	 0 	 1 	 0 
224.196		166.996 	 216.013297883 	 167.021796279 	 1 	 1 	 1 	 1 
219.909		173.413 	 228.758154177 	 170.47561207 	 0 	 0 	 1 	 0 
218.461		180 	 201.862696696 	 178.418086455 	 1 	 1 	 1 	 1 
219.909		186.587 	 213.130322903 	 -174.955402481 	 0 	 0 	 1 	 -1 
224.196		193.004 	 231.187874578 	 -165.332344906 	 1 	 1 	 1 	 1 
231.16		199.107 	 240.995517408 	 -161.755659286 	 1 	 1 	 1 	 1 
240.57		204.791 	 237.95861932 	 -152.958475833 	 1 	 1 	 1 	 -1 
252.146		210 	 260.860378029 	 -153.115148634 	 0 	 1 	 1 	 1 
240.57		215.209 	 229.366914792 	 -143.749936835 	 0 	 1 	 1 	 1 
231.161		220.893 	 241.034224619 	 -140.352847784 	 1 	 1 	 1 	 1 
224.196		226.996 	 220.814674872 	 -128.41117645 	 0 	 0 	 1 	 1 
219.909		233.413 	 224.512913843 	 -124.385441199 	 0 	 0 	 1 	 1 
218.461		240 	 202.61718983 	 -123.126894843 	 0 	 1 	 1 	 1 
219.909		246.587 	 211.515155444 	 -112.735627798 	 0 	 0 	 1 	 -1 
224.195		253.004 	 225.087613454 	 -110.397463228 	 1 	 1 	 1 	 1 
231.16		259.107 	 209.311499065 	 -99.9396640023 	 1 	 1 	 1 	 -1 
240.57		264.791 	 246.510369438 	 -92.9488462766 	 1 	 0 	 1 	 1 
252.146		270 	 252.851816366 	 -85.9520867369 	 0 	 0 	 1 	 0 
240.57		275.209 	 238.937473232 	 -88.2610641222 	 0 	 1 	 1 	 0 
231.16		280.893 	 218.332578018 	 -82.7973026062 	 0 	 0 	 1 	 0 
224.195		286.996 	 214.083340192 	 -71.6345745142 	 1 	 1 	 1 	 -1 
219.909		293.413 	 233.236086533 	 -65.603437024 	 1 	 0 	 1 	 -1 
218.461		300 	 230.275380453 	 -58.4450148342 	 1 	 1 	 1 	 0 
219.909		306.587 	 220.97898421 	 -55.9202664492 	 1 	 1 	 1 	 1 
224.196		313.004 	 220.828920268 	 -49.5957172261 	 0 	 1 	 1 	 0 
231.161		319.107 	 221.492710258 	 -41.7431844131 	 0 	 0 	 1 	 1 
240.57		324.791 	 248.372932925 	 -30.8937989177 	 1 	 0 	 1 	 0 
252.146		330 	 256.613170725 	 -27.608454344 	 0 	 0 	 1 	 0 
265.601		334.715 	 255.673755098 	 -26.2222224107 	 1 	 0 	 1 	 -1 
255.886		339.826 	 258.478241215 	 -24.3200829341 	 1 	 1 	 1 	 1 
248.348		345.295 	 251.5159006 	 -16.6890459431 	 0 	 0 	 1 	 0 
243.191		351.052 	 247.805990994 	 -5.60744573089 	 0 	 0 	 1 	 -1 
240.57		356.996 	 257.03169204 	 -1.62659879047 	 1 	 0 	 1 	 -1 
240.57		3.00449 	 252.516853193 	 6.0383642508 	 1 	 1 	 1 	 1 
243.191		8.94827 	 235.740872737 	 6.0212289017 	 0 	 0 	 1 	 -1 
248.348		14.7047 	 237.651743144 	 18.1659257289 	 0 	 0 	 1 	 1 
255.886		20.1736 	 235.119309507 	 20.8139116636 	 0 	 0 	 1 	 1 
265.601		25.285 	 256.620173906 	 25.7868171464 	 0 	 0 	 1 	 1 
277.258		30 	 275.335604093 	 27.8054090407 	 1 	 0 	 1 	 -1 
265.601		34.715 	 271.822237292 	 35.7131151436 	 1 	 0 	 1 	 -1 
255.887		39.8264 	 268.956424635 	 39.4100827813 	 0 	 1 	 1 	 0 
248.348		45.2953 	 255.171233288 	 40.8333151334 	 1 	 0 	 1 	 1 
243.191		51.0517 	 226.000171166 	 49.2987402751 	 0 	 0 	 1 	 0 
240.57		56.9955 	 233.918999853 	 52.0489578955 	 1 	 0 	 1 	 0 
240.57		63.0045 	 241.205666716 	 66.8556171885 	 0 	 1 	 1 	 0 
243.191		68.9483 	 228.274761481 	 70.5689063244 	 1 	 0 	 1 	 1 
248.348		74.7047 	 253.010848311 	 71.85373595 	 0 	 1 	 1 	 0 
255.887		80.1736 	 251.253916984 	 82.7097344497 	 0 	 0 	 1 	 0 
265.601		85.285 	 255.73266309 	 85.3752394575 	 0 	 1 	 1 	 -1 
277.257		90 	 290.164042171 	 91.8073185928 	 0 	 1 	 1 	 0 
265.601		94.715 	 273.079750387 	 93.8768611329 	 1 	 0 	 1 	 -1 
255.887		99.8264 	 248.276238876 	 101.413861202 	 0 	 1 	 1 	 1 
248.348		105.295 	 246.779202873 	 110.388646627 	 0 	 1 	 1 	 0 
243.191		111.052 	 230.137111657 	 106.740946046 	 0 	 0 	 1 	 1 
240.57		116.996 	 233.598886101 	 113.341930565 	 0 	 1 	 1 	 0 
240.57		123.005 	 243.313950047 	 118.984233517 	 1 	 1 	 1 	 1 
243.191		128.948 	 254.917413519 	 131.741291565 	 1 	 0 	 1 	 -1 
248.348		134.705 	 267.219732724 	 132.564255211 	 1 	 0 	 1 	 1 
255.887		140.174 	 256.964397015 	 142.952261502 	 1 	 0 	 1 	 -1 
265.6		145.285 	 279.250946186 	 146.10050826 	 0 	 1 	 1 	 -1 
277.257		150 	 294.224924811 	 150.362139655 	 1 	 1 	 1 	 0 
265.601		154.715 	 269.843497327 	 156.06119717 	 1 	 0 	 1 	 -1 
255.886		159.826 	 268.884468417 	 158.768228801 	 1 	 1 	 1 	 -1 
248.348		165.295 	 244.051970587 	 167.026518293 	 0 	 1 	 1 	 0 
243.191		171.052 	 235.357184204 	 172.211064698 	 0 	 1 	 1 	 0 
240.57		176.996 	 221.387717655 	 179.850987997 	 0 	 0 	 1 	 0 
240.57		183.005 	 257.317004945 	 -175.185192492 	 0 	 0 	 1 	 -1 
243.191		188.948 	 252.997491276 	 -168.991825764 	 1 	 1 	 1 	 1 
248.348		194.705 	 258.168500399 	 -161.78929397 	 1 	 0 	 1 	 -1 
255.886		200.174 	 262.668168077 	 -157.513859902 	 0 	 1 	 1 	 0 
265.601		205.285 	 257.992260733 	 -158.308193349 	 1 	 1 	 1 	 1 
277.258		210 	 278.1917177 	 -148.465004769 	 0 	 1 	 1 	 0 
265.6		214.715 	 262.728135983 	 -140.70983316 	 0 	 0 	 1 	 -1 
255.887		219.826 	 259.912876455 	 -143.920388272 	 0 	 0 	 1 	 1 
248.348		225.295 	 241.927294246 	 -132.784920045 	 0 	 0 	 1 	 1 
243.191		231.052 	 257.920448613 	 -128.481198071 	 0 	 1 	 1 	 1 
240.57		236.995 	 249.487911135 	 -123.913949941 	 0 	 0 	 1 	 -1 
240.57		243.004 	 251.439700488 	 -120.078602942 	 0 	 0 	 1 	 -1 
243.19		248.948 	 231.302559114 	 -110.715597637 	 1 	 1 	 1 	 1 
248.348		254.705 	 241.552257727 	 -106.110916967 	 1 	 1 	 1 	 0 
255.886		260.174 	 248.583051739 	 -98.5557580729 	 1 	 1 	 1 	 -1 
265.601		265.285 	 247.961081063 	 -92.1907351835 	 1 	 1 	 1 	 0 
277.258		270 	 295.686029793 	 -90.8800499763 	 0 	 0 	 1 	 0 
265.601		274.715 	 275.152843317 	 -88.8282615902 	 0 	 0 	 1 	 -1 
255.886		279.826 	 250.203391574 	 -75.64867183 	 1 	 0 	 1 	 -1 
248.348		285.295 	 267.722640326 	 -72.4260646633 	 1 	 1 	 1 	 0 
243.19		291.052 	 224.838853405 	 -68.0414881314 	 0 	 1 	 1 	 1 
240.57		296.996 	 238.736886249 	 -65.6407855028 	 1 	 0 	 1 	 -1 
240.57		303.004 	 250.16548563 	 -58.2845228789 	 0 	 0 	 1 	 -1 
243.191		308.948 	 254.858708473 	 -53.268838595 	 1 	 0 	 1 	 1 
248.348		314.705 	 238.051901473 	 -46.0074530753 	 1 	 1 	 1 	 0 
255.886		320.174 	 245.08036765 	 -40.2054406186 	 0 	 1 	 1 	 1 
265.6		325.285 	 266.882982537 	 -30.1683644959 	 1 	 1 	 1 	 0 
277.258		330 	 264.432608839 	 -30.4228228828 	 0 	 1 	 1 	 0 
290.619		334.307 	 286.355192213 	 -23.3537994582 	 0 	 1 	 1 	 1 
280.659		338.948 	 288.209830569 	 -17.3213630597 	 0 	 0 	 1 	 0 
272.656		343.898 	 256.638922007 	 -14.9589584258 	 0 	 0 	 1 	 0 
266.79		349.107 	 250.63295775 	 -12.4846118638 	 0 	 0 	 1 	 0 
263.206		354.504 	 265.28267801 	 -2.08981821069 	 0 	 0 	 1 	 1 
262.001		0 	 250.096097164 	 1.48456184504 	 0 	 0 	 1 	 1 
263.206		5.49637 	 250.351720336 	 1.50021065962 	 0 	 1 	 1 	 0 
266.79		10.8934 	 259.900143093 	 8.54454379382 	 0 	 0 	 1 	 -1 
272.656		16.1021 	 287.549102268 	 16.6348055247 	 1 	 0 	 1 	 0 
280.659		21.0517 	 286.356760397 	 20.0905949461 	 0 	 0 	 1 	 1 
290.619		25.6934 	 276.599596796 	 27.9480062206 	 0 	 0 	 1 	 -1 
302.34		30 	 294.514439299 	 29.2943333656 	 0 	 1 	 1 	 -1 
290.619		34.3066 	 302.599206251 	 34.3479368564 	 0 	 0 	 1 	 0 
280.659		38.9483 	 292.484727091 	 40.4867616951 	 1 	 0 	 1 	 0 
272.656		43.8979 	 285.680560792 	 47.3753861808 	 0 	 1 	 1 	 0 
266.789		49.1066 	 274.752272385 	 48.5047667106 	 1 	 0 	 1 	 1 
263.206		54.5036 	 280.553410262 	 56.1809268447 	 0 	 1 	 1 	 -1 
262.001		60 	 241.443794744 	 59.7070726602 	 0 	 0 	 1 	 0 
263.206		65.4964 	 261.459210735 	 70.3149574331 	 1 	 1 	 1 	 -1 
266.79		70.8934 	 272.607700496 	 68.3428603949 	 0 	 0 	 1 	 0 
272.656		76.1021 	 288.081917182 	 75.1042249982 	 1 	 1 	 1 	 0 
280.659		81.0517 	 274.154614398 	 82.015685182 	 0 	 0 	 1 	 -1 
290.619		85.6934 	 285.487308581 	 88.82924408 	 0 	 0 	 1 	 0 
302.34		90 	 287.864741642 	 86.7604516335 	 0 	 1 	 1 	 -1 
290.619		94.3066 	 305.147280096 	 91.9568293671 	 0 	 0 	 1 	 0 
280.659		98.9483 	 271.202423556 	 99.5963631256 	 0 	 1 	 1 	 0 
272.655		103.898 	 269.401627509 	 100.321783227 	 0 	 1 	 1 	 1 
266.79		109.107 	 255.075120703 	 109.50315459 	 0 	 1 	 1 	 -1 
263.206		114.504 	 277.063099728 	 114.36212967 	 1 	 1 	 1 	 -1 
262		120 	 242.948588732 	 120.282022146 	 0 	 0 	 1 	 1 
263.206		125.496 	 269.657024573 	 124.341524587 	 0 	 1 	 1 	 1 
266.79		130.893 	 269.594673054 	 134.199613404 	 0 	 1 	 1 	 -1 
272.655		136.102 	 278.53749075 	 134.526694427 	 0 	 1 	 1 	 1 
280.659		141.052 	 289.15696645 	 140.571314225 	 1 	 1 	 1 	 -1 
290.619		145.693 	 301.139224113 	 145.526537343 	 1 	 1 	 1 	 1 
302.34		150 	 312.206770522 	 146.768184906 	 1 	 0 	 1 	 0 
290.619		154.307 	 297.77471457 	 153.538574708 	 1 	 0 	 1 	 -1 
280.659		158.948 	 286.165352745 	 157.222166945 	 1 	 0 	 1 	 -1 
272.656		163.898 	 282.878602965 	 160.634440052 	 0 	 0 	 1 	 1 
266.789		169.107 	 274.080811481 	 171.486455183 	 0 	 1 	 1 	 -1 
263.206		174.504 	 264.045767718 	 172.156990916 	 1 	 0 	 1 	 0 
262.001		180 	 251.124511193 	 177.329150685 	 0 	 1 	 1 	 1 
263.206		185.496 	 255.756053185 	 -175.838861412 	 0 	 1 	 1 	 -1 
266.789		190.893 	 260.069992075 	 -172.990797393 	 0 	 1 	 1 	 1 
272.656		196.102 	 282.811102492 	 -167.911421218 	 0 	 1 	 1 	 0 
280.659		201.052 	 287.013520874 	 -158.032145954 	 0 	 0 	 1 	 -1 
290.619		205.693 	 291.421054075 	 -157.075422556 	 0 	 0 	 1 	 0 
302.34		210 	 291.550923246 	 -147.410080227 	 1 	 1 	 1 	 0 
290.619		214.307 	 308.699767287 	 -145.481445687 	 1 	 0 	 1 	 0 
280.658		218.948 	 288.778951643 	 -142.914426866 	 1 	 1 	 1 	 -1 
272.656		223.898 	 263.751478206 	 -135.937209991 	 0 	 0 	 1 	 0 
266.79		229.107 	 273.495279182 	 -129.249308787 	 1 	 1 	 1 	 1 
263.206		234.504 	 266.321891272 	 -129.485291835 	 1 	 0 	 1 	 0 
262		240 	 257.592979597 	 -118.115503639 	 0 	 0 	 1 	 -1 
263.206		245.496 	 271.204736937 	 -114.822291895 	 1 	 1 	 1 	 -1 
266.789		250.893 	 277.778400942 	 -108.063396106 	 0 	 1 	 1 	 -1 
272.656		256.102 	 274.027740124 	 -101.634025415 	 0 	 1 	 1 	 1 
280.659		261.052 	 284.162906423 	 -96.7501284295 	 0 	 1 	 1 	 -1 
290.62		265.693 	 288.292043172 	 -91.2540820033 	 0 	 1 	 1 	 1 
302.34		270 	 282.987926303 	 -91.4283023708 	 1 	 1 	 1 	 -1 
290.62		274.307 	 302.933406139 	 -85.6330777828 	 1 	 1 	 1 	 -1 
280.659		278.948 	 283.86546826 	 -83.9582306618 	 0 	 1 	 1 	 1 
272.656		283.898 	 281.578914727 	 -72.7770268375 	 0 	 0 	 1 	 0 
266.789		289.107 	 266.302454217 	 -68.5035369019 	 0 	 0 	 1 	 0 
263.206		294.504 	 267.627985589 	 -60.8151788632 	 0 	 0 	 1 	 0 
262		300 	 244.651765854 	 -57.2951486274 	 1 	 1 	 1 	 1 
263.206		305.496 	 255.004507114 	 -52.909001957 	 1 	 0 	 1 	 -1 
266.79		310.893 	 282.264795608 	 -49.1091725183 	 1 	 0 	 1 	 0 
272.656		316.102 	 278.464783834 	 -40.9173712538 	 1 	 1 	 1 	 0 
280.659		321.052 	 300.255565769 	 -40.2784841257 	 0 	 0 	 1 	 -1 
290.619		325.693 	 281.226922245 	 -33.518945623 	 1 	 0 	 1 	 0 
302.34		330 	 296.015081077 	 -26.7525864436 	 1 	 1 	 1 	 -1 
315.62		333.963 	 308.779763251 	 -26.8974350806 	 1 	 1 	 1 	 1 
305.457		338.213 	 298.367387729 	 -21.0442496799 	 0 	 0 	 1 	 -1 
297.071		342.731 	 282.537876044 	 -18.5769924998 	 0 	 1 	 1 	 -1 
290.619		347.48 	 275.881292594 	 -15.5148273367 	 0 	 1 	 1 	 1 
286.236		352.411 	 269.281162046 	 -9.35142245523 	 0 	 1 	 1 	 0 
284.018		357.457 	 283.486760215 	 -6.04598557387 	 0 	 0 	 1 	 1 
284.018		2.54292 	 292.154440613 	 0.05441171385 	 0 	 1 	 1 	 1 
286.236		7.58909 	 270.34961225 	 10.3412126978 	 1 	 1 	 1 	 1 
290.619		12.5198 	 285.732374015 	 9.0749198358 	 1 	 0 	 1 	 -1 
297.071		17.2695 	 288.187988457 	 17.872675186 	 0 	 0 	 1 	 0 
305.457		21.7868 	 303.15904237 	 23.4134573524 	 1 	 1 	 1 	 1 
315.62		26.0368 	 332.755079228 	 25.0058814644 	 1 	 0 	 1 	 1 
327.39		30 	 317.503712163 	 26.969215038 	 1 	 0 	 1 	 1 
305.457		38.2132 	 303.171990997 	 36.2096059873 	 1 	 0 	 1 	 1 
297.071		42.7305 	 289.422347365 	 44.3911312104 	 1 	 0 	 1 	 0 
290.619		47.4802 	 280.704642314 	 48.7449654226 	 1 	 0 	 1 	 -1 
286.236		52.4109 	 296.566332728 	 49.7960080324 	 1 	 0 	 1 	 -1 
284.018		57.4571 	 291.525767466 	 53.4449067321 	 0 	 0 	 1 	 -1 
284.018		62.5429 	 270.493734133 	 65.8343633342 	 0 	 0 	 1 	 0 
286.236		67.5891 	 277.820409789 	 66.4883199464 	 0 	 1 	 1 	 0 
290.619		72.5198 	 282.111777985 	 72.7728149098 	 1 	 1 	 1 	 0 
297.071		77.2695 	 315.503102413 	 75.8388523854 	 0 	 1 	 1 	 0 
305.457		81.7868 	 283.988440949 	 81.5725423873 	 0 	 1 	 1 	 1 
315.62		86.0368 	 331.051516032 	 84.8112755975 	 1 	 1 	 1 	 -1 
327.39		90 	 318.99167297 	 90.240422568 	 0 	 1 	 1 	 -1 
315.62		93.9632 	 309.340826569 	 91.9018104733 	 0 	 1 	 1 	 0 
305.457		98.2132 	 313.09270363 	 97.3220313112 	 1 	 1 	 1 	 1 
297.071		102.731 	 286.947927286 	 103.895190455 	 0 	 0 	 1 	 1 
290.619		107.48 	 288.1286529 	 105.321087411 	 0 	 0 	 1 	 -1 
286.236		112.411 	 276.69844519 	 116.031390437 	 1 	 0 	 1 	 1 
284.018		117.457 	 293.67768695 	 119.072646407 	 0 	 1 	 1 	 -1 
284.018		122.543 	 304.326921747 	 121.1206301 	 1 	 0 	 1 	 1 
286.236		127.589 	 285.857877283 	 125.926601531 	 1 	 0 	 1 	 1 
290.62		132.52 	 275.534738071 	 133.708666571 	 1 	 1 	 1 	 0 
297.071		137.269 	 315.021743508 	 136.495390507 	 0 	 1 	 1 	 1 
305.457		141.787 	 315.201300704 	 143.175421236 	 0 	 0 	 1 	 1 
315.62		146.037 	 321.707350394 	 142.264064157 	 1 	 1 	 1 	 1 
327.39		150 	 313.138459924 	 147.712703895 	 0 	 1 	 1 	 1 
315.619		153.963 	 316.39160085 	 156.214932723 	 1 	 1 	 1 	 0 
305.457		158.213 	 319.188043573 	 155.602304549 	 1 	 0 	 1 	 0 
297.071		162.731 	 305.901617002 	 164.059890034 	 1 	 1 	 1 	 1 
290.62		167.48 	 285.121820758 	 169.323972755 	 0 	 1 	 1 	 0 
286.236		172.411 	 290.914558637 	 174.607592433 	 0 	 1 	 1 	 0 
284.019		177.457 	 293.452409974 	 178.934803655 	 1 	 1 	 1 	 0 
284.019		182.543 	 291.775588764 	 -178.833149645 	 1 	 0 	 1 	 -1 
286.236		187.589 	 279.162167847 	 -171.250786388 	 1 	 1 	 1 	 -1 
290.62		192.52 	 296.968344985 	 -170.28659724 	 0 	 1 	 1 	 1 
297.071		197.269 	 306.145178614 	 -162.158895441 	 1 	 1 	 1 	 0 
305.457		201.787 	 294.481221463 	 -158.643425463 	 0 	 1 	 1 	 1 
315.62		206.037 	 319.52326843 	 -151.773914393 	 0 	 1 	 1 	 0 
327.39		210 	 339.863631044 	 -149.558787889 	 0 	 1 	 1 	 1 
315.62		213.963 	 323.615676678 	 -145.539347886 	 1 	 0 	 1 	 -1 
305.457		218.213 	 306.018567182 	 -145.533045281 	 1 	 0 	 1 	 -1 
297.071		222.731 	 310.774342107 	 -138.666386296 	 0 	 1 	 1 	 1 
290.619		227.48 	 290.037300254 	 -130.773803962 	 0 	 0 	 1 	 0 
286.236		232.411 	 282.143280568 	 -130.547530153 	 0 	 1 	 1 	 0 
284.018		237.457 	 295.925384223 	 -122.482854424 	 1 	 0 	 1 	 1 
284.019		242.543 	 269.201944927 	 -117.483136149 	 0 	 1 	 1 	 -1 
286.236		247.589 	 288.878665881 	 -110.135491103 	 1 	 1 	 1 	 0 
290.62		252.52 	 281.758808823 	 -108.153340263 	 1 	 1 	 1 	 1 
297.071		257.269 	 284.501368278 	 -105.92643072 	 1 	 1 	 1 	 0 
305.457		261.787 	 323.545512031 	 -100.153121557 	 1 	 0 	 1 	 0 
315.62		266.037 	 317.221341707 	 -96.2038252806 	 0 	 0 	 1 	 -1 
327.39		270 	 326.274652411 	 -91.5950117706 	 1 	 0 	 1 	 1 
315.62		273.963 	 311.457133916 	 -87.2531894688 	 0 	 0 	 1 	 -1 
305.457		278.213 	 299.522225355 	 -84.2032084336 	 1 	 1 	 1 	 0 
297.071		282.731 	 281.160760831 	 -78.2841621818 	 0 	 1 	 1 	 1 
290.62		287.48 	 296.393326132 	 -68.6601248435 	 0 	 0 	 1 	 0 
286.236		292.411 	 271.958358655 	 -70.7940687932 	 0 	 1 	 1 	 -1 
284.019		297.457 	 280.01687354 	 -58.82965776 	 0 	 1 	 1 	 0 
284.018		302.543 	 272.260965259 	 -55.0644429667 	 0 	 0 	 1 	 0 
286.236		307.589 	 282.650796852 	 -47.9757417736 	 0 	 1 	 1 	 1 
290.619		312.52 	 302.139467355 	 -49.0189209992 	 0 	 0 	 1 	 1 
297.071		317.269 	 282.648861976 	 -40.462820091 	 1 	 1 	 1 	 0 
305.457		321.787 	 302.294097594 	 -42.050576019 	 0 	 1 	 1 	 1 
327.39		330 	 316.150191243 	 -31.1067915181 	 0 	 1 	 1 	 1 
340.597		333.67 	 337.542936701 	 -29.267763295 	 1 	 1 	 1 	 1 
330.266		337.589 	 335.48452412 	 -21.3763125139 	 0 	 1 	 1 	 -1 
321.56		341.742 	 338.750167135 	 -16.2786306275 	 1 	 1 	 1 	 1 
314.619		346.102 	 326.166823915 	 -16.5662648071 	 0 	 1 	 1 	 -1 
309.563		350.633 	 300.68723707 	 -7.2201928308 	 0 	 1 	 1 	 0 
306.489		355.285 	 324.322545984 	 -4.81332543102 	 1 	 0 	 1 	 0 
305.457		0 	 293.150207006 	 -0.642734341905 	 0 	 0 	 1 	 0 
306.489		4.715 	 292.493160534 	 3.51308645429 	 1 	 0 	 1 	 -1 
309.563		9.367 	 299.986147979 	 7.36527138331 	 0 	 0 	 1 	 -1 
314.619		13.8979 	 316.421573799 	 15.5247932723 	 1 	 0 	 1 	 1 
321.56		18.2585 	 307.251624039 	 17.692466612 	 1 	 1 	 1 	 1 
330.266		22.4109 	 321.939989037 	 23.2127532677 	 0 	 1 	 1 	 1 
340.597		26.3295 	 342.322191222 	 23.9827977469 	 0 	 1 	 1 	 0 
352.406		30 	 354.29222805 	 33.5854852145 	 0 	 1 	 1 	 0 
340.597		33.6705 	 322.235584991 	 34.6903650974 	 0 	 0 	 1 	 1 
330.266		37.5891 	 319.608964276 	 38.0653385598 	 0 	 0 	 1 	 -1 
321.56		41.7415 	 308.095497544 	 44.1023893775 	 1 	 1 	 1 	 1 
314.619		46.1021 	 316.184989085 	 42.3101266543 	 0 	 1 	 1 	 -1 
309.563		50.633 	 323.468415208 	 52.6414290547 	 0 	 1 	 1 	 -1 
306.489		55.285 	 303.090841193 	 51.6313334747 	 0 	 0 	 1 	 1 
305.457		60 	 313.412112993 	 62.0405358724 	 1 	 0 	 1 	 -1 
306.489		64.715 	 325.110764245 	 63.7249588862 	 0 	 1 	 1 	 0 
309.563		69.367 	 302.018820059 	 68.8324557725 	 1 	 0 	 1 	 1 
314.619		73.8979 	 316.005222482 	 75.2951744736 	 1 	 1 	 1 	 -1 
321.56		78.2585 	 328.177612728 	 80.4358113496 	 1 	 0 	 1 	 1 
330.266		82.4109 	 321.609335276 	 79.7079762588 	 1 	 1 	 1 	 1 
340.597		86.3295 	 322.581669311 	 84.1089507553 	 0 	 0 	 1 	 -1 
352.406		90 	 353.794553948 	 92.0674650634 	 1 	 0 	 1 	 1 
340.597		93.6705 	 324.514718038 	 94.2929952494 	 1 	 0 	 1 	 -1 
330.266		97.5891 	 343.445176715 	 99.3043736084 	 1 	 0 	 1 	 -1 
321.56		101.742 	 333.375876622 	 104.360402989 	 0 	 0 	 1 	 0 
314.619		106.102 	 329.450294871 	 107.204330366 	 1 	 0 	 1 	 1 
309.563		110.633 	 301.38702248 	 110.556718217 	 1 	 0 	 1 	 -1 
306.489		115.285 	 295.460314223 	 117.487742972 	 0 	 1 	 1 	 1 
305.457		120 	 302.640421518 	 118.654327866 	 0 	 0 	 1 	 0 
306.489		124.715 	 313.028106189 	 121.356026461 	 0 	 1 	 1 	 -1 
309.563		129.367 	 303.366934737 	 126.644494148 	 1 	 0 	 1 	 1 
314.619		133.898 	 316.180867835 	 131.910716887 	 0 	 1 	 1 	 1 
321.56		138.258 	 308.327684135 	 140.703027188 	 1 	 0 	 1 	 1 
330.266		142.411 	 316.153812328 	 143.925371488 	 1 	 1 	 1 	 -1 
340.597		146.329 	 359.03717706 	 146.163354865 	 0 	 1 	 1 	 -1 
352.406		150 	 362.6307078 	 149.613082137 	 0 	 0 	 1 	 0 
340.597		153.671 	 328.196890023 	 154.134637158 	 0 	 0 	 1 	 -1 
330.266		157.589 	 316.069259583 	 159.991885075 	 1 	 1 	 1 	 1 
321.561		161.742 	 313.489035452 	 160.981646246 	 0 	 1 	 1 	 -1 
314.618		166.102 	 313.742081632 	 167.991870029 	 0 	 1 	 1 	 1 
309.563		170.633 	 304.388391972 	 174.562774128 	 0 	 0 	 1 	 1 
306.488		175.285 	 294.961096275 	 171.930828516 	 1 	 1 	 1 	 1 
305.457		180 	 297.707791323 	 -177.832150243 	 0 	 0 	 1 	 -1 
306.488		184.715 	 284.917807285 	 -175.325294637 	 1 	 0 	 1 	 -1 
309.563		189.367 	 320.394186149 	 -171.362414402 	 1 	 1 	 1 	 -1 
314.618		193.898 	 296.005731609 	 -165.493138789 	 0 	 1 	 1 	 0 
321.561		198.258 	 324.998657209 	 -163.648624669 	 1 	 0 	 1 	 -1 
330.266		202.411 	 328.963949235 	 -160.004624416 	 1 	 1 	 1 	 -1 
340.597		206.329 	 348.881268847 	 -154.529218375 	 0 	 1 	 1 	 1 
352.406		210 	 362.907749797 	 -152.308137314 	 0 	 0 	 1 	 0 
330.266		217.589 	 317.856903331 	 -143.49814836 	 1 	 1 	 1 	 0 
321.56		221.742 	 332.457967747 	 -137.21408014 	 0 	 1 	 1 	 0 
314.619		226.102 	 317.057413546 	 -136.399198478 	 1 	 0 	 1 	 0 
309.563		230.633 	 329.730456447 	 -128.921026669 	 1 	 0 	 1 	 -1 
306.489		235.285 	 305.054582644 	 -127.463974195 	 1 	 0 	 1 	 1 
305.456		240 	 296.667958654 	 -120.540515907 	 1 	 0 	 1 	 1 
306.488		244.715 	 299.664608881 	 -116.688555555 	 0 	 1 	 1 	 1 
309.563		249.367 	 316.933984494 	 -112.661015632 	 1 	 1 	 1 	 1 
314.619		253.898 	 296.893665523 	 -105.876758961 	 1 	 0 	 1 	 1 
321.56		258.258 	 324.546538758 	 -103.293788615 	 0 	 0 	 1 	 0 
330.266		262.411 	 334.579774795 	 -99.0837255462 	 1 	 1 	 1 	 -1 
340.597		266.33 	 335.654624877 	 -91.7490011546 	 1 	 0 	 1 	 -1 
340.597		273.671 	 332.277270389 	 -84.9518168607 	 1 	 0 	 1 	 0 
330.266		277.589 	 316.328789066 	 -84.1753512542 	 0 	 0 	 1 	 0 
321.56		281.742 	 329.357278211 	 -76.8154975591 	 1 	 0 	 1 	 1 
314.619		286.102 	 305.529457407 	 -77.5382823867 	 1 	 0 	 1 	 1 
309.563		290.633 	 292.354599487 	 -68.2862530657 	 0 	 0 	 1 	 1 
306.488		295.285 	 298.617326422 	 -63.7063276776 	 0 	 1 	 1 	 1 
305.457		300 	 308.207033942 	 -57.1831222151 	 1 	 1 	 1 	 1 
306.489		304.715 	 292.58695755 	 -53.1327795635 	 1 	 0 	 1 	 -1 
309.563		309.367 	 308.605793511 	 -48.8481074982 	 1 	 0 	 1 	 1 
314.619		313.898 	 307.648382946 	 -45.0576184118 	 1 	 1 	 1 	 1 
321.56		318.258 	 312.931667272 	 -44.3974615431 	 1 	 1 	 1 	 1 
330.266		322.411 	 314.533423796 	 -37.0542188444 	 1 	 0 	 1 	 0 
340.597		326.33 	 348.775455991 	 -36.0862964862 	 0 	 1 	 1 	 -1 
352.406		330 	 354.613451489 	 -26.6285294647 	 0 	 1 	 1 	 -1 
365.546		333.418 	 367.827194907 	 -23.9241096672 	 1 	 1 	 1 	 -1 
355.074		337.053 	 355.044212811 	 -24.3880382518 	 1 	 0 	 1 	 -1 
346.099		340.893 	 351.491618199 	 -17.4970718454 	 0 	 1 	 1 	 0 
338.742		344.921 	 334.406253757 	 -13.5436429615 	 0 	 1 	 1 	 -1 
333.116		349.107 	 321.748033677 	 -12.7046378545 	 1 	 1 	 1 	 -1 
329.31		353.413 	 339.508170821 	 -5.81241517432 	 0 	 1 	 1 	 1 
327.39		357.796 	 313.411272231 	 -1.49138062941 	 0 	 0 	 1 	 -1 
327.39		2.20423 	 323.931741088 	 0.505586180161 	 0 	 1 	 1 	 0 
329.31		6.58678 	 314.682404695 	 4.79950944581 	 1 	 0 	 1 	 1 
333.116		10.8934 	 326.288436885 	 11.4169570912 	 1 	 0 	 1 	 0 
338.742		15.0791 	 341.060682916 	 17.4228152816 	 0 	 0 	 1 	 1 
346.099		19.1066 	 334.607861122 	 21.4935565186 	 1 	 1 	 1 	 -1 
355.074		22.9473 	 363.57990221 	 24.397077473 	 0 	 1 	 1 	 -1 
365.546		26.582 	 352.835702772 	 28.0775483824 	 1 	 1 	 1 	 0 
377.385		30 	 370.751959189 	 31.59540343 	 0 	 0 	 1 	 1 
365.546		33.418 	 350.676511725 	 34.2941394386 	 0 	 1 	 1 	 0 
355.074		37.0527 	 367.860678523 	 35.2327201028 	 0 	 0 	 1 	 0 
346.099		40.8934 	 332.95225332 	 40.3185218292 	 0 	 0 	 1 	 -1 
338.743		44.9209 	 328.349343119 	 45.1732063821 	 1 	 0 	 1 	 1 
333.116		49.1066 	 331.468499221 	 45.4656329947 	 0 	 0 	 1 	 0 
329.31		53.4132 	 337.89746879 	 53.5533022051 	 1 	 1 	 1 	 0 
327.39		57.7958 	 315.529312642 	 54.8356009196 	 0 	 0 	 1 	 1 
327.39		62.2042 	 343.392149511 	 62.8449163068 	 0 	 0 	 1 	 -1 
329.31		66.5868 	 344.39153582 	 66.8107205165 	 1 	 1 	 1 	 1 
333.116		70.8934 	 328.423385779 	 74.3207021188 	 1 	 1 	 1 	 0 
338.742		75.0791 	 357.933999387 	 73.2362510276 	 1 	 1 	 1 	 1 
346.099		79.1066 	 365.708252559 	 79.8430115703 	 0 	 1 	 1 	 -1 
355.074		82.9473 	 359.639846486 	 84.8478934934 	 0 	 1 	 1 	 1 
