25.2587		30 	 16.756308 	 177.09948292 	 0 	 1 	 1 	 -1 
25.2587		90 	 -183.194065036 	 43.6810545328 	 1 	 0 	 1 	 -1 
25.2587		150 	 -156.178245063 	 138.427709255 	 0 	 1 	 1 	 -1 
25.2587		210 	 1.14773034105 	 22.9557773833 	 1 	 1 	 1 	 -1 
25.2587		270 	 193.878396642 	 -159.169641644 	 0 	 1 	 1 	 -1 
43.7478		0 	 31.0891265577 	 51.4899595675 	 0 	 0 	 1 	 -1 
50.5147		30 	 -20.3069960656 	 17.1186682797 	 1 	 1 	 1 	 -1 
43.7478		60 	 -213.860267368 	 -33.3171204337 	 0 	 0 	 1 	 1 
50.5147		90 	 -135.486933298 	 148.885367381 	 0 	 1 	 1 	 1 
43.7478		120 	 206.093999708 	 -139.656421555 	 1 	 0 	 1 	 -1 
50.5147		150 	 -287.771105614 	 73.0243265353 	 1 	 0 	 1 	 1 
43.7478		180 	 82.9040060115 	 -16.3493437405 	 0 	 1 	 1 	 0 
50.5147		210 	 72.3569308863 	 -127.009142742 	 1 	 0 	 1 	 1 
43.7478		240 	 -253.920203557 	 104.769258229 	 0 	 1 	 1 	 0 
43.7478		300 	 108.213102845 	 104.438885099 	 1 	 1 	 1 	 1 
50.5148		330 	 4.23636723849 	 -161.550816679 	 0 	 1 	 1 	 0 
66.8212		349.107 	 134.620625917 	 86.4612423683 	 1 	 1 	 1 	 -1 
66.8212		10.8934 	 -113.854433745 	 -173.510121213 	 1 	 1 	 1 	 -1 
75.7654		30 	 -133.082157543 	 -158.563457601 	 0 	 0 	 1 	 1 
66.8212		49.1066 	 -101.445677185 	 5.57329791823 	 1 	 1 	 1 	 1 
66.8212		70.8934 	 -228.729916936 	 95.1463509904 	 0 	 0 	 1 	 -1 
75.7654		90 	 -60.4947468705 	 148.56202738 	 1 	 0 	 1 	 -1 
66.8212		109.107 	 31.5586551006 	 -75.9344924718 	 1 	 0 	 1 	 -1 
66.8212		130.893 	 111.492236759 	 -4.57494000943 	 0 	 0 	 1 	 1 
75.7654		150 	 185.658273293 	 -174.593256839 	 1 	 0 	 1 	 0 
66.8212		169.107 	 -301.644365226 	 -43.7010111872 	 0 	 1 	 1 	 -1 
66.8212		190.893 	 111.955791389 	 87.4024587321 	 1 	 0 	 1 	 0 
66.8212		229.107 	 -117.751655039 	 9.4435779237 	 0 	 0 	 1 	 1 
66.8212		250.893 	 237.453491905 	 9.70150090602 	 1 	 1 	 1 	 0 
75.7654		270 	 -10.4086222158 	 -99.8656172373 	 0 	 1 	 1 	 -1 
66.8212		289.107 	 41.7988738428 	 137.810560047 	 1 	 1 	 1 	 0 
66.8212		310.893 	 301.243084638 	 62.7765252784 	 0 	 1 	 1 	 0 
75.7654		330 	 28.2959724267 	 43.0893017845 	 1 	 1 	 1 	 -1 
91.0523		343.898 	 162.748030284 	 51.8356753079 	 0 	 0 	 1 	 0 
87.4818		0 	 209.816570307 	 -55.9347260419 	 0 	 1 	 1 	 -1 
91.0523		16.1021 	 79.6831563635 	 48.8233131614 	 1 	 1 	 1 	 1 
101.008		30 	 52.5475862235 	 -68.1555909363 	 0 	 0 	 1 	 -1 
91.0523		43.8979 	 154.555784882 	 65.8067483143 	 0 	 0 	 1 	 1 
87.4818		60 	 6.24467839567 	 -122.996773092 	 1 	 0 	 1 	 0 
91.0523		76.1021 	 226.646061136 	 171.873103805 	 0 	 0 	 1 	 1 
91.0523		103.898 	 13.0963699905 	 -53.0592005236 	 0 	 0 	 1 	 0 
87.4818		120 	 -50.1504309677 	 83.3564677496 	 0 	 0 	 1 	 0 
91.0523		136.102 	 114.808422439 	 -101.523746503 	 0 	 0 	 1 	 0 
91.0523		163.898 	 -228.709824205 	 -69.715371224 	 0 	 1 	 1 	 -1 
87.4818		180 	 -131.803047414 	 56.0518681505 	 1 	 1 	 1 	 1 
91.0523		196.102 	 68.6094276817 	 104.873821736 	 1 	 1 	 1 	 1 
101.008		210 	 53.5711886978 	 142.085089892 	 0 	 0 	 1 	 -1 
91.0523		223.898 	 -254.656630624 	 42.3363274928 	 1 	 0 	 1 	 1 
87.4818		240 	 154.282369776 	 -8.04397281296 	 0 	 0 	 1 	 1 
91.0523		256.102 	 47.3794987502 	 -136.230182542 	 1 	 1 	 1 	 0 
101.008		270 	 41.4836890629 	 -149.875898074 	 0 	 0 	 1 	 -1 
91.0523		283.898 	 174.87310769 	 20.3934467964 	 0 	 1 	 1 	 0 
87.4817		300 	 3.05235362063 	 -89.7025809632 	 1 	 1 	 1 	 1 
91.0523		316.102 	 -47.5178108826 	 -111.253815705 	 0 	 0 	 1 	 0 
101.008		330 	 -173.162165149 	 -14.7311136511 	 0 	 1 	 1 	 0 
115.709		340.893 	 -101.342207722 	 -77.5987810468 	 0 	 1 	 1 	 1 
110.065		353.413 	 -36.4496642858 	 48.9657879028 	 1 	 0 	 1 	 -1 
110.065		6.58677 	 93.762976366 	 -96.1036446793 	 0 	 0 	 1 	 1 
115.709		19.1066 	 -281.193048638 	 -57.6602441278 	 0 	 0 	 1 	 -1 
126.24		30 	 -171.877570774 	 2.28289396881 	 1 	 1 	 1 	 -1 
115.709		40.8934 	 256.859044973 	 37.5099378733 	 1 	 1 	 1 	 1 
110.065		53.4132 	 26.981348324 	 43.7123495583 	 1 	 1 	 1 	 -1 
110.065		66.5868 	 -50.1041126553 	 -92.7025104793 	 0 	 1 	 1 	 1 
115.709		79.1066 	 224.730872929 	 41.4285454477 	 0 	 1 	 1 	 1 
126.24		90 	 37.1838966125 	 -62.5829325202 	 0 	 0 	 1 	 0 
115.709		100.893 	 200.11849418 	 -128.35524455 	 1 	 1 	 1 	 -1 
110.065		113.413 	 -58.8386054598 	 -51.9428304712 	 1 	 1 	 1 	 1 
110.065		126.587 	 -14.6916994914 	 -62.7588472333 	 1 	 1 	 1 	 1 
115.709		139.107 	 -65.8010464461 	 108.102017225 	 0 	 1 	 1 	 -1 
126.24		150 	 94.7287747693 	 151.496572774 	 1 	 0 	 1 	 1 
115.709		160.893 	 211.877304341 	 -24.758902651 	 1 	 0 	 1 	 1 
110.066		173.413 	 -7.95493613526 	 129.73529477 	 1 	 0 	 1 	 1 
110.066		186.587 	 -266.983280085 	 92.0319447725 	 0 	 1 	 1 	 -1 
115.709		199.107 	 207.864707005 	 -97.394417921 	 0 	 1 	 1 	 0 
126.24		210 	 -427.591978079 	 -13.4557285196 	 0 	 0 	 1 	 0 
115.709		220.893 	 262.611827706 	 2.72557773999 	 0 	 1 	 1 	 -1 
110.065		233.413 	 -151.917155306 	 -161.504409708 	 0 	 0 	 1 	 0 
110.065		246.587 	 -119.411798813 	 66.620340175 	 1 	 1 	 1 	 0 
115.709		259.107 	 389.073691503 	 -60.904284698 	 0 	 0 	 1 	 -1 
126.24		270 	 -3.15960801597 	 -114.762369839 	 1 	 1 	 1 	 0 
115.709		280.893 	 -35.0650572523 	 -22.9718244124 	 1 	 0 	 1 	 -1 
110.065		293.413 	 178.693958872 	 107.745738982 	 0 	 1 	 1 	 -1 
110.065		306.587 	 108.928566625 	 -124.882537069 	 1 	 1 	 1 	 0 
115.709		319.107 	 4.86249681611 	 154.219846421 	 1 	 0 	 1 	 0 
126.24		330 	 38.5762832141 	 -128.557039055 	 0 	 1 	 1 	 0 
140.56		338.948 	 144.912467698 	 -18.8871755613 	 0 	 1 	 1 	 1 
133.593		349.107 	 -462.649798855 	 -112.658603133 	 0 	 0 	 1 	 -1 
131.188		0 	 55.2277556675 	 -128.575740675 	 0 	 1 	 1 	 1 
133.593		10.8934 	 107.497289554 	 103.018153425 	 1 	 1 	 1 	 1 
140.56		21.0517 	 134.639343451 	 74.188695797 	 0 	 0 	 1 	 0 
151.459		30 	 66.3961470126 	 86.8621026239 	 1 	 0 	 1 	 1 
140.56		38.9483 	 57.2749716639 	 14.809330372 	 1 	 1 	 1 	 0 
133.593		49.1066 	 -171.39493901 	 -7.40689827611 	 1 	 0 	 1 	 -1 
131.188		60 	 257.830770843 	 -108.828360436 	 0 	 1 	 1 	 -1 
133.593		70.8934 	 -99.3850836095 	 132.41875837 	 1 	 1 	 1 	 -1 
140.56		81.0517 	 99.6344267265 	 19.5380711741 	 1 	 1 	 1 	 -1 
151.459		90 	 379.956002849 	 -60.5470745415 	 1 	 0 	 1 	 -1 
140.56		98.9483 	 285.676927041 	 33.0805188868 	 1 	 0 	 1 	 -1 
133.593		109.107 	 366.782946237 	 177.993128227 	 1 	 0 	 1 	 0 
131.188		120 	 -189.106860497 	 97.0028148296 	 1 	 1 	 1 	 1 
133.593		130.893 	 -36.6556176348 	 147.923298808 	 1 	 0 	 1 	 0 
140.56		141.052 	 -15.9713998468 	 -56.6242525943 	 1 	 1 	 1 	 1 
151.459		150 	 185.842355786 	 9.81384680161 	 0 	 0 	 1 	 0 
140.56		158.948 	 380.645218898 	 16.0506605957 	 1 	 1 	 1 	 -1 
133.593		169.107 	 -315.771840139 	 78.8900203782 	 0 	 1 	 1 	 0 
131.188		180 	 -110.865936557 	 151.959348539 	 0 	 1 	 1 	 0 
133.593		190.893 	 176.563423194 	 18.4725980035 	 0 	 1 	 1 	 1 
140.56		201.052 	 93.5687766387 	 47.4023529796 	 1 	 0 	 1 	 -1 
151.459		210 	 66.5324380128 	 81.0011493765 	 0 	 1 	 1 	 0 
140.56		218.948 	 91.4745346605 	 -55.9223991578 	 1 	 1 	 1 	 1 
133.593		229.107 	 57.7999016053 	 67.6257139971 	 0 	 1 	 1 	 -1 
131.188		240 	 -16.2574629294 	 -5.33942970502 	 0 	 0 	 1 	 -1 
133.592		250.893 	 183.910829665 	 80.9769176903 	 1 	 0 	 1 	 1 
140.56		261.052 	 -92.9544114844 	 -5.39220558367 	 0 	 0 	 1 	 -1 
151.459		270 	 -0.512712667798 	 95.6835729604 	 1 	 1 	 1 	 -1 
140.56		278.948 	 143.23779304 	 159.725022211 	 1 	 0 	 1 	 1 
133.592		289.107 	 30.8980815285 	 32.2484819499 	 1 	 0 	 1 	 0 
131.188		300 	 -152.518709881 	 62.6265651764 	 1 	 0 	 1 	 0 
133.593		310.893 	 67.9279982295 	 -20.2098379277 	 0 	 1 	 1 	 1 
140.56		321.052 	 -52.8458969578 	 -158.440353892 	 1 	 1 	 1 	 -1 
151.459		330 	 14.7360985103 	 -173.071619253 	 0 	 1 	 1 	 -1 
165.51		337.589 	 194.819827199 	 -154.011187873 	 0 	 0 	 1 	 0 
157.635		346.102 	 42.5604116696 	 -49.4059982097 	 0 	 1 	 1 	 0 
153.545		355.285 	 -256.135545741 	 86.0808901616 	 0 	 1 	 1 	 -1 
153.545		4.715 	 -59.6273033335 	 -86.9348966032 	 1 	 1 	 1 	 -1 
157.635		13.8979 	 -167.974024237 	 64.2522617247 	 0 	 1 	 1 	 1 
165.51		22.4109 	 84.0379217147 	 -71.2501087534 	 0 	 0 	 1 	 -1 
176.661		30 	 -50.6008709612 	 164.666832939 	 1 	 1 	 1 	 0 
165.51		37.5891 	 -81.8880764249 	 152.327686847 	 1 	 1 	 1 	 -1 
157.635		46.1021 	 9.81409139172 	 91.7202984457 	 0 	 1 	 1 	 1 
153.545		55.285 	 294.404121499 	 95.0196301772 	 1 	 1 	 1 	 -1 
153.545		64.715 	 107.161403312 	 -67.9482515737 	 0 	 1 	 1 	 1 
157.635		73.8979 	 189.378031521 	 -38.3513522727 	 1 	 0 	 1 	 0 
165.51		82.4109 	 -39.6818440679 	 137.98086215 	 1 	 0 	 1 	 -1 
176.661		90 	 156.406202747 	 59.831629765 	 1 	 1 	 1 	 0 
165.51		97.5891 	 -39.3653190831 	 27.5747421898 	 0 	 0 	 1 	 -1 
157.635		106.102 	 -237.701309625 	 179.783556448 	 1 	 1 	 1 	 0 
153.545		115.285 	 -330.361407167 	 151.745122941 	 0 	 0 	 1 	 1 
153.545		124.715 	 124.548621163 	 -133.038663352 	 0 	 1 	 1 	 1 
157.635		133.898 	 45.6847779224 	 -145.090369333 	 0 	 1 	 1 	 -1 
165.51		142.411 	 -213.537874513 	 -68.6362642028 	 0 	 0 	 1 	 0 
176.661		150 	 78.4714332301 	 83.5493560018 	 0 	 1 	 1 	 1 
165.509		157.589 	 78.7013068344 	 31.4342064853 	 0 	 0 	 1 	 -1 
157.635		166.102 	 156.402508014 	 118.062578459 	 0 	 1 	 1 	 1 
153.546		175.285 	 9.53537596583 	 -2.3819978689 	 0 	 0 	 1 	 0 
153.546		184.715 	 147.636782967 	 -71.678392945 	 1 	 1 	 1 	 1 
157.635		193.898 	 -60.8179754165 	 104.585364952 	 0 	 1 	 1 	 0 
165.509		202.411 	 -79.2625464972 	 13.492969659 	 1 	 1 	 1 	 1 
165.51		217.589 	 -7.73832865589 	 -154.743234374 	 1 	 0 	 1 	 1 
157.635		226.102 	 35.3249303274 	 66.4490553287 	 0 	 0 	 1 	 -1 
153.545		235.285 	 12.5849506446 	 11.9693443025 	 0 	 0 	 1 	 0 
153.545		244.715 	 232.725105526 	 -25.0042923365 	 0 	 0 	 1 	 0 
157.635		253.898 	 -121.797570402 	 179.187069875 	 1 	 0 	 1 	 -1 
165.51		262.411 	 351.62822424 	 81.9185564198 	 0 	 0 	 1 	 0 
176.661		270 	 -42.9570711423 	 -148.609950425 	 1 	 0 	 1 	 1 
165.51		277.589 	 160.914546676 	 112.059118684 	 1 	 1 	 1 	 0 
157.635		286.102 	 -298.424635413 	 179.858553123 	 0 	 1 	 1 	 1 
153.545		295.285 	 -125.437498742 	 -131.541113798 	 1 	 0 	 1 	 -1 
153.545		304.715 	 -109.703414727 	 -146.145076365 	 0 	 0 	 1 	 0 
157.635		313.898 	 -80.0003397984 	 -94.2756863379 	 0 	 0 	 1 	 0 
165.51		322.411 	 -46.9270993053 	 -65.0083924765 	 0 	 1 	 1 	 -1 
176.661		330 	 273.491272161 	 -83.9572802735 	 1 	 1 	 1 	 -1 
190.511		336.587 	 -72.798716026 	 -167.626198227 	 1 	 1 	 1 	 -1 
181.979		343.898 	 -200.637583508 	 169.139818856 	 1 	 0 	 1 	 1 
176.661		351.787 	 139.390777164 	 29.5587315474 	 0 	 1 	 1 	 1 
174.852		0 	 -154.9287002 	 10.1984939756 	 1 	 0 	 1 	 1 
176.661		8.21321 	 -86.4604206275 	 143.042830556 	 0 	 0 	 1 	 -1 
181.979		16.1021 	 3.56358186412 	 45.6731159633 	 1 	 1 	 1 	 0 
190.511		23.4132 	 -279.754065987 	 67.1334070945 	 0 	 1 	 1 	 1 
201.845		30 	 -165.237948945 	 -26.829557545 	 0 	 1 	 1 	 1 
181.979		43.8979 	 -164.657261616 	 -143.777558084 	 0 	 0 	 1 	 0 
176.661		51.7868 	 27.716423421 	 -91.1229650375 	 1 	 1 	 1 	 0 
174.852		60 	 131.432113873 	 -70.6439519212 	 1 	 1 	 1 	 -1 
176.661		68.2132 	 -39.3973688357 	 84.7527020103 	 0 	 1 	 1 	 0 
181.979		76.1021 	 4.44529099044 	 131.462618684 	 0 	 1 	 1 	 -1 
190.511		83.4132 	 16.0468829086 	 -96.2581385487 	 0 	 0 	 1 	 -1 
201.845		90 	 -52.5493010103 	 150.444282071 	 0 	 0 	 1 	 1 
190.511		96.5868 	 188.783993846 	 150.33916491 	 0 	 1 	 1 	 1 
181.979		103.898 	 -243.753547099 	 -65.1458370975 	 1 	 0 	 1 	 -1 
176.661		111.787 	 54.2731111756 	 128.088570261 	 1 	 1 	 1 	 1 
174.852		120 	 -302.602044016 	 -104.419707014 	 1 	 1 	 1 	 1 
176.661		128.213 	 332.802261718 	 13.6474154288 	 1 	 1 	 1 	 -1 
181.979		136.102 	 -50.10443185 	 83.0129191883 	 1 	 0 	 1 	 -1 
190.51		143.413 	 -224.222099544 	 77.3591532592 	 1 	 0 	 1 	 0 
201.845		150 	 -134.038179408 	 -128.282839729 	 0 	 0 	 1 	 -1 
190.511		156.587 	 -48.7059763699 	 -69.4852035226 	 0 	 1 	 1 	 0 
181.979		163.898 	 -168.83568489 	 -155.672930103 	 0 	 1 	 1 	 1 
176.661		171.787 	 -459.416422443 	 -170.29013188 	 1 	 1 	 1 	 1 
174.852		180 	 66.7878176006 	 102.34833387 	 0 	 1 	 1 	 0 
176.661		188.213 	 339.053030871 	 149.996995461 	 1 	 1 	 1 	 0 
181.979		196.102 	 -45.8911006872 	 56.5815994446 	 1 	 1 	 1 	 -1 
190.511		203.413 	 263.83660222 	 125.361904566 	 1 	 1 	 1 	 -1 
201.845		210 	 -217.284682225 	 9.26085813375 	 0 	 0 	 1 	 1 
190.51		216.587 	 -14.6278992928 	 115.883294528 	 0 	 1 	 1 	 -1 
181.979		223.898 	 102.001872828 	 -126.03010283 	 0 	 1 	 1 	 1 
176.661		231.787 	 -235.917789219 	 103.594263544 	 1 	 0 	 1 	 -1 
174.853		240 	 10.1240335179 	 166.295592827 	 0 	 1 	 1 	 0 
176.662		248.213 	 118.464756956 	 26.3164263771 	 0 	 1 	 1 	 1 
181.979		256.102 	 357.731667362 	 -172.728017492 	 1 	 1 	 1 	 1 
190.511		263.413 	 117.154971415 	 -155.347820864 	 0 	 1 	 1 	 1 
190.511		276.587 	 -126.778039028 	 174.05187933 	 1 	 0 	 1 	 1 
181.979		283.898 	 -95.4554309269 	 118.210886685 	 1 	 1 	 1 	 -1 
176.662		291.787 	 -218.744480385 	 124.404566427 	 1 	 0 	 1 	 -1 
174.853		300 	 -98.8746057641 	 -110.475748955 	 1 	 1 	 1 	 1 
176.661		308.213 	 -94.230169369 	 -153.108999721 	 0 	 1 	 1 	 1 
181.979		316.102 	 71.0025495441 	 21.4239565645 	 0 	 1 	 1 	 1 
190.511		323.413 	 -72.5981288342 	 -103.052812094 	 0 	 0 	 1 	 1 
201.845		330 	 320.947227028 	 -155.077522273 	 0 	 1 	 1 	 -1 
215.536		335.818 	 232.31327089 	 -78.920052616 	 0 	 0 	 1 	 0 
206.511		342.216 	 257.125438157 	 82.5961881182 	 0 	 1 	 1 	 1 
200.265		349.107 	 133.439457549 	 146.923901858 	 0 	 1 	 1 	 1 
197.068		356.329 	 97.3666242049 	 79.0768307081 	 0 	 0 	 1 	 1 
197.068		3.6705 	 -57.1424234053 	 -153.639332068 	 1 	 0 	 1 	 0 
200.265		10.8934 	 152.963154183 	 -113.955566214 	 1 	 0 	 1 	 -1 
206.511		17.7836 	 -195.365866221 	 18.0482486538 	 0 	 1 	 1 	 -1 
215.536		24.1825 	 107.517133532 	 75.5929443254 	 1 	 1 	 1 	 1 
227.007		30 	 10.4357590003 	 -82.4747794813 	 0 	 0 	 1 	 -1 
215.536		35.8175 	 -232.477190541 	 -75.7270539487 	 1 	 0 	 1 	 -1 
206.511		42.2164 	 -53.9817078273 	 162.656460221 	 0 	 0 	 1 	 1 
200.265		49.1066 	 324.505955672 	 129.331429311 	 1 	 1 	 1 	 0 
197.068		56.3295 	 290.228788886 	 107.819831163 	 0 	 1 	 1 	 1 
197.068		63.6705 	 191.658775128 	 66.0234618311 	 1 	 0 	 1 	 0 
200.265		70.8934 	 -19.3816889709 	 -71.4976239109 	 1 	 1 	 1 	 0 
206.511		77.7836 	 104.796820433 	 36.9517464084 	 1 	 0 	 1 	 1 
215.536		84.1825 	 -68.6612084708 	 -21.225695377 	 1 	 0 	 1 	 1 
227.007		90 	 -177.245708616 	 45.1874211495 	 1 	 1 	 1 	 0 
215.536		95.8175 	 -47.3607897722 	 174.651782437 	 1 	 1 	 1 	 -1 
206.511		102.216 	 247.405266531 	 107.697730317 	 0 	 0 	 1 	 1 
200.265		109.107 	 -282.541700638 	 26.9380214839 	 0 	 0 	 1 	 0 
197.068		116.33 	 268.093036512 	 52.6759386798 	 0 	 0 	 1 	 0 
197.068		123.671 	 -209.566832925 	 179.243410595 	 0 	 0 	 1 	 1 
200.265		130.893 	 -44.3314836909 	 90.3116396353 	 0 	 1 	 1 	 0 
206.51		137.784 	 -142.321563433 	 99.2088367605 	 1 	 0 	 1 	 -1 
215.536		144.182 	 -246.474984538 	 84.1526088932 	 0 	 1 	 1 	 -1 
227.007		150 	 -19.2965767213 	 101.040439948 	 0 	 1 	 1 	 0 
215.536		155.818 	 319.8578274 	 7.85478521574 	 0 	 0 	 1 	 1 
206.511		162.216 	 -158.290420977 	 -142.803271147 	 1 	 1 	 1 	 -1 
200.266		169.107 	 174.300703699 	 131.004331819 	 0 	 1 	 1 	 0 
197.068		176.33 	 166.67482473 	 -151.109667699 	 1 	 1 	 1 	 1 
197.068		183.671 	 135.196825228 	 -13.0258808391 	 1 	 1 	 1 	 1 
200.266		190.893 	 96.9041258849 	 -124.940694756 	 0 	 1 	 1 	 -1 
206.511		197.784 	 69.7566688011 	 140.696754227 	 0 	 0 	 1 	 0 
215.536		204.182 	 415.800003917 	 -105.164963729 	 1 	 0 	 1 	 0 
227.007		210 	 -76.0968323552 	 -70.520992879 	 1 	 1 	 1 	 -1 
215.536		215.818 	 -94.7288173038 	 -147.11802139 	 0 	 0 	 1 	 -1 
206.51		222.216 	 -92.3281605372 	 -76.9427366035 	 0 	 1 	 1 	 -1 
200.265		229.107 	 216.295289066 	 -15.3576307687 	 1 	 0 	 1 	 0 
197.068		236.329 	 -305.215452194 	 -157.364739465 	 1 	 0 	 1 	 0 
197.068		243.671 	 -137.441241865 	 93.1816387205 	 1 	 0 	 1 	 1 
200.265		250.893 	 -41.3212252891 	 -129.18424716 	 1 	 0 	 1 	 1 
206.51		257.784 	 201.814581681 	 -14.8541142714 	 1 	 1 	 1 	 0 
215.536		264.182 	 -6.87428075317 	 2.87874500992 	 1 	 1 	 1 	 0 
227.007		270 	 119.54623494 	 -135.92609205 	 1 	 0 	 1 	 0 
215.536		275.818 	 365.009566684 	 -26.5112866136 	 0 	 1 	 1 	 0 
206.51		282.216 	 72.4452611145 	 -5.63212802628 	 0 	 1 	 1 	 1 
200.265		289.107 	 -9.31432597626 	 -94.6475278489 	 1 	 1 	 1 	 1 
197.068		296.329 	 65.1731950412 	 147.876160201 	 0 	 1 	 1 	 1 
197.068		303.67 	 -78.3692731255 	 -47.1824190378 	 1 	 0 	 1 	 0 
200.265		310.893 	 -186.747267252 	 65.979048486 	 1 	 1 	 1 	 -1 
206.511		317.784 	 137.130313657 	 -36.4385979188 	 0 	 1 	 1 	 0 
227.008		330 	 -146.656940357 	 145.816648588 	 1 	 1 	 1 	 1 
240.57		335.209 	 -140.50275695 	 -114.108991692 	 0 	 1 	 1 	 0 
231.161		340.893 	 -74.7178253939 	 103.066851467 	 1 	 0 	 1 	 1 
224.195		346.996 	 -33.9966756204 	 72.842613945 	 1 	 0 	 1 	 -1 
219.909		353.413 	 -97.7528812451 	 -99.7746039837 	 0 	 1 	 1 	 0 
218.461		0 	 -235.461594626 	 106.37885767 	 1 	 1 	 1 	 1 
219.909		6.58678 	 192.711335516 	 -55.4431827132 	 0 	 0 	 1 	 0 
224.195		13.0039 	 35.5936297208 	 -81.9584148033 	 0 	 0 	 1 	 -1 
231.161		19.1066 	 -36.2611986351 	 -142.737830043 	 1 	 1 	 1 	 0 
240.57		24.7913 	 -145.391619144 	 -140.043805595 	 1 	 1 	 1 	 1 
252.146		30 	 60.0593447948 	 -71.9454837611 	 1 	 1 	 1 	 0 
240.57		35.2087 	 50.080697758 	 -36.8502218039 	 1 	 1 	 1 	 1 
231.161		40.8934 	 164.855414292 	 117.025743848 	 0 	 0 	 1 	 1 
224.195		46.9961 	 -97.3691799837 	 46.3039378803 	 0 	 1 	 1 	 1 
219.909		53.4132 	 48.8928656571 	 -10.3017413968 	 1 	 1 	 1 	 1 
218.461		60 	 -38.0154979284 	 167.891704183 	 1 	 0 	 1 	 0 
219.909		66.5868 	 47.6983165054 	 -104.754753354 	 0 	 1 	 1 	 1 
224.195		73.0039 	 205.002495051 	 52.8297565847 	 0 	 0 	 1 	 1 
231.161		79.1066 	 108.351177561 	 79.5853035666 	 0 	 0 	 1 	 0 
240.57		84.7913 	 -35.2779603814 	 54.8520619446 	 1 	 0 	 1 	 1 
240.57		95.2087 	 6.09323422582 	 75.5344476911 	 0 	 1 	 1 	 1 
231.161		100.893 	 124.792964843 	 -60.3935265982 	 0 	 1 	 1 	 0 
224.195		106.996 	 247.41989832 	 -172.109849364 	 1 	 1 	 1 	 -1 
219.909		113.413 	 -317.425351463 	 152.588127293 	 0 	 0 	 1 	 -1 
218.461		120 	 462.84175895 	 -118.409206569 	 1 	 1 	 1 	 1 
219.909		126.587 	 -190.414110967 	 69.1095953835 	 0 	 1 	 1 	 0 
224.195		133.004 	 167.917440558 	 -132.994297821 	 1 	 0 	 1 	 0 
231.161		139.107 	 385.96630746 	 93.8903764531 	 0 	 0 	 1 	 -1 
252.146		150 	 -96.3910516711 	 -137.607259431 	 0 	 1 	 1 	 -1 
240.57		155.209 	 -16.5185867373 	 23.8380982341 	 1 	 0 	 1 	 -1 
231.16		160.893 	 184.085412674 	 -88.8386665386 	 1 	 1 	 1 	 -1 
224.196		166.996 	 -40.2985929372 	 -168.347424834 	 1 	 0 	 1 	 1 
219.909		173.413 	 34.5795339391 	 -0.441869219167 	 1 	 0 	 1 	 0 
218.461		180 	 98.2188144841 	 164.832317915 	 1 	 0 	 1 	 -1 
219.909		186.587 	 105.699981229 	 -174.232809043 	 1 	 0 	 1 	 0 
224.196		193.004 	 153.884248309 	 77.2299403632 	 0 	 1 	 1 	 -1 
231.16		199.107 	 -189.303739478 	 115.129533639 	 1 	 0 	 1 	 -1 
240.57		204.791 	 188.184431559 	 -99.6783725487 	 0 	 0 	 1 	 1 
252.146		210 	 149.726172675 	 -68.5071190745 	 0 	 0 	 1 	 1 
240.57		215.209 	 203.988285594 	 79.7494955829 	 0 	 0 	 1 	 1 
231.161		220.893 	 44.7370212191 	 -173.726120359 	 0 	 1 	 1 	 0 
224.196		226.996 	 1.3057917745 	 -82.131739664 	 0 	 0 	 1 	 0 
219.909		233.413 	 -169.734156305 	 -3.96488100619 	 0 	 1 	 1 	 -1 
218.461		240 	 -206.085820312 	 -115.595717429 	 0 	 1 	 1 	 0 
219.909		246.587 	 215.385711114 	 116.624863805 	 1 	 0 	 1 	 1 
224.195		253.004 	 14.4916949213 	 73.8290255011 	 0 	 0 	 1 	 0 
231.16		259.107 	 -11.0088392861 	 66.2624736498 	 1 	 0 	 1 	 -1 
240.57		264.791 	 -431.887407819 	 -174.459673573 	 0 	 1 	 1 	 1 
252.146		270 	 36.1471989889 	 121.728686946 	 0 	 0 	 1 	 0 
240.57		275.209 	 -97.0972156465 	 -84.9792097317 	 1 	 1 	 1 	 -1 
231.16		280.893 	 140.904333958 	 -31.3176294077 	 1 	 0 	 1 	 -1 
224.195		286.996 	 89.2261740961 	 164.476390993 	 1 	 1 	 1 	 1 
219.909		293.413 	 -103.386689742 	 -159.287760835 	 1 	 1 	 1 	 1 
218.461		300 	 -33.2044546936 	 50.3247002639 	 0 	 1 	 1 	 1 
219.909		306.587 	 -252.255539467 	 -107.343710167 	 0 	 1 	 1 	 0 
224.196		313.004 	 219.342601114 	 101.656975998 	 1 	 0 	 1 	 -1 
231.161		319.107 	 43.9905859645 	 -72.406255719 	 0 	 0 	 1 	 0 
240.57		324.791 	 15.6235623374 	 -166.853709922 	 1 	 0 	 1 	 1 
252.146		330 	 -55.3731625584 	 -27.6887391202 	 0 	 0 	 1 	 1 
265.601		334.715 	 -27.7586181727 	 36.6048354506 	 1 	 1 	 1 	 -1 
255.886		339.826 	 -34.9490394881 	 166.993679214 	 1 	 1 	 1 	 0 
248.348		345.295 	 11.9198834758 	 -89.0026967749 	 0 	 0 	 1 	 1 
243.191		351.052 	 -61.575501366 	 129.586300647 	 0 	 1 	 1 	 -1 
240.57		356.996 	 -191.449499038 	 -160.570646653 	 1 	 1 	 1 	 0 
240.57		3.00449 	 195.473881379 	 127.35216201 	 0 	 1 	 1 	 1 
243.191		8.94827 	 64.7540270642 	 37.9378324749 	 0 	 0 	 1 	 -1 
248.348		14.7047 	 145.478499708 	 138.717117948 	 0 	 1 	 1 	 -1 
255.886		20.1736 	 -218.675393444 	 -36.702194384 	 1 	 1 	 1 	 1 
265.601		25.285 	 27.4231387348 	 15.3257576661 	 1 	 0 	 1 	 -1 
277.258		30 	 -103.944062325 	 -31.9836457062 	 0 	 0 	 1 	 0 
265.601		34.715 	 77.6690585508 	 -101.341278574 	 1 	 0 	 1 	 -1 
255.887		39.8264 	 10.1817782627 	 -118.248743751 	 1 	 1 	 1 	 -1 
248.348		45.2953 	 16.9914435068 	 -138.33995301 	 0 	 0 	 1 	 1 
243.191		51.0517 	 -34.5505464459 	 64.5743378506 	 1 	 1 	 1 	 0 
240.57		56.9955 	 -111.22475297 	 -4.94219177888 	 0 	 0 	 1 	 -1 
240.57		63.0045 	 -25.1875494789 	 46.9800819581 	 1 	 1 	 1 	 0 
243.191		68.9483 	 141.670283371 	 -39.5482486995 	 0 	 0 	 1 	 1 
248.348		74.7047 	 -68.9483959875 	 -130.387689018 	 1 	 0 	 1 	 0 
255.887		80.1736 	 220.914212859 	 -152.510442845 	 0 	 0 	 1 	 1 
265.601		85.285 	 10.5175103874 	 9.20835871093 	 1 	 0 	 1 	 -1 
277.257		90 	 -53.8737910839 	 50.2514548934 	 1 	 0 	 1 	 -1 
265.601		94.715 	 -256.402507943 	 128.3094893 	 0 	 1 	 1 	 -1 
255.887		99.8264 	 51.3936864717 	 46.9533917965 	 0 	 0 	 1 	 1 
248.348		105.295 	 -23.5658669204 	 117.04210253 	 0 	 1 	 1 	 -1 
243.191		111.052 	 -4.92526195067 	 0.348118406303 	 1 	 0 	 1 	 1 
240.57		116.996 	 -129.65328488 	 -9.15926303381 	 1 	 0 	 1 	 1 
240.57		123.005 	 116.273660975 	 55.0683729272 	 0 	 1 	 1 	 1 
243.191		128.948 	 -62.4793265608 	 83.638753892 	 1 	 1 	 1 	 1 
248.348		134.705 	 17.8101958242 	 -69.0067654157 	 0 	 0 	 1 	 -1 
255.887		140.174 	 9.03953743588 	 153.561454845 	 0 	 0 	 1 	 -1 
265.6		145.285 	 43.6463100561 	 -25.2930279982 	 0 	 0 	 1 	 0 
277.257		150 	 282.025900538 	 -158.476091108 	 1 	 0 	 1 	 0 
265.601		154.715 	 96.0487437756 	 95.261515708 	 0 	 0 	 1 	 1 
255.886		159.826 	 14.0381018529 	 52.5732916943 	 0 	 1 	 1 	 -1 
248.348		165.295 	 233.13978338 	 64.1657770792 	 1 	 1 	 1 	 -1 
243.191		171.052 	 236.933294657 	 -112.579217851 	 1 	 0 	 1 	 0 
240.57		176.996 	 264.738224111 	 -123.478379028 	 0 	 0 	 1 	 -1 
240.57		183.005 	 131.475260013 	 23.0876565826 	 0 	 0 	 1 	 1 
243.191		188.948 	 165.582871735 	 1.30328040277 	 0 	 0 	 1 	 1 
248.348		194.705 	 -190.859163687 	 -137.562872463 	 1 	 0 	 1 	 0 
255.886		200.174 	 117.419060901 	 68.0884037226 	 1 	 0 	 1 	 -1 
265.601		205.285 	 102.336355828 	 -141.557069199 	 1 	 1 	 1 	 0 
277.258		210 	 -168.925424795 	 -54.1144521946 	 1 	 0 	 1 	 1 
265.6		214.715 	 -247.200642801 	 -58.3791170533 	 0 	 1 	 1 	 1 
255.887		219.826 	 119.184189118 	 47.2092260407 	 0 	 0 	 1 	 0 
248.348		225.295 	 -210.923024497 	 21.4084846841 	 0 	 0 	 1 	 1 
243.191		231.052 	 -250.467618601 	 15.9897249344 	 1 	 1 	 1 	 1 
240.57		236.995 	 121.351477873 	 117.739816325 	 0 	 0 	 1 	 -1 
240.57		243.004 	 179.865151992 	 -81.1158270538 	 1 	 0 	 1 	 1 
243.19		248.948 	 172.68040269 	 -108.479297709 	 0 	 1 	 1 	 -1 
248.348		254.705 	 429.999438426 	 120.728911734 	 1 	 1 	 1 	 0 
255.886		260.174 	 -152.71309026 	 -21.2978497066 	 0 	 1 	 1 	 1 
265.601		265.285 	 -95.355211024 	 35.4149125176 	 1 	 1 	 1 	 -1 
277.258		270 	 171.2193244 	 -80.2526242788 	 0 	 0 	 1 	 0 
265.601		274.715 	 11.4432660739 	 89.1779765251 	 1 	 0 	 1 	 1 
255.886		279.826 	 -76.694618463 	 -166.843698477 	 0 	 0 	 1 	 -1 
248.348		285.295 	 -125.945919617 	 -4.8563198955 	 1 	 0 	 1 	 0 
243.19		291.052 	 -4.61121671921 	 -160.846785471 	 1 	 1 	 1 	 1 
240.57		296.996 	 -240.719154227 	 6.59395021112 	 0 	 1 	 1 	 -1 
240.57		303.004 	 -64.1732126235 	 -138.759291342 	 1 	 0 	 1 	 0 
243.191		308.948 	 -180.400969919 	 -102.800684368 	 1 	 0 	 1 	 0 
248.348		314.705 	 167.346607818 	 -6.01633504848 	 1 	 0 	 1 	 0 
255.886		320.174 	 21.1833924055 	 22.9862875375 	 1 	 0 	 1 	 1 
265.6		325.285 	 -272.092598607 	 -132.663576104 	 1 	 1 	 1 	 1 
277.258		330 	 -142.597945406 	 -65.7726865646 	 0 	 1 	 1 	 1 
290.619		334.307 	 155.046399884 	 17.4675843244 	 0 	 0 	 1 	 0 
280.659		338.948 	 -341.851636088 	 146.242460574 	 1 	 1 	 1 	 -1 
272.656		343.898 	 83.9555238369 	 -85.3084416195 	 1 	 1 	 1 	 1 
266.79		349.107 	 -197.223326237 	 -7.70455666483 	 1 	 0 	 1 	 1 
263.206		354.504 	 38.3298017162 	 132.761939978 	 0 	 0 	 1 	 -1 
262.001		0 	 21.0965058527 	 74.3692863146 	 1 	 0 	 1 	 0 
263.206		5.49637 	 73.110319863 	 -130.169425078 	 1 	 0 	 1 	 0 
266.79		10.8934 	 -220.704161833 	 -5.24037351481 	 0 	 0 	 1 	 0 
272.656		16.1021 	 -189.304746045 	 -80.0843607109 	 0 	 1 	 1 	 -1 
280.659		21.0517 	 70.717067502 	 130.758402387 	 1 	 1 	 1 	 1 
290.619		25.6934 	 10.7779812312 	 162.040064671 	 1 	 0 	 1 	 -1 
302.34		30 	 44.4305447807 	 23.3347010814 	 0 	 0 	 1 	 1 
290.619		34.3066 	 -145.654107291 	 119.126959284 	 0 	 1 	 1 	 0 
280.659		38.9483 	 108.58981554 	 151.810044312 	 0 	 1 	 1 	 1 
272.656		43.8979 	 51.4152835785 	 45.2917694187 	 1 	 1 	 1 	 0 
266.789		49.1066 	 156.51070779 	 -149.932305103 	 1 	 1 	 1 	 -1 
263.206		54.5036 	 -289.523488503 	 154.003027576 	 0 	 1 	 1 	 1 
262.001		60 	 -440.384511251 	 105.112819978 	 1 	 1 	 1 	 -1 
263.206		65.4964 	 98.4630954801 	 -108.869512266 	 1 	 0 	 1 	 1 
266.79		70.8934 	 -260.320927318 	 121.814538617 	 0 	 0 	 1 	 -1 
272.656		76.1021 	 -22.9896503439 	 23.1585244329 	 1 	 1 	 1 	 0 
280.659		81.0517 	 -5.29264165432 	 119.317340108 	 0 	 1 	 1 	 0 
290.619		85.6934 	 -149.036111672 	 112.873519305 	 0 	 1 	 1 	 0 
302.34		90 	 209.520883036 	 -25.7817121842 	 1 	 1 	 1 	 -1 
290.619		94.3066 	 -116.0550493 	 61.5469320322 	 0 	 1 	 1 	 1 
280.659		98.9483 	 379.366343833 	 68.548111084 	 0 	 1 	 1 	 0 
272.655		103.898 	 176.74915574 	 -111.582578347 	 1 	 0 	 1 	 -1 
266.79		109.107 	 38.8089064474 	 105.737767869 	 0 	 0 	 1 	 -1 
263.206		114.504 	 -195.620423395 	 172.329710819 	 0 	 1 	 1 	 0 
262		120 	 183.553666259 	 110.478971955 	 1 	 1 	 1 	 -1 
263.206		125.496 	 108.748710406 	 143.475508289 	 1 	 1 	 1 	 -1 
266.79		130.893 	 110.336334683 	 -139.071826367 	 0 	 1 	 1 	 -1 
272.655		136.102 	 99.5524173885 	 -108.246130967 	 0 	 1 	 1 	 0 
280.659		141.052 	 -163.364859786 	 -67.9992445215 	 0 	 1 	 1 	 0 
290.619		145.693 	 237.443587836 	 88.3229563772 	 0 	 1 	 1 	 0 
302.34		150 	 -131.351502674 	 70.3826615631 	 1 	 1 	 1 	 1 
290.619		154.307 	 -129.043030945 	 131.059302604 	 0 	 0 	 1 	 -1 
280.659		158.948 	 -273.286677473 	 -94.8040434507 	 0 	 1 	 1 	 0 
272.656		163.898 	 130.407738412 	 -1.46877133756 	 1 	 1 	 1 	 0 
266.789		169.107 	 -23.0463198967 	 69.0787296076 	 1 	 0 	 1 	 -1 
263.206		174.504 	 -96.8405170976 	 -55.0394440994 	 1 	 1 	 1 	 1 
262.001		180 	 86.7710915501 	 -4.38117796453 	 1 	 1 	 1 	 0 
263.206		185.496 	 226.259319246 	 53.0058901726 	 0 	 1 	 1 	 0 
266.789		190.893 	 217.907202761 	 106.114666646 	 0 	 1 	 1 	 -1 
272.656		196.102 	 42.5696868007 	 107.637064713 	 1 	 0 	 1 	 0 
280.659		201.052 	 41.4102168961 	 9.52787347744 	 1 	 1 	 1 	 0 
290.619		205.693 	 -127.496714655 	 3.32054383716 	 1 	 1 	 1 	 0 
302.34		210 	 -65.9185178732 	 102.769283926 	 1 	 1 	 1 	 1 
290.619		214.307 	 316.265664106 	 -166.454800448 	 1 	 0 	 1 	 1 
280.658		218.948 	 -82.7368075382 	 -95.762440708 	 0 	 1 	 1 	 0 
272.656		223.898 	 152.198229569 	 -81.8995083165 	 1 	 1 	 1 	 -1 
266.79		229.107 	 -148.828940971 	 -155.544483998 	 0 	 1 	 1 	 0 
263.206		234.504 	 120.06511149 	 -48.8148336617 	 0 	 1 	 1 	 -1 
262		240 	 -175.489353785 	 -169.687885929 	 0 	 0 	 1 	 -1 
263.206		245.496 	 186.070349075 	 155.450563295 	 0 	 0 	 1 	 -1 
266.789		250.893 	 -144.221865185 	 130.055224387 	 1 	 0 	 1 	 0 
272.656		256.102 	 202.226972706 	 -4.86661815323 	 0 	 0 	 1 	 -1 
280.659		261.052 	 53.0940997116 	 -99.3082626591 	 0 	 0 	 1 	 0 
290.62		265.693 	 -171.218003505 	 157.028397504 	 1 	 1 	 1 	 -1 
302.34		270 	 -55.4978903893 	 47.3958494675 	 1 	 1 	 1 	 -1 
290.62		274.307 	 -59.4585867137 	 154.724964329 	 1 	 0 	 1 	 -1 
280.659		278.948 	 180.777516744 	 -76.567807124 	 1 	 0 	 1 	 1 
272.656		283.898 	 -198.004535862 	 -128.857624774 	 1 	 1 	 1 	 0 
266.789		289.107 	 91.1586227494 	 -50.0930068031 	 0 	 1 	 1 	 1 
263.206		294.504 	 -36.6872072768 	 -87.7802692264 	 1 	 0 	 1 	 1 
262		300 	 197.327303342 	 70.3052085391 	 0 	 1 	 1 	 0 
263.206		305.496 	 -239.066300545 	 -53.3438421981 	 1 	 0 	 1 	 1 
266.79		310.893 	 -97.0751591468 	 149.320475027 	 1 	 1 	 1 	 -1 
272.656		316.102 	 -232.972591963 	 -105.426207657 	 0 	 1 	 1 	 -1 
280.659		321.052 	 -218.110322288 	 -129.653391372 	 1 	 0 	 1 	 -1 
290.619		325.693 	 1.99504838942 	 -147.532598594 	 1 	 0 	 1 	 -1 
302.34		330 	 3.88399318971 	 6.68860192959 	 1 	 0 	 1 	 1 
315.62		333.963 	 98.1240635407 	 150.165297842 	 0 	 0 	 1 	 0 
305.457		338.213 	 -231.997147491 	 152.0682767 	 1 	 0 	 1 	 1 
297.071		342.731 	 11.4724721769 	 -67.921908152 	 1 	 1 	 1 	 0 
290.619		347.48 	 132.567797629 	 -46.3849066602 	 0 	 1 	 1 	 1 
286.236		352.411 	 -21.9470288613 	 43.2333024724 	 0 	 1 	 1 	 -1 
284.018		357.457 	 -31.9777214639 	 -162.429940988 	 0 	 0 	 1 	 -1 
284.018		2.54292 	 261.607230091 	 56.6350240699 	 1 	 0 	 1 	 -1 
286.236		7.58909 	 -99.9972544198 	 -33.5650777909 	 1 	 0 	 1 	 -1 
290.619		12.5198 	 -376.827123184 	 156.117649723 	 0 	 0 	 1 	 0 
297.071		17.2695 	 204.83822741 	 -119.423682481 	 1 	 0 	 1 	 0 
305.457		21.7868 	 128.734054096 	 -160.692150889 	 0 	 1 	 1 	 0 
315.62		26.0368 	 181.96780026 	 54.2734417911 	 1 	 1 	 1 	 -1 
327.39		30 	 -5.47677714671 	 -107.829829258 	 0 	 1 	 1 	 -1 
305.457		38.2132 	 -28.1285207946 	 -11.4935676783 	 1 	 0 	 1 	 1 
297.071		42.7305 	 -208.861761241 	 32.3766749971 	 0 	 1 	 1 	 0 
290.619		47.4802 	 -73.1086817781 	 -162.275359523 	 1 	 0 	 1 	 1 
286.236		52.4109 	 91.8721587871 	 39.9527099762 	 0 	 0 	 1 	 0 
284.018		57.4571 	 -68.7550462414 	 -116.565984769 	 0 	 1 	 1 	 0 
284.018		62.5429 	 284.653187202 	 -123.252028475 	 0 	 1 	 1 	 -1 
286.236		67.5891 	 -134.438816102 	 166.607798612 	 1 	 1 	 1 	 0 
290.619		72.5198 	 -99.343021966 	 43.5759261706 	 1 	 1 	 1 	 1 
297.071		77.2695 	 306.494952989 	 65.6664061954 	 1 	 1 	 1 	 -1 
305.457		81.7868 	 -246.426765954 	 18.6944499358 	 1 	 1 	 1 	 1 
315.62		86.0368 	 48.8217113188 	 -161.617659233 	 1 	 1 	 1 	 0 
327.39		90 	 246.08885909 	 -170.219214063 	 1 	 0 	 1 	 -1 
315.62		93.9632 	 -1.76812832128 	 91.1589674817 	 0 	 0 	 1 	 -1 
305.457		98.2132 	 106.696246824 	 -148.765882725 	 1 	 0 	 1 	 0 
297.071		102.731 	 -105.201665879 	 -156.613208034 	 1 	 0 	 1 	 -1 
290.619		107.48 	 334.058055928 	 35.537355541 	 0 	 1 	 1 	 0 
286.236		112.411 	 -37.1361533153 	 -52.7523618646 	 1 	 0 	 1 	 -1 
284.018		117.457 	 66.419043108 	 157.081895874 	 1 	 0 	 1 	 1 
284.018		122.543 	 37.4939914945 	 108.925959919 	 1 	 1 	 1 	 1 
286.236		127.589 	 -80.6093959879 	 134.62777248 	 0 	 0 	 1 	 -1 
290.62		132.52 	 -190.282130679 	 29.446703864 	 0 	 0 	 1 	 1 
297.071		137.269 	 60.7046611094 	 33.5583929546 	 0 	 1 	 1 	 1 
305.457		141.787 	 96.7300777633 	 -21.4258367287 	 1 	 1 	 1 	 0 
315.62		146.037 	 97.7573905078 	 157.119168223 	 0 	 1 	 1 	 1 
327.39		150 	 9.10390213742 	 -141.229103557 	 0 	 1 	 1 	 0 
315.619		153.963 	 192.091172806 	 83.953352651 	 1 	 1 	 1 	 0 
305.457		158.213 	 28.3964926454 	 113.898084501 	 1 	 1 	 1 	 1 
297.071		162.731 	 381.724492676 	 130.39987501 	 1 	 1 	 1 	 1 
290.62		167.48 	 -61.6298386339 	 67.3623594077 	 0 	 0 	 1 	 -1 
286.236		172.411 	 -44.725341506 	 70.4256827629 	 0 	 0 	 1 	 1 
284.019		177.457 	 61.7457499184 	 120.037373649 	 0 	 0 	 1 	 1 
284.019		182.543 	 -32.5772562248 	 141.191101667 	 0 	 1 	 1 	 1 
286.236		187.589 	 -280.506217187 	 -157.007022929 	 1 	 1 	 1 	 1 
290.62		192.52 	 35.4975842525 	 127.718422203 	 0 	 0 	 1 	 1 
297.071		197.269 	 -25.1353050047 	 -72.418858787 	 0 	 0 	 1 	 1 
305.457		201.787 	 -109.264169313 	 49.2787136037 	 1 	 0 	 1 	 0 
315.62		206.037 	 91.5862017648 	 -26.7707739233 	 0 	 1 	 1 	 0 
327.39		210 	 394.132292312 	 38.9132398711 	 0 	 1 	 1 	 1 
315.62		213.963 	 -53.7364081695 	 117.185073334 	 0 	 1 	 1 	 0 
305.457		218.213 	 -107.400111148 	 -139.5921062 	 1 	 0 	 1 	 1 
297.071		222.731 	 118.284317439 	 148.467041415 	 1 	 0 	 1 	 -1 
290.619		227.48 	 261.63060445 	 130.884649075 	 0 	 1 	 1 	 0 
286.236		232.411 	 45.7274082361 	 -4.65215813917 	 1 	 0 	 1 	 1 
284.018		237.457 	 163.556220573 	 -172.693595632 	 0 	 0 	 1 	 -1 
284.019		242.543 	 66.9811508698 	 -120.80435026 	 1 	 1 	 1 	 0 
286.236		247.589 	 -291.696966125 	 -72.0702914843 	 0 	 0 	 1 	 -1 
290.62		252.52 	 -371.639684747 	 156.426347977 	 0 	 1 	 1 	 1 
297.071		257.269 	 7.83996188152 	 118.971214905 	 1 	 0 	 1 	 1 
305.457		261.787 	 323.023060039 	 161.80120436 	 0 	 0 	 1 	 1 
315.62		266.037 	 -101.427982583 	 -109.406271351 	 0 	 1 	 1 	 -1 
327.39		270 	 -163.67082922 	 -71.0377956748 	 1 	 1 	 1 	 1 
315.62		273.963 	 -232.858448158 	 -126.635817713 	 0 	 0 	 1 	 1 
305.457		278.213 	 -159.027492008 	 116.434103134 	 1 	 0 	 1 	 1 
297.071		282.731 	 -165.97147176 	 -38.4227128563 	 0 	 1 	 1 	 1 
290.62		287.48 	 200.125639343 	 -62.9647950313 	 0 	 1 	 1 	 -1 
286.236		292.411 	 -116.631518436 	 -14.0104180902 	 0 	 0 	 1 	 0 
284.019		297.457 	 202.239501016 	 -132.620323673 	 0 	 1 	 1 	 0 
284.018		302.543 	 -48.5171073904 	 77.9951323829 	 1 	 0 	 1 	 0 
286.236		307.589 	 53.4883756675 	 131.350426722 	 0 	 0 	 1 	 -1 
290.619		312.52 	 -230.180775601 	 171.205932825 	 0 	 0 	 1 	 0 
297.071		317.269 	 202.338328274 	 -13.7544629021 	 1 	 0 	 1 	 0 
305.457		321.787 	 -89.4400897688 	 -144.022952649 	 0 	 0 	 1 	 1 
327.39		330 	 118.045489206 	 96.332079002 	 1 	 1 	 1 	 1 
340.597		333.67 	 -88.3670738645 	 -176.295285578 	 0 	 1 	 1 	 -1 
330.266		337.589 	 118.111053457 	 31.5688345969 	 1 	 1 	 1 	 -1 
321.56		341.742 	 57.5288047991 	 -6.4188498346 	 1 	 0 	 1 	 1 
314.619		346.102 	 101.368996129 	 -41.9433654978 	 0 	 1 	 1 	 1 
309.563		350.633 	 -258.242176628 	 -135.485832184 	 1 	 0 	 1 	 0 
306.489		355.285 	 -76.0947322735 	 -123.548653599 	 1 	 0 	 1 	 0 
305.457		0 	 22.3574919883 	 113.743032831 	 0 	 1 	 1 	 1 
306.489		4.715 	 -120.219250006 	 -176.480350387 	 1 	 0 	 1 	 -1 
309.563		9.367 	 -117.499653537 	 86.3091980722 	 0 	 0 	 1 	 0 
314.619		13.8979 	 12.6786080267 	 168.696741414 	 0 	 1 	 1 	 1 
321.56		18.2585 	 34.0736081474 	 -76.2368537164 	 0 	 0 	 1 	 -1 
330.266		22.4109 	 268.963327663 	 127.0173622 	 0 	 1 	 1 	 1 
340.597		26.3295 	 55.668283372 	 109.161009279 	 0 	 0 	 1 	 1 
352.406		30 	 75.9251724285 	 -77.3450297032 	 1 	 0 	 1 	 0 
340.597		33.6705 	 86.1903963065 	 -92.1908082975 	 0 	 1 	 1 	 -1 
330.266		37.5891 	 40.6410181381 	 129.034222851 	 0 	 0 	 1 	 0 
321.56		41.7415 	 -152.364525138 	 96.9041018056 	 0 	 1 	 1 	 -1 
314.619		46.1021 	 -23.623373873 	 -4.20447715507 	 1 	 0 	 1 	 1 
309.563		50.633 	 212.543567595 	 -2.41973048714 	 0 	 0 	 1 	 0 
306.489		55.285 	 -124.804163918 	 -37.3371934821 	 0 	 0 	 1 	 -1 
305.457		60 	 -233.974343408 	 -25.1027924325 	 1 	 0 	 1 	 -1 
306.489		64.715 	 210.497185774 	 5.01552333246 	 1 	 1 	 1 	 1 
309.563		69.367 	 93.7148698726 	 -31.5065053128 	 0 	 0 	 1 	 1 
314.619		73.8979 	 187.51093019 	 132.486241499 	 0 	 0 	 1 	 1 
321.56		78.2585 	 -68.869841355 	 148.454577758 	 1 	 0 	 1 	 0 
330.266		82.4109 	 -52.1977139157 	 -3.25387152407 	 1 	 0 	 1 	 1 
340.597		86.3295 	 122.453795864 	 -149.072106902 	 0 	 1 	 1 	 0 
352.406		90 	 -11.94051719 	 -138.176400957 	 1 	 0 	 1 	 -1 
340.597		93.6705 	 -160.6878871 	 -66.1792174265 	 1 	 0 	 1 	 0 
330.266		97.5891 	 -20.2466217683 	 100.409982471 	 0 	 1 	 1 	 -1 
321.56		101.742 	 -207.038159992 	 -127.435459241 	 0 	 0 	 1 	 -1 
314.619		106.102 	 -36.9778323481 	 -101.297968869 	 1 	 1 	 1 	 0 
309.563		110.633 	 -20.2397974269 	 28.2751494242 	 0 	 0 	 1 	 1 
306.489		115.285 	 311.571796354 	 145.586700047 	 1 	 0 	 1 	 0 
305.457		120 	 104.504895446 	 173.655590654 	 0 	 0 	 1 	 0 
306.489		124.715 	 -15.1242481479 	 -148.561236725 	 0 	 1 	 1 	 1 
309.563		129.367 	 -130.874572422 	 54.4121549544 	 0 	 1 	 1 	 0 
314.619		133.898 	 -24.3105763835 	 -178.302896668 	 1 	 1 	 1 	 1 
321.56		138.258 	 39.9986539314 	 91.6363120066 	 1 	 1 	 1 	 -1 
330.266		142.411 	 -86.1100170746 	 -32.7334816205 	 1 	 0 	 1 	 -1 
340.597		146.329 	 -313.156506309 	 -123.717801405 	 0 	 0 	 1 	 0 
352.406		150 	 -75.4307628843 	 137.632614709 	 1 	 0 	 1 	 1 
340.597		153.671 	 80.0597399537 	 -90.7877285594 	 1 	 1 	 1 	 -1 
330.266		157.589 	 167.061047243 	 -138.705146404 	 0 	 1 	 1 	 -1 
321.561		161.742 	 128.625222533 	 -1.64336591664 	 1 	 0 	 1 	 1 
314.618		166.102 	 42.070041168 	 19.6174809316 	 0 	 1 	 1 	 -1 
309.563		170.633 	 61.2028599122 	 89.4115500055 	 1 	 1 	 1 	 1 
306.488		175.285 	 168.169630346 	 -146.200589022 	 0 	 0 	 1 	 -1 
305.457		180 	 162.916746073 	 -85.4151266234 	 1 	 1 	 1 	 1 
306.488		184.715 	 264.673380214 	 -52.8058843852 	 0 	 1 	 1 	 1 
309.563		189.367 	 185.691872646 	 66.4779103406 	 0 	 0 	 1 	 0 
314.618		193.898 	 163.865265291 	 172.151856786 	 1 	 1 	 1 	 -1 
321.561		198.258 	 -122.706621475 	 -111.216370309 	 1 	 0 	 1 	 -1 
330.266		202.411 	 -11.9665071042 	 -136.714018441 	 1 	 1 	 1 	 0 
340.597		206.329 	 53.3760314043 	 -8.3941118701 	 0 	 1 	 1 	 1 
352.406		210 	 58.328522114 	 35.8436711698 	 0 	 0 	 1 	 1 
330.266		217.589 	 1.47839762871 	 64.4373757797 	 0 	 0 	 1 	 -1 
321.56		221.742 	 -271.181946341 	 -155.745424267 	 0 	 1 	 1 	 1 
314.619		226.102 	 -126.193307173 	 47.5299228108 	 0 	 0 	 1 	 1 
309.563		230.633 	 -3.935835495 	 152.82559634 	 1 	 1 	 1 	 -1 
306.489		235.285 	 -154.402518679 	 -53.0056518432 	 0 	 1 	 1 	 0 
305.456		240 	 -125.318695374 	 45.8593949434 	 0 	 0 	 1 	 1 
306.488		244.715 	 -258.862037729 	 -142.190779381 	 0 	 1 	 1 	 -1 
309.563		249.367 	 -69.5804687732 	 5.56928094062 	 0 	 1 	 1 	 0 
314.619		253.898 	 -93.2418492929 	 109.153880532 	 1 	 0 	 1 	 0 
321.56		258.258 	 148.611366911 	 -94.808155036 	 0 	 0 	 1 	 -1 
330.266		262.411 	 -35.6508438287 	 -4.6355517017 	 1 	 1 	 1 	 1 
340.597		266.33 	 -14.8188089093 	 65.7268809299 	 0 	 0 	 1 	 0 
340.597		273.671 	 -181.738730372 	 93.4733325798 	 1 	 1 	 1 	 -1 
330.266		277.589 	 -157.343083586 	 -157.368046239 	 1 	 0 	 1 	 1 
321.56		281.742 	 -52.0492261601 	 -10.9347855985 	 0 	 1 	 1 	 0 
314.619		286.102 	 183.842147676 	 -159.580432132 	 0 	 0 	 1 	 1 
309.563		290.633 	 240.9960276 	 32.1616150157 	 0 	 0 	 1 	 1 
306.488		295.285 	 431.309474156 	 -67.062798523 	 1 	 1 	 1 	 0 
305.457		300 	 -18.3664559577 	 47.8858565033 	 1 	 1 	 1 	 1 
306.489		304.715 	 75.7730899427 	 77.8880018493 	 1 	 1 	 1 	 0 
309.563		309.367 	 281.657936773 	 -94.6923270825 	 0 	 1 	 1 	 1 
314.619		313.898 	 94.2269219202 	 -76.1089492784 	 1 	 1 	 1 	 1 
321.56		318.258 	 100.191352544 	 79.8525045611 	 1 	 1 	 1 	 1 
330.266		322.411 	 -309.670769156 	 121.333415486 	 1 	 0 	 1 	 1 
340.597		326.33 	 453.410838152 	 -159.221240532 	 1 	 1 	 1 	 0 
352.406		330 	 240.739600043 	 179.59035547 	 0 	 0 	 1 	 -1 
365.546		333.418 	 31.8060383027 	 148.413034427 	 0 	 0 	 1 	 -1 
355.074		337.053 	 -362.042906226 	 -154.441412607 	 1 	 0 	 1 	 0 
346.099		340.893 	 -76.9788223704 	 -165.604976799 	 1 	 0 	 1 	 0 
338.742		344.921 	 187.463870741 	 -89.9041085461 	 1 	 1 	 1 	 0 
333.116		349.107 	 -126.75515264 	 166.326010196 	 1 	 1 	 1 	 -1 
329.31		353.413 	 244.46857175 	 12.1141163362 	 0 	 0 	 1 	 1 
327.39		357.796 	 71.6762569796 	 -6.444571008 	 1 	 0 	 1 	 0 
327.39		2.20423 	 67.6888227921 	 66.6912831325 	 0 	 1 	 1 	 0 
329.31		6.58678 	 81.9741637742 	 126.017216473 	 0 	 0 	 1 	 -1 
333.116		10.8934 	 70.3533970148 	 -109.100909001 	 1 	 1 	 1 	 1 
338.742		15.0791 	 -498.472106782 	 150.881642816 	 0 	 0 	 1 	 -1 
346.099		19.1066 	 231.414920113 	 -34.282329624 	 0 	 0 	 1 	 0 
355.074		22.9473 	 -203.791783112 	 -30.8795807706 	 0 	 0 	 1 	 0 
365.546		26.582 	 -241.548194239 	 47.5142115881 	 0 	 1 	 1 	 0 
377.385		30 	 -259.333490633 	 32.6035799829 	 1 	 0 	 1 	 -1 
365.546		33.418 	 218.9608506 	 -61.7483971235 	 1 	 0 	 1 	 -1 
355.074		37.0527 	 109.702584323 	 167.309983608 	 1 	 1 	 1 	 0 
346.099		40.8934 	 -50.8705210667 	 113.336482635 	 0 	 1 	 1 	 1 
338.743		44.9209 	 5.14815387439 	 -99.6967911298 	 1 	 0 	 1 	 1 
333.116		49.1066 	 164.199029861 	 3.74325198515 	 0 	 0 	 1 	 1 
329.31		53.4132 	 -9.21189224156 	 67.4329773099 	 1 	 1 	 1 	 1 
327.39		57.7958 	 -141.975686649 	 84.7542923742 	 1 	 0 	 1 	 1 
327.39		62.2042 	 239.815088487 	 125.116995371 	 1 	 1 	 1 	 1 
329.31		66.5868 	 181.161408608 	 -13.8301649574 	 0 	 1 	 1 	 0 
333.116		70.8934 	 -143.492067058 	 133.837679063 	 1 	 0 	 1 	 1 
338.742		75.0791 	 -167.798120975 	 -13.5713229336 	 1 	 0 	 1 	 1 
346.099		79.1066 	 -117.479133125 	 -80.7376401504 	 0 	 0 	 1 	 0 
355.074		82.9473 	 -189.298933035 	 -15.6784188508 	 1 	 0 	 1 	 0 
