25.2587		30 	 16.1390092449 	 43.8116486103 	 0 	 1 	 1 	 -1 
25.2587		90 	 77.346261384 	 -120.61570102 	 0 	 1 	 1 	 -1 
25.2587		150 	 -93.2015719806 	 108.811320837 	 1 	 0 	 1 	 -1 
25.2587		210 	 -115.473869411 	 -95.0176722149 	 0 	 0 	 1 	 0 
25.2587		270 	 450.284020336 	 141.390163665 	 0 	 0 	 1 	 -1 
43.7478		0 	 -209.695082909 	 39.5851784363 	 0 	 0 	 1 	 -1 
50.5147		30 	 171.235522066 	 -15.5493296924 	 0 	 0 	 1 	 0 
43.7478		60 	 44.5861164421 	 -4.77807824994 	 0 	 0 	 1 	 -1 
50.5147		90 	 -119.279519197 	 32.3126750328 	 1 	 0 	 1 	 0 
43.7478		120 	 -219.806166715 	 -54.5126903259 	 1 	 0 	 1 	 0 
50.5147		150 	 -324.19565334 	 -75.8843721259 	 1 	 0 	 1 	 0 
43.7478		180 	 -281.339308723 	 61.584701897 	 0 	 1 	 1 	 1 
50.5147		210 	 -14.0828473154 	 50.2487710103 	 0 	 1 	 1 	 -1 
43.7478		240 	 99.8199813035 	 104.625973464 	 0 	 1 	 1 	 1 
43.7478		300 	 77.8323376977 	 62.7503788391 	 0 	 0 	 1 	 -1 
50.5148		330 	 -14.793652678 	 -131.331570161 	 0 	 0 	 1 	 0 
66.8212		349.107 	 193.545712706 	 -65.9208732038 	 0 	 0 	 1 	 0 
66.8212		10.8934 	 59.6576842852 	 136.777810745 	 1 	 0 	 1 	 -1 
75.7654		30 	 -19.9728891962 	 32.528194929 	 0 	 0 	 1 	 -1 
66.8212		49.1066 	 -114.430266781 	 54.9250636981 	 1 	 0 	 1 	 1 
66.8212		70.8934 	 195.82116825 	 -127.078048515 	 1 	 1 	 1 	 -1 
75.7654		90 	 8.28451515715 	 -55.6056916975 	 1 	 1 	 1 	 0 
66.8212		109.107 	 -64.5612835533 	 -93.0574951854 	 1 	 1 	 1 	 -1 
66.8212		130.893 	 -30.4936341677 	 119.06892953 	 0 	 0 	 1 	 0 
75.7654		150 	 105.425815022 	 164.926329639 	 0 	 0 	 1 	 -1 
66.8212		169.107 	 -103.411979497 	 62.6429757013 	 0 	 0 	 1 	 -1 
66.8212		190.893 	 14.9241438169 	 -92.3201101535 	 1 	 0 	 1 	 1 
66.8212		229.107 	 134.429699463 	 -116.307263642 	 0 	 0 	 1 	 1 
66.8212		250.893 	 64.8452653677 	 -32.3477673164 	 1 	 1 	 1 	 -1 
75.7654		270 	 -17.2748031978 	 -70.9790683483 	 0 	 0 	 1 	 0 
66.8212		289.107 	 20.2887594981 	 160.478861634 	 1 	 0 	 1 	 1 
66.8212		310.893 	 36.1294771011 	 -14.617425663 	 1 	 1 	 1 	 1 
75.7654		330 	 -177.511701015 	 -95.5740695079 	 1 	 1 	 1 	 0 
91.0523		343.898 	 -320.260540224 	 104.521922188 	 0 	 0 	 1 	 0 
87.4818		0 	 -30.1129987151 	 168.836221891 	 0 	 1 	 1 	 -1 
91.0523		16.1021 	 -73.0961066315 	 -132.074231547 	 0 	 1 	 1 	 0 
101.008		30 	 -166.998197941 	 103.580672931 	 0 	 0 	 1 	 0 
91.0523		43.8979 	 -194.06733025 	 -114.719220658 	 1 	 0 	 1 	 1 
87.4818		60 	 127.297139147 	 93.5230051792 	 1 	 1 	 1 	 0 
91.0523		76.1021 	 -100.492333648 	 29.3612561704 	 0 	 0 	 1 	 1 
91.0523		103.898 	 234.29735314 	 146.648529657 	 0 	 1 	 1 	 -1 
87.4818		120 	 275.011401943 	 159.76282339 	 1 	 0 	 1 	 -1 
91.0523		136.102 	 92.5130009859 	 36.381938482 	 1 	 1 	 1 	 0 
91.0523		163.898 	 2.49453720248 	 87.1207809974 	 1 	 0 	 1 	 1 
87.4818		180 	 71.3514922454 	 -175.042600817 	 0 	 1 	 1 	 0 
91.0523		196.102 	 236.720098118 	 151.790381596 	 0 	 1 	 1 	 0 
101.008		210 	 47.0881271857 	 97.4781321278 	 0 	 0 	 1 	 0 
91.0523		223.898 	 9.56546711791 	 33.0713628882 	 1 	 1 	 1 	 1 
87.4818		240 	 34.9840082461 	 -85.6375760444 	 1 	 1 	 1 	 1 
91.0523		256.102 	 -110.709981526 	 124.898625659 	 0 	 0 	 1 	 -1 
101.008		270 	 4.82863503218 	 -137.29977346 	 0 	 1 	 1 	 0 
91.0523		283.898 	 122.068135823 	 -85.9504432216 	 1 	 1 	 1 	 1 
87.4817		300 	 -122.113006086 	 -176.184659311 	 1 	 1 	 1 	 1 
91.0523		316.102 	 -19.2589799107 	 177.821016578 	 0 	 1 	 1 	 -1 
101.008		330 	 129.158151322 	 -59.361357583 	 1 	 1 	 1 	 1 
115.709		340.893 	 26.7545368033 	 131.096598139 	 0 	 1 	 1 	 0 
110.065		353.413 	 15.1818353602 	 -175.476511669 	 1 	 0 	 1 	 1 
110.065		6.58677 	 189.962183836 	 114.48035069 	 0 	 1 	 1 	 1 
115.709		19.1066 	 -197.776425029 	 -28.2621153184 	 0 	 1 	 1 	 -1 
126.24		30 	 -65.562800814 	 170.634419442 	 1 	 0 	 1 	 1 
115.709		40.8934 	 -56.8756722931 	 136.000010786 	 1 	 0 	 1 	 -1 
110.065		53.4132 	 68.3893572164 	 16.5653792324 	 0 	 0 	 1 	 0 
110.065		66.5868 	 -127.427549669 	 -12.1208023425 	 1 	 0 	 1 	 -1 
115.709		79.1066 	 -64.6774066602 	 -158.057927345 	 0 	 1 	 1 	 -1 
126.24		90 	 169.20157458 	 33.0590711041 	 1 	 1 	 1 	 -1 
115.709		100.893 	 85.5935349181 	 -49.1343566773 	 1 	 0 	 1 	 0 
110.065		113.413 	 -183.114633992 	 -136.342921313 	 1 	 1 	 1 	 0 
110.065		126.587 	 -60.9847178992 	 -89.7441355578 	 1 	 1 	 1 	 -1 
115.709		139.107 	 164.345267557 	 -123.070671959 	 1 	 0 	 1 	 0 
126.24		150 	 -48.1692435498 	 93.5301771143 	 0 	 0 	 1 	 -1 
115.709		160.893 	 -148.932226525 	 136.235175233 	 1 	 1 	 1 	 0 
110.066		173.413 	 -132.356316265 	 -122.98563898 	 0 	 0 	 1 	 1 
110.066		186.587 	 -181.888973436 	 -15.0552216269 	 1 	 1 	 1 	 0 
115.709		199.107 	 160.861168023 	 -0.470321307943 	 0 	 1 	 1 	 -1 
126.24		210 	 293.933249668 	 75.5112962966 	 1 	 1 	 1 	 0 
115.709		220.893 	 164.759020055 	 -4.83358988093 	 0 	 1 	 1 	 -1 
110.065		233.413 	 -72.0866658027 	 45.4214335254 	 1 	 0 	 1 	 -1 
110.065		246.587 	 156.269848502 	 165.405543948 	 1 	 1 	 1 	 0 
115.709		259.107 	 -32.0938742376 	 -0.771186333853 	 1 	 1 	 1 	 -1 
126.24		270 	 -43.2228895971 	 -148.894190882 	 1 	 1 	 1 	 0 
115.709		280.893 	 63.395004803 	 137.604971997 	 0 	 0 	 1 	 -1 
110.065		293.413 	 -137.432507352 	 11.1288192343 	 0 	 1 	 1 	 1 
110.065		306.587 	 197.930723517 	 10.8888504598 	 1 	 0 	 1 	 0 
115.709		319.107 	 -64.6232497998 	 -139.422765022 	 1 	 1 	 1 	 0 
126.24		330 	 105.602492908 	 -19.4445310307 	 1 	 1 	 1 	 0 
140.56		338.948 	 175.202406317 	 13.1506508437 	 1 	 1 	 1 	 -1 
133.593		349.107 	 -190.056440766 	 -12.2187778217 	 0 	 0 	 1 	 1 
131.188		0 	 -143.895938959 	 -0.883162036269 	 1 	 0 	 1 	 -1 
133.593		10.8934 	 295.69417285 	 80.6582090741 	 0 	 0 	 1 	 1 
140.56		21.0517 	 -18.906594405 	 -166.72479461 	 1 	 0 	 1 	 0 
151.459		30 	 -91.8131872308 	 43.2467560657 	 1 	 1 	 1 	 0 
140.56		38.9483 	 -89.4168407432 	 105.348532969 	 1 	 1 	 1 	 1 
133.593		49.1066 	 -229.795784712 	 45.4704038814 	 0 	 1 	 1 	 0 
131.188		60 	 42.0535027002 	 175.074521199 	 0 	 0 	 1 	 0 
133.593		70.8934 	 -131.784705867 	 32.2365126105 	 0 	 0 	 1 	 0 
140.56		81.0517 	 -121.831665643 	 -13.5000121811 	 0 	 1 	 1 	 0 
151.459		90 	 51.9142636474 	 -25.4997137499 	 0 	 1 	 1 	 -1 
140.56		98.9483 	 -133.98754919 	 117.828248645 	 0 	 1 	 1 	 1 
133.593		109.107 	 20.9878591646 	 127.343560207 	 1 	 1 	 1 	 -1 
131.188		120 	 -205.072170752 	 15.4945350046 	 1 	 0 	 1 	 -1 
133.593		130.893 	 -106.453562186 	 9.53317156892 	 0 	 1 	 1 	 1 
140.56		141.052 	 80.2875612137 	 160.683607406 	 1 	 1 	 1 	 1 
151.459		150 	 -17.2723657837 	 136.344257062 	 1 	 1 	 1 	 1 
140.56		158.948 	 410.434184778 	 168.434613587 	 1 	 1 	 1 	 1 
133.593		169.107 	 -37.3812439356 	 100.265790994 	 0 	 1 	 1 	 -1 
131.188		180 	 -159.730206575 	 99.3042726722 	 0 	 1 	 1 	 -1 
133.593		190.893 	 422.518276174 	 94.8097032404 	 1 	 1 	 1 	 -1 
140.56		201.052 	 -2.07008661923 	 -151.680380975 	 1 	 0 	 1 	 0 
151.459		210 	 78.6454022071 	 -147.548351568 	 0 	 0 	 1 	 1 
140.56		218.948 	 -58.3083078398 	 -81.4956838118 	 1 	 0 	 1 	 0 
133.593		229.107 	 45.1588439688 	 -108.97748615 	 1 	 1 	 1 	 0 
131.188		240 	 -72.4563176851 	 139.316832611 	 0 	 1 	 1 	 1 
133.592		250.893 	 -243.632280443 	 -26.6363944794 	 1 	 1 	 1 	 1 
140.56		261.052 	 -184.166571034 	 -80.5234194885 	 0 	 0 	 1 	 -1 
151.459		270 	 -54.5823757599 	 17.0581591025 	 0 	 0 	 1 	 1 
140.56		278.948 	 -54.5527294532 	 37.6249642909 	 0 	 1 	 1 	 0 
133.592		289.107 	 74.8702058308 	 30.5993630764 	 1 	 1 	 1 	 1 
131.188		300 	 111.191038787 	 -60.8482695673 	 1 	 1 	 1 	 1 
133.593		310.893 	 235.155657287 	 110.025640074 	 0 	 1 	 1 	 0 
140.56		321.052 	 222.333092788 	 53.0238166977 	 1 	 0 	 1 	 0 
151.459		330 	 21.3956607113 	 -55.2011933584 	 0 	 1 	 1 	 0 
165.51		337.589 	 -70.3179905441 	 -60.2082132675 	 1 	 0 	 1 	 1 
157.635		346.102 	 -162.448402026 	 -111.559433678 	 0 	 1 	 1 	 1 
153.545		355.285 	 -566.53530682 	 112.777352921 	 0 	 0 	 1 	 0 
153.545		4.715 	 72.6815067571 	 -31.1928705564 	 1 	 1 	 1 	 1 
157.635		13.8979 	 166.931474938 	 -158.36191515 	 1 	 1 	 1 	 1 
165.51		22.4109 	 -24.7091381079 	 -149.892920756 	 0 	 1 	 1 	 1 
176.661		30 	 102.25510402 	 -99.1707902333 	 0 	 0 	 1 	 -1 
165.51		37.5891 	 -98.300585649 	 -30.2350908189 	 1 	 0 	 1 	 -1 
157.635		46.1021 	 198.373190204 	 66.2138809512 	 1 	 0 	 1 	 0 
153.545		55.285 	 97.411695394 	 37.7220377976 	 1 	 1 	 1 	 1 
153.545		64.715 	 -236.948533571 	 36.8624758654 	 1 	 1 	 1 	 -1 
157.635		73.8979 	 -148.999531368 	 51.7491166425 	 1 	 1 	 1 	 1 
165.51		82.4109 	 -103.662921264 	 73.6574533836 	 0 	 1 	 1 	 1 
176.661		90 	 5.35923232294 	 -153.846162743 	 1 	 0 	 1 	 1 
165.51		97.5891 	 198.706229601 	 -139.935214892 	 1 	 1 	 1 	 0 
157.635		106.102 	 66.6341553729 	 142.430711655 	 1 	 0 	 1 	 0 
153.545		115.285 	 158.925788321 	 117.503115604 	 1 	 0 	 1 	 1 
153.545		124.715 	 -13.2532458569 	 79.0435171724 	 0 	 0 	 1 	 0 
157.635		133.898 	 -88.325854325 	 -171.259852712 	 1 	 0 	 1 	 1 
165.51		142.411 	 -16.635967086 	 -47.1095968768 	 0 	 0 	 1 	 0 
176.661		150 	 -38.4788905099 	 -51.2239796324 	 1 	 1 	 1 	 1 
165.509		157.589 	 241.636308716 	 158.707967434 	 0 	 1 	 1 	 -1 
157.635		166.102 	 -209.0450802 	 -173.187745512 	 0 	 1 	 1 	 -1 
153.546		175.285 	 -0.683493583899 	 152.684111808 	 0 	 0 	 1 	 0 
153.546		184.715 	 68.5434596662 	 8.42845392262 	 1 	 1 	 1 	 -1 
157.635		193.898 	 -104.835766395 	 -83.0280687479 	 0 	 0 	 1 	 1 
165.509		202.411 	 -371.606398051 	 15.8206568259 	 1 	 0 	 1 	 1 
165.51		217.589 	 -349.386624334 	 71.8862723464 	 1 	 0 	 1 	 -1 
157.635		226.102 	 -71.2511205094 	 138.259428414 	 1 	 0 	 1 	 1 
153.545		235.285 	 -121.422220784 	 -35.8614445721 	 1 	 1 	 1 	 -1 
153.545		244.715 	 55.3868416522 	 -129.308766833 	 1 	 1 	 1 	 1 
157.635		253.898 	 -234.273650079 	 122.690548381 	 0 	 0 	 1 	 -1 
165.51		262.411 	 170.563343958 	 46.600082114 	 1 	 1 	 1 	 1 
176.661		270 	 -11.1943435801 	 134.888871315 	 0 	 1 	 1 	 1 
165.51		277.589 	 -40.0543221794 	 -168.512806023 	 1 	 1 	 1 	 -1 
157.635		286.102 	 65.4984760652 	 -2.06689163892 	 1 	 1 	 1 	 0 
153.545		295.285 	 -98.322084686 	 125.903145058 	 1 	 0 	 1 	 0 
153.545		304.715 	 -56.9736154375 	 88.2124905523 	 0 	 0 	 1 	 1 
157.635		313.898 	 -171.415866167 	 -25.9611085671 	 0 	 0 	 1 	 0 
165.51		322.411 	 -157.961190776 	 17.4033907707 	 1 	 0 	 1 	 -1 
176.661		330 	 304.763446318 	 175.64592548 	 0 	 1 	 1 	 1 
190.511		336.587 	 201.183163163 	 -146.291138819 	 1 	 0 	 1 	 0 
181.979		343.898 	 227.396020349 	 111.476424732 	 0 	 0 	 1 	 0 
176.661		351.787 	 -120.204168923 	 -135.05671583 	 0 	 1 	 1 	 1 
174.852		0 	 29.5867156441 	 -119.036071909 	 0 	 1 	 1 	 1 
176.661		8.21321 	 -52.769547525 	 -119.170984427 	 1 	 0 	 1 	 -1 
181.979		16.1021 	 -333.203165177 	 -28.5354894328 	 1 	 1 	 1 	 1 
190.511		23.4132 	 -5.0617423928 	 0.0385401517351 	 1 	 0 	 1 	 -1 
201.845		30 	 -90.4393471794 	 -69.9714490095 	 1 	 1 	 1 	 0 
181.979		43.8979 	 40.9931478532 	 -158.691057606 	 1 	 0 	 1 	 0 
176.661		51.7868 	 -189.619728133 	 12.9978512698 	 0 	 1 	 1 	 -1 
174.852		60 	 74.3764243748 	 -153.340893708 	 0 	 1 	 1 	 1 
176.661		68.2132 	 -63.093973891 	 42.3979524442 	 1 	 0 	 1 	 -1 
181.979		76.1021 	 -319.658560624 	 -26.5645020157 	 0 	 1 	 1 	 0 
190.511		83.4132 	 -444.86721476 	 -159.394895822 	 0 	 0 	 1 	 -1 
201.845		90 	 130.831556562 	 -77.1027745883 	 0 	 1 	 1 	 -1 
190.511		96.5868 	 -227.725310689 	 -60.2240970809 	 0 	 1 	 1 	 1 
181.979		103.898 	 78.4428638643 	 17.145249196 	 1 	 0 	 1 	 1 
176.661		111.787 	 -47.5836446844 	 131.766064971 	 0 	 0 	 1 	 -1 
174.852		120 	 -36.0967089956 	 113.570833259 	 0 	 0 	 1 	 1 
176.661		128.213 	 173.34456661 	 95.7192612197 	 0 	 1 	 1 	 -1 
181.979		136.102 	 -68.6081965437 	 118.60130918 	 0 	 0 	 1 	 -1 
190.51		143.413 	 -184.436489703 	 -140.149520456 	 0 	 1 	 1 	 1 
201.845		150 	 -22.0351021576 	 80.3232428229 	 0 	 1 	 1 	 0 
190.511		156.587 	 230.299141968 	 109.97800465 	 0 	 1 	 1 	 0 
181.979		163.898 	 -23.183590738 	 -167.418289355 	 1 	 0 	 1 	 0 
176.661		171.787 	 -123.445466932 	 171.106738354 	 0 	 0 	 1 	 1 
174.852		180 	 -78.8707859449 	 -151.439324301 	 0 	 0 	 1 	 -1 
176.661		188.213 	 -10.3106395533 	 -67.7861794267 	 1 	 1 	 1 	 -1 
181.979		196.102 	 -38.5530776082 	 89.7933461753 	 0 	 0 	 1 	 0 
190.511		203.413 	 0.437987518089 	 160.021384755 	 1 	 1 	 1 	 1 
201.845		210 	 -96.7963970878 	 -93.7412020913 	 0 	 0 	 1 	 1 
190.51		216.587 	 -121.999081549 	 97.3655571862 	 1 	 1 	 1 	 -1 
181.979		223.898 	 -18.3258431999 	 134.885105577 	 1 	 1 	 1 	 1 
176.661		231.787 	 1.95011594642 	 -135.811124368 	 1 	 1 	 1 	 1 
174.853		240 	 -44.7098857332 	 146.580101652 	 1 	 1 	 1 	 0 
176.662		248.213 	 -53.8838542546 	 -179.219977389 	 1 	 0 	 1 	 0 
181.979		256.102 	 -41.8672433579 	 42.9182374433 	 1 	 0 	 1 	 1 
190.511		263.413 	 71.9603160546 	 134.954972366 	 0 	 0 	 1 	 1 
190.511		276.587 	 -123.065974334 	 -14.4919261801 	 0 	 1 	 1 	 -1 
181.979		283.898 	 -118.663246008 	 46.5296467436 	 0 	 0 	 1 	 -1 
176.662		291.787 	 -28.9452430232 	 32.0848600763 	 1 	 0 	 1 	 -1 
174.853		300 	 -212.278339934 	 58.16543965 	 1 	 0 	 1 	 -1 
176.661		308.213 	 -272.439737827 	 159.530927142 	 0 	 1 	 1 	 0 
181.979		316.102 	 231.938985723 	 12.794924307 	 1 	 0 	 1 	 -1 
190.511		323.413 	 65.6771490907 	 -141.293173706 	 0 	 1 	 1 	 -1 
201.845		330 	 -165.655641435 	 -18.4015067096 	 1 	 0 	 1 	 0 
215.536		335.818 	 23.0295205594 	 -177.721209629 	 1 	 1 	 1 	 0 
206.511		342.216 	 -40.5633115701 	 127.172905961 	 0 	 1 	 1 	 1 
200.265		349.107 	 -173.460579077 	 -148.431951884 	 0 	 0 	 1 	 -1 
197.068		356.329 	 -0.992430405571 	 -45.3304384925 	 0 	 1 	 1 	 1 
197.068		3.6705 	 166.745127162 	 54.8674585813 	 1 	 0 	 1 	 0 
200.265		10.8934 	 -84.0026191387 	 43.6572185768 	 1 	 1 	 1 	 0 
206.511		17.7836 	 -171.414983786 	 63.1446553456 	 0 	 1 	 1 	 0 
215.536		24.1825 	 53.7608322765 	 -72.0997914136 	 1 	 0 	 1 	 -1 
227.007		30 	 87.68302606 	 -141.282636658 	 1 	 1 	 1 	 0 
215.536		35.8175 	 151.957227909 	 120.646389942 	 1 	 1 	 1 	 0 
206.511		42.2164 	 77.4130789174 	 87.9386659678 	 1 	 1 	 1 	 0 
200.265		49.1066 	 -105.614730118 	 -111.892158951 	 0 	 0 	 1 	 -1 
197.068		56.3295 	 -110.761748685 	 78.0031625494 	 0 	 1 	 1 	 0 
197.068		63.6705 	 225.295735841 	 144.856795237 	 1 	 1 	 1 	 1 
200.265		70.8934 	 -8.09139072367 	 87.1428428249 	 0 	 1 	 1 	 -1 
206.511		77.7836 	 -7.4456461032 	 -10.9734857314 	 1 	 0 	 1 	 0 
215.536		84.1825 	 -104.960578213 	 -170.024622095 	 1 	 0 	 1 	 -1 
227.007		90 	 -37.9671120978 	 98.5561232945 	 0 	 0 	 1 	 0 
215.536		95.8175 	 71.8486866784 	 68.9851717017 	 1 	 1 	 1 	 0 
206.511		102.216 	 4.3201360603 	 -61.6093878953 	 1 	 0 	 1 	 0 
200.265		109.107 	 -224.484074801 	 166.66263487 	 0 	 0 	 1 	 -1 
197.068		116.33 	 -131.022667651 	 118.801697418 	 0 	 0 	 1 	 1 
197.068		123.671 	 256.030083573 	 73.2042737708 	 1 	 1 	 1 	 1 
200.265		130.893 	 -207.567833715 	 86.6832395084 	 1 	 0 	 1 	 -1 
206.51		137.784 	 -166.076495339 	 177.004298804 	 0 	 0 	 1 	 0 
215.536		144.182 	 278.341645135 	 56.4255394901 	 1 	 0 	 1 	 -1 
227.007		150 	 -144.831750569 	 41.1146626096 	 0 	 1 	 1 	 1 
215.536		155.818 	 -85.3630415748 	 -178.74640015 	 1 	 0 	 1 	 -1 
206.511		162.216 	 81.3823013362 	 90.7975415663 	 0 	 1 	 1 	 0 
200.266		169.107 	 164.958307005 	 -65.295253522 	 1 	 1 	 1 	 1 
197.068		176.33 	 -188.507802743 	 67.6608387325 	 0 	 1 	 1 	 0 
197.068		183.671 	 304.796421933 	 142.757824403 	 0 	 0 	 1 	 0 
200.266		190.893 	 127.147372407 	 98.6398836263 	 1 	 0 	 1 	 0 
206.511		197.784 	 -51.1670138223 	 -117.703543934 	 1 	 1 	 1 	 -1 
215.536		204.182 	 -445.604806116 	 137.336651116 	 1 	 0 	 1 	 0 
227.007		210 	 -13.8195651694 	 -114.230138505 	 0 	 1 	 1 	 1 
215.536		215.818 	 6.87338597525 	 -104.166072098 	 0 	 1 	 1 	 -1 
206.51		222.216 	 8.56865417182 	 3.25840773526 	 0 	 0 	 1 	 -1 
200.265		229.107 	 -174.571063351 	 132.831473603 	 1 	 1 	 1 	 1 
197.068		236.329 	 208.140712725 	 -157.068369511 	 0 	 0 	 1 	 -1 
197.068		243.671 	 22.6285682628 	 -55.0650750377 	 1 	 1 	 1 	 0 
200.265		250.893 	 -59.1769259957 	 97.66335545 	 0 	 0 	 1 	 -1 
206.51		257.784 	 0.886715631692 	 -153.164040254 	 1 	 0 	 1 	 0 
215.536		264.182 	 -148.562446942 	 21.2486697235 	 0 	 1 	 1 	 1 
227.007		270 	 358.406107264 	 91.9834207659 	 0 	 1 	 1 	 1 
215.536		275.818 	 -151.873155369 	 51.3144742763 	 0 	 0 	 1 	 0 
206.51		282.216 	 173.376306446 	 -0.529698859216 	 1 	 0 	 1 	 1 
200.265		289.107 	 -143.099819534 	 -28.8079307076 	 0 	 0 	 1 	 -1 
197.068		296.329 	 -6.38872764882 	 27.2885010622 	 1 	 1 	 1 	 1 
197.068		303.67 	 143.557411155 	 96.103793519 	 1 	 1 	 1 	 1 
200.265		310.893 	 26.7624943046 	 -12.5342183927 	 1 	 0 	 1 	 0 
206.511		317.784 	 13.1816753622 	 90.910176258 	 0 	 0 	 1 	 -1 
227.008		330 	 -115.131891599 	 -98.9919970124 	 1 	 1 	 1 	 0 
240.57		335.209 	 -181.381427265 	 -70.7402606268 	 1 	 1 	 1 	 -1 
231.161		340.893 	 -71.0780986646 	 159.188197575 	 0 	 0 	 1 	 -1 
224.195		346.996 	 -243.862118329 	 20.18089859 	 1 	 0 	 1 	 1 
219.909		353.413 	 -42.6079977547 	 -8.36489006207 	 1 	 1 	 1 	 -1 
218.461		0 	 -111.370818716 	 -143.645988184 	 1 	 0 	 1 	 1 
219.909		6.58678 	 -35.5317860568 	 162.962008153 	 0 	 0 	 1 	 0 
224.195		13.0039 	 -173.950889463 	 -175.826044687 	 1 	 1 	 1 	 1 
231.161		19.1066 	 51.7660055106 	 70.4158108845 	 0 	 0 	 1 	 0 
240.57		24.7913 	 1.37457272654 	 177.107452905 	 0 	 0 	 1 	 0 
252.146		30 	 298.814600638 	 148.474437311 	 0 	 0 	 1 	 0 
240.57		35.2087 	 54.600616307 	 80.2342703155 	 0 	 1 	 1 	 -1 
231.161		40.8934 	 -8.27378297339 	 -91.5267947871 	 0 	 1 	 1 	 -1 
224.195		46.9961 	 -42.2631808884 	 77.9861939362 	 1 	 0 	 1 	 1 
219.909		53.4132 	 115.804199244 	 -178.343539594 	 0 	 1 	 1 	 -1 
218.461		60 	 216.671463435 	 -47.2533381268 	 1 	 0 	 1 	 1 
219.909		66.5868 	 -262.151462164 	 57.9875651118 	 0 	 1 	 1 	 1 
224.195		73.0039 	 154.88694694 	 116.643245018 	 1 	 1 	 1 	 -1 
231.161		79.1066 	 -56.5281072717 	 152.51433719 	 1 	 1 	 1 	 -1 
240.57		84.7913 	 8.4780366605 	 -175.255406042 	 0 	 1 	 1 	 -1 
240.57		95.2087 	 -86.3427018699 	 -102.958645116 	 0 	 1 	 1 	 0 
231.161		100.893 	 -8.61947968291 	 85.9051606414 	 1 	 0 	 1 	 -1 
224.195		106.996 	 155.224671559 	 -101.750050318 	 1 	 1 	 1 	 0 
219.909		113.413 	 17.9824984701 	 -104.577029572 	 1 	 1 	 1 	 0 
218.461		120 	 -8.00810900063 	 120.21169615 	 1 	 1 	 1 	 1 
219.909		126.587 	 71.3679722016 	 8.73758156602 	 1 	 1 	 1 	 1 
224.195		133.004 	 -362.34742443 	 -134.480760188 	 0 	 0 	 1 	 1 
231.161		139.107 	 16.7302114692 	 -78.9164286558 	 0 	 1 	 1 	 0 
252.146		150 	 -182.344008639 	 161.819375336 	 1 	 1 	 1 	 0 
240.57		155.209 	 -112.903950164 	 85.4050253465 	 1 	 0 	 1 	 1 
231.16		160.893 	 305.714264917 	 -25.997088052 	 1 	 0 	 1 	 1 
224.196		166.996 	 -77.0833695109 	 62.6672546051 	 1 	 0 	 1 	 -1 
219.909		173.413 	 1.22725806431 	 -150.120079185 	 0 	 0 	 1 	 1 
218.461		180 	 -14.5305455194 	 75.4267446339 	 1 	 0 	 1 	 1 
219.909		186.587 	 33.2103877031 	 115.31604474 	 0 	 0 	 1 	 0 
224.196		193.004 	 -331.578372799 	 30.970466503 	 0 	 1 	 1 	 0 
231.16		199.107 	 -240.457133926 	 161.989922237 	 1 	 1 	 1 	 0 
240.57		204.791 	 -74.8377084167 	 55.4855920142 	 1 	 0 	 1 	 0 
252.146		210 	 -269.414598975 	 74.4497205055 	 1 	 1 	 1 	 1 
240.57		215.209 	 -6.73844452141 	 -107.149779025 	 1 	 0 	 1 	 1 
231.161		220.893 	 259.831998957 	 74.5369121135 	 1 	 0 	 1 	 -1 
224.196		226.996 	 -241.309734717 	 -13.9324582264 	 0 	 0 	 1 	 -1 
219.909		233.413 	 -117.344879031 	 45.2816242693 	 1 	 1 	 1 	 0 
218.461		240 	 154.202762666 	 -154.843569397 	 0 	 1 	 1 	 0 
219.909		246.587 	 -208.137614165 	 52.2960259344 	 0 	 0 	 1 	 0 
224.195		253.004 	 -121.415934783 	 114.749254693 	 0 	 0 	 1 	 1 
231.16		259.107 	 251.004146639 	 -105.866788525 	 1 	 0 	 1 	 0 
240.57		264.791 	 -155.691004459 	 -169.917714204 	 0 	 1 	 1 	 -1 
252.146		270 	 126.298062595 	 -87.4118518665 	 0 	 0 	 1 	 -1 
240.57		275.209 	 -250.904101665 	 -28.4243416584 	 0 	 0 	 1 	 -1 
231.16		280.893 	 153.078183925 	 155.802974515 	 1 	 0 	 1 	 -1 
224.195		286.996 	 -73.9914460337 	 18.8050523466 	 0 	 1 	 1 	 1 
219.909		293.413 	 96.4770081327 	 58.7558868012 	 0 	 0 	 1 	 -1 
218.461		300 	 120.697815537 	 101.064757247 	 1 	 0 	 1 	 1 
219.909		306.587 	 -91.7112980299 	 -122.201848957 	 0 	 1 	 1 	 -1 
224.196		313.004 	 147.256240672 	 -37.8437573498 	 0 	 1 	 1 	 -1 
231.161		319.107 	 -109.070032523 	 -56.3059150718 	 1 	 0 	 1 	 -1 
240.57		324.791 	 -181.647781475 	 51.3205993439 	 0 	 1 	 1 	 0 
252.146		330 	 186.511855387 	 -125.126299008 	 1 	 0 	 1 	 -1 
265.601		334.715 	 -142.948232862 	 -133.925678192 	 0 	 1 	 1 	 -1 
255.886		339.826 	 191.922041143 	 39.0231680738 	 1 	 1 	 1 	 1 
248.348		345.295 	 -60.0016516459 	 -107.212978369 	 0 	 0 	 1 	 0 
243.191		351.052 	 82.568808963 	 6.91533302189 	 0 	 1 	 1 	 1 
240.57		356.996 	 -45.5972186136 	 150.273327776 	 0 	 1 	 1 	 1 
240.57		3.00449 	 206.080208545 	 69.3192901351 	 0 	 1 	 1 	 -1 
243.191		8.94827 	 107.279679027 	 88.8230683111 	 1 	 0 	 1 	 -1 
248.348		14.7047 	 -136.387194172 	 1.91625005299 	 1 	 0 	 1 	 0 
255.886		20.1736 	 122.832242315 	 65.3004490911 	 0 	 1 	 1 	 -1 
265.601		25.285 	 68.2420164631 	 -157.64460508 	 1 	 1 	 1 	 0 
277.258		30 	 383.079185332 	 -159.686740272 	 1 	 1 	 1 	 0 
265.601		34.715 	 -115.197862868 	 49.7728961573 	 1 	 1 	 1 	 1 
255.887		39.8264 	 -121.557434959 	 -7.13559259335 	 1 	 1 	 1 	 -1 
248.348		45.2953 	 81.8655805251 	 175.167018495 	 1 	 1 	 1 	 1 
243.191		51.0517 	 -103.595270664 	 149.046288207 	 0 	 0 	 1 	 1 
240.57		56.9955 	 246.430697769 	 22.9122863378 	 0 	 0 	 1 	 0 
240.57		63.0045 	 327.271907209 	 12.3903751053 	 0 	 0 	 1 	 -1 
243.191		68.9483 	 131.306838326 	 -106.289720068 	 0 	 0 	 1 	 -1 
248.348		74.7047 	 -207.686611231 	 -66.5361424211 	 0 	 0 	 1 	 -1 
255.887		80.1736 	 97.0033645831 	 -86.0822400912 	 1 	 0 	 1 	 0 
265.601		85.285 	 -455.006087802 	 179.825520239 	 1 	 0 	 1 	 0 
277.257		90 	 -58.6347421895 	 -19.4692979568 	 0 	 1 	 1 	 0 
265.601		94.715 	 143.565963559 	 164.190859149 	 1 	 1 	 1 	 1 
255.887		99.8264 	 10.0188279285 	 -2.17582312214 	 1 	 1 	 1 	 -1 
248.348		105.295 	 60.16652798 	 -68.4996422407 	 0 	 1 	 1 	 1 
243.191		111.052 	 60.529024604 	 -71.8060846454 	 1 	 1 	 1 	 0 
240.57		116.996 	 -401.33321876 	 75.9773082029 	 1 	 0 	 1 	 0 
240.57		123.005 	 -181.753453829 	 -41.3765964536 	 1 	 0 	 1 	 1 
243.191		128.948 	 72.1174814989 	 39.3930256952 	 0 	 0 	 1 	 1 
248.348		134.705 	 281.753204181 	 -5.80947010435 	 1 	 0 	 1 	 -1 
255.887		140.174 	 10.4132041456 	 -89.1507261262 	 0 	 0 	 1 	 0 
265.6		145.285 	 -68.1873094374 	 -78.5367979574 	 1 	 0 	 1 	 1 
277.257		150 	 -189.452534173 	 -137.425411779 	 0 	 1 	 1 	 0 
265.601		154.715 	 48.8441319906 	 -126.055189862 	 0 	 0 	 1 	 0 
255.886		159.826 	 6.68458622773 	 68.5487518753 	 0 	 0 	 1 	 -1 
248.348		165.295 	 182.802768603 	 38.4133653162 	 1 	 1 	 1 	 0 
243.191		171.052 	 1.65372226424 	 60.9844333161 	 0 	 1 	 1 	 -1 
240.57		176.996 	 44.8782383256 	 170.202231924 	 1 	 0 	 1 	 1 
240.57		183.005 	 -373.541500707 	 81.8671060326 	 0 	 0 	 1 	 -1 
243.191		188.948 	 201.484065872 	 9.49099839853 	 0 	 1 	 1 	 -1 
248.348		194.705 	 144.1388611 	 -155.037723735 	 1 	 1 	 1 	 1 
255.886		200.174 	 62.1827912631 	 81.8287465518 	 1 	 0 	 1 	 1 
265.601		205.285 	 337.280499227 	 140.458355833 	 0 	 1 	 1 	 0 
277.258		210 	 -28.1274003449 	 120.534313941 	 0 	 1 	 1 	 -1 
265.6		214.715 	 -276.415620298 	 -68.9146180343 	 1 	 1 	 1 	 -1 
255.887		219.826 	 52.4001333244 	 -78.9175393294 	 0 	 1 	 1 	 -1 
248.348		225.295 	 205.424104028 	 142.496871102 	 0 	 0 	 1 	 1 
243.191		231.052 	 -303.827401099 	 -150.869722928 	 1 	 0 	 1 	 1 
240.57		236.995 	 18.3682187015 	 -46.6421473609 	 1 	 0 	 1 	 1 
240.57		243.004 	 72.0134051637 	 70.8778845484 	 1 	 0 	 1 	 -1 
243.19		248.948 	 -155.627927986 	 -56.2381553054 	 1 	 0 	 1 	 -1 
248.348		254.705 	 85.0084869525 	 -133.400931105 	 1 	 1 	 1 	 0 
255.886		260.174 	 3.24477642172 	 -111.730050299 	 0 	 1 	 1 	 1 
265.601		265.285 	 -0.388605237205 	 -31.9692668757 	 0 	 1 	 1 	 1 
277.258		270 	 347.92327115 	 121.300844383 	 1 	 0 	 1 	 1 
265.601		274.715 	 156.794081117 	 116.086168186 	 0 	 0 	 1 	 1 
255.886		279.826 	 121.73288111 	 -106.058901973 	 0 	 0 	 1 	 0 
248.348		285.295 	 -64.0255099218 	 -85.8698999849 	 1 	 1 	 1 	 0 
243.19		291.052 	 281.831106558 	 -131.711350538 	 0 	 1 	 1 	 0 
240.57		296.996 	 -132.782484714 	 -93.8255854694 	 1 	 0 	 1 	 1 
240.57		303.004 	 298.662026606 	 -171.271935248 	 0 	 1 	 1 	 0 
243.191		308.948 	 57.4564446857 	 167.334786514 	 0 	 1 	 1 	 -1 
248.348		314.705 	 115.999859835 	 -164.902842344 	 1 	 0 	 1 	 -1 
255.886		320.174 	 101.788383844 	 65.1129216702 	 1 	 0 	 1 	 -1 
265.6		325.285 	 7.83729034053 	 -60.3669450235 	 1 	 0 	 1 	 0 
277.258		330 	 -328.344184933 	 -26.0502216103 	 1 	 1 	 1 	 -1 
290.619		334.307 	 168.976567705 	 5.83351520238 	 0 	 1 	 1 	 -1 
280.659		338.948 	 -25.7967791421 	 -160.371229986 	 0 	 1 	 1 	 -1 
272.656		343.898 	 -3.85587050949 	 126.484070182 	 0 	 1 	 1 	 1 
266.79		349.107 	 266.925111571 	 58.5948366907 	 1 	 1 	 1 	 1 
263.206		354.504 	 -1.73449450487 	 141.726251373 	 1 	 1 	 1 	 -1 
262.001		0 	 -128.200747181 	 -115.703655696 	 0 	 1 	 1 	 -1 
263.206		5.49637 	 -278.180280212 	 -89.0449383472 	 0 	 0 	 1 	 1 
266.79		10.8934 	 -85.2993561202 	 -59.0957191641 	 0 	 0 	 1 	 1 
272.656		16.1021 	 104.390547977 	 163.80439265 	 1 	 1 	 1 	 1 
280.659		21.0517 	 48.8232231588 	 48.157334872 	 1 	 1 	 1 	 0 
290.619		25.6934 	 133.373218305 	 17.5559220027 	 1 	 0 	 1 	 0 
302.34		30 	 -8.35858772341 	 153.491371161 	 0 	 0 	 1 	 0 
290.619		34.3066 	 -73.5597979602 	 179.630921932 	 0 	 1 	 1 	 1 
280.659		38.9483 	 49.18669104 	 -119.394387842 	 1 	 0 	 1 	 -1 
272.656		43.8979 	 198.888234663 	 123.311314326 	 1 	 1 	 1 	 1 
266.789		49.1066 	 -1.82664908233 	 -159.276840408 	 1 	 1 	 1 	 1 
263.206		54.5036 	 118.874146017 	 25.99760015 	 0 	 0 	 1 	 0 
262.001		60 	 -89.8502177114 	 -118.080647695 	 0 	 0 	 1 	 1 
263.206		65.4964 	 61.5720778229 	 -65.3306179077 	 1 	 0 	 1 	 0 
266.79		70.8934 	 84.8186367762 	 106.275681676 	 0 	 1 	 1 	 -1 
272.656		76.1021 	 -279.319252102 	 157.97385323 	 0 	 0 	 1 	 0 
280.659		81.0517 	 139.298497847 	 23.7211342011 	 1 	 1 	 1 	 -1 
290.619		85.6934 	 -55.5509386242 	 -120.558405885 	 0 	 0 	 1 	 0 
302.34		90 	 93.1788009093 	 -26.69264512 	 0 	 0 	 1 	 -1 
290.619		94.3066 	 19.7907664699 	 -77.473071681 	 0 	 0 	 1 	 -1 
280.659		98.9483 	 77.7498808341 	 13.2979845514 	 0 	 0 	 1 	 -1 
272.655		103.898 	 109.657157459 	 59.9520395787 	 0 	 0 	 1 	 -1 
266.79		109.107 	 -68.2258847291 	 98.5566982193 	 0 	 0 	 1 	 -1 
263.206		114.504 	 -81.0626815167 	 155.850040629 	 0 	 0 	 1 	 -1 
262		120 	 12.3906798421 	 -174.933754903 	 1 	 1 	 1 	 -1 
263.206		125.496 	 76.7067284897 	 64.7824818915 	 1 	 1 	 1 	 1 
266.79		130.893 	 -65.9632164449 	 -35.3566900094 	 0 	 1 	 1 	 -1 
272.655		136.102 	 285.174487915 	 23.3771577841 	 0 	 1 	 1 	 -1 
280.659		141.052 	 -48.6050527195 	 -106.399500734 	 1 	 0 	 1 	 1 
290.619		145.693 	 9.52903933014 	 176.839209302 	 0 	 0 	 1 	 -1 
302.34		150 	 147.530056444 	 162.37911207 	 0 	 1 	 1 	 0 
290.619		154.307 	 207.22626827 	 29.0641288537 	 1 	 0 	 1 	 -1 
280.659		158.948 	 84.4265086202 	 53.6104958024 	 1 	 0 	 1 	 0 
272.656		163.898 	 -133.329473447 	 -78.6232774922 	 0 	 1 	 1 	 1 
266.789		169.107 	 -60.5861154881 	 0.487227491067 	 0 	 0 	 1 	 -1 
263.206		174.504 	 -144.868035627 	 -68.9416390171 	 0 	 1 	 1 	 0 
262.001		180 	 -233.120916246 	 -140.219080259 	 1 	 0 	 1 	 0 
263.206		185.496 	 -230.051341327 	 -150.089727259 	 1 	 0 	 1 	 -1 
266.789		190.893 	 -177.019181097 	 -28.5974945909 	 1 	 0 	 1 	 0 
272.656		196.102 	 71.5456085925 	 -100.123389229 	 0 	 1 	 1 	 1 
280.659		201.052 	 65.5442779892 	 97.6803260382 	 1 	 0 	 1 	 0 
290.619		205.693 	 125.702636098 	 16.7414324273 	 0 	 1 	 1 	 -1 
302.34		210 	 -104.377138586 	 -20.6675742811 	 0 	 1 	 1 	 1 
290.619		214.307 	 147.614724187 	 -53.5783988085 	 0 	 0 	 1 	 -1 
280.658		218.948 	 -81.5079107476 	 2.47333747871 	 0 	 1 	 1 	 0 
272.656		223.898 	 48.0165800019 	 -81.7743339865 	 0 	 0 	 1 	 0 
266.79		229.107 	 -39.8757457782 	 -2.89453133782 	 0 	 0 	 1 	 1 
263.206		234.504 	 252.977464566 	 111.423930022 	 0 	 0 	 1 	 -1 
262		240 	 57.9488417409 	 170.220188256 	 0 	 0 	 1 	 1 
263.206		245.496 	 -82.9678390982 	 133.762122662 	 0 	 1 	 1 	 -1 
266.789		250.893 	 102.520210881 	 -129.430532903 	 1 	 1 	 1 	 0 
272.656		256.102 	 -76.0237551606 	 -21.6605585626 	 1 	 0 	 1 	 0 
280.659		261.052 	 16.6969760997 	 -27.5232250632 	 0 	 0 	 1 	 -1 
290.62		265.693 	 341.666323709 	 28.2118143262 	 1 	 0 	 1 	 0 
302.34		270 	 80.7045510306 	 -118.76023798 	 0 	 0 	 1 	 1 
290.62		274.307 	 67.0328089593 	 -89.9089372994 	 0 	 1 	 1 	 -1 
280.659		278.948 	 -15.9131056001 	 59.4302886789 	 1 	 0 	 1 	 1 
272.656		283.898 	 -124.683705062 	 -63.9994576404 	 1 	 0 	 1 	 0 
266.789		289.107 	 -76.0543437651 	 -142.240253046 	 0 	 0 	 1 	 0 
263.206		294.504 	 62.1469348049 	 -161.694195763 	 0 	 0 	 1 	 0 
262		300 	 141.933059892 	 161.708658698 	 1 	 1 	 1 	 0 
263.206		305.496 	 206.210943754 	 -121.901076257 	 0 	 0 	 1 	 0 
266.79		310.893 	 80.8708991442 	 29.0220808212 	 1 	 0 	 1 	 1 
272.656		316.102 	 179.84062779 	 -69.1250152724 	 1 	 1 	 1 	 0 
280.659		321.052 	 197.815681785 	 55.9070103456 	 0 	 0 	 1 	 -1 
290.619		325.693 	 292.909807124 	 105.985294035 	 1 	 0 	 1 	 -1 
302.34		330 	 -152.112707461 	 -14.3603988134 	 1 	 1 	 1 	 -1 
315.62		333.963 	 -118.016475708 	 23.0801155579 	 0 	 0 	 1 	 1 
305.457		338.213 	 0.651418048303 	 -43.481272594 	 1 	 1 	 1 	 1 
297.071		342.731 	 57.1827584654 	 -151.696044924 	 0 	 1 	 1 	 -1 
290.619		347.48 	 92.430880916 	 96.558650762 	 0 	 1 	 1 	 0 
286.236		352.411 	 -9.18772047865 	 -84.9569522814 	 1 	 1 	 1 	 1 
284.018		357.457 	 309.995022433 	 -118.422799065 	 1 	 0 	 1 	 -1 
284.018		2.54292 	 91.6486162151 	 152.095982156 	 1 	 1 	 1 	 -1 
286.236		7.58909 	 74.7278506917 	 120.756625563 	 1 	 1 	 1 	 0 
290.619		12.5198 	 179.45312444 	 31.5020626012 	 1 	 0 	 1 	 1 
297.071		17.2695 	 327.054784256 	 -100.518431697 	 1 	 1 	 1 	 -1 
305.457		21.7868 	 170.656995617 	 -89.657894169 	 0 	 1 	 1 	 1 
315.62		26.0368 	 -255.795891317 	 38.4623852522 	 1 	 0 	 1 	 0 
327.39		30 	 191.345689512 	 -29.5173919271 	 1 	 0 	 1 	 0 
305.457		38.2132 	 -178.459429399 	 141.682494212 	 0 	 0 	 1 	 0 
297.071		42.7305 	 -216.603917718 	 -142.944624291 	 1 	 0 	 1 	 1 
290.619		47.4802 	 97.1011724423 	 162.323903659 	 0 	 1 	 1 	 1 
286.236		52.4109 	 -91.0104534339 	 141.192365008 	 1 	 1 	 1 	 -1 
284.018		57.4571 	 237.653054709 	 -20.6829563635 	 0 	 1 	 1 	 1 
284.018		62.5429 	 151.541645758 	 -74.1289337373 	 0 	 0 	 1 	 0 
286.236		67.5891 	 110.197252379 	 -82.8058996128 	 0 	 1 	 1 	 0 
290.619		72.5198 	 -201.543588196 	 46.4664806127 	 1 	 1 	 1 	 0 
297.071		77.2695 	 -23.0669137951 	 -28.9928153027 	 0 	 1 	 1 	 0 
305.457		81.7868 	 55.2718866887 	 -73.7726708046 	 0 	 0 	 1 	 1 
315.62		86.0368 	 -87.9727865307 	 176.793554782 	 0 	 0 	 1 	 1 
327.39		90 	 34.6383426273 	 160.808918159 	 1 	 0 	 1 	 1 
315.62		93.9632 	 179.799864132 	 69.5370636259 	 0 	 1 	 1 	 -1 
305.457		98.2132 	 -78.9155338964 	 110.863463123 	 0 	 0 	 1 	 0 
297.071		102.731 	 -82.5525248076 	 -119.998456592 	 0 	 1 	 1 	 0 
290.619		107.48 	 0.953116241225 	 45.0723541073 	 0 	 1 	 1 	 -1 
286.236		112.411 	 125.335084907 	 72.879354132 	 1 	 1 	 1 	 0 
284.018		117.457 	 122.466758891 	 2.67742560073 	 1 	 1 	 1 	 0 
284.018		122.543 	 83.9220415014 	 -22.0422487411 	 1 	 0 	 1 	 0 
286.236		127.589 	 -116.703357471 	 79.1755319083 	 1 	 0 	 1 	 1 
290.62		132.52 	 21.9602957533 	 -11.4272260013 	 0 	 1 	 1 	 -1 
297.071		137.269 	 80.391786384 	 148.586113367 	 1 	 0 	 1 	 -1 
305.457		141.787 	 47.2294186638 	 55.1319523999 	 0 	 1 	 1 	 1 
315.62		146.037 	 -28.7076008556 	 86.937817463 	 0 	 0 	 1 	 0 
327.39		150 	 -118.617905064 	 65.5375122796 	 1 	 1 	 1 	 1 
315.619		153.963 	 -66.4063198647 	 91.2894069938 	 0 	 1 	 1 	 0 
305.457		158.213 	 65.5793039908 	 146.761497289 	 1 	 1 	 1 	 0 
297.071		162.731 	 152.374196561 	 -165.39939107 	 1 	 0 	 1 	 0 
290.62		167.48 	 159.751200654 	 89.5450384242 	 0 	 0 	 1 	 -1 
286.236		172.411 	 70.6914839525 	 -48.5132536509 	 0 	 1 	 1 	 0 
284.019		177.457 	 -261.518984882 	 -6.65728451818 	 1 	 1 	 1 	 -1 
284.019		182.543 	 60.3568954184 	 -153.606107964 	 1 	 1 	 1 	 1 
286.236		187.589 	 -31.0083982442 	 169.476324359 	 1 	 0 	 1 	 0 
290.62		192.52 	 -112.780530238 	 -76.7922417615 	 1 	 1 	 1 	 -1 
297.071		197.269 	 -68.0852053199 	 84.6261984666 	 0 	 1 	 1 	 -1 
305.457		201.787 	 208.594154925 	 155.543660084 	 1 	 1 	 1 	 1 
315.62		206.037 	 389.929234119 	 134.880876051 	 0 	 0 	 1 	 -1 
327.39		210 	 160.983181234 	 -151.48933053 	 0 	 0 	 1 	 1 
315.62		213.963 	 -156.879274709 	 68.0592499142 	 0 	 1 	 1 	 0 
305.457		218.213 	 131.68583862 	 55.4103536557 	 0 	 1 	 1 	 1 
297.071		222.731 	 -163.0523814 	 -173.328013863 	 1 	 1 	 1 	 -1 
290.619		227.48 	 113.380365862 	 66.8275514237 	 0 	 0 	 1 	 -1 
286.236		232.411 	 -147.584069299 	 -45.5177683281 	 1 	 1 	 1 	 -1 
284.018		237.457 	 -127.325646584 	 71.6918042609 	 1 	 0 	 1 	 1 
284.019		242.543 	 136.645768857 	 47.7109639878 	 1 	 0 	 1 	 0 
286.236		247.589 	 149.857579441 	 -69.590291788 	 0 	 1 	 1 	 -1 
290.62		252.52 	 226.312571198 	 -108.690491774 	 1 	 0 	 1 	 0 
297.071		257.269 	 -78.4417286513 	 53.1239356511 	 1 	 0 	 1 	 1 
305.457		261.787 	 -74.9200214777 	 48.5996278752 	 0 	 0 	 1 	 -1 
315.62		266.037 	 -2.56416106218 	 -12.9580615132 	 0 	 0 	 1 	 -1 
327.39		270 	 -213.605995752 	 -65.2707566892 	 1 	 0 	 1 	 -1 
315.62		273.963 	 10.6840092649 	 -22.8297113933 	 1 	 1 	 1 	 0 
305.457		278.213 	 162.442926405 	 -46.0616524651 	 1 	 1 	 1 	 1 
297.071		282.731 	 -361.246874938 	 125.378363999 	 0 	 0 	 1 	 0 
290.62		287.48 	 -200.734724818 	 -22.7232378687 	 0 	 1 	 1 	 -1 
286.236		292.411 	 201.612529362 	 -165.051610392 	 1 	 1 	 1 	 1 
284.019		297.457 	 -186.763990295 	 123.172955755 	 1 	 1 	 1 	 1 
284.018		302.543 	 -229.695027536 	 58.0193749835 	 1 	 1 	 1 	 -1 
286.236		307.589 	 -116.986723513 	 -44.2496028583 	 0 	 0 	 1 	 0 
290.619		312.52 	 -44.6681630277 	 66.0939035665 	 0 	 0 	 1 	 0 
297.071		317.269 	 18.2636658622 	 15.1130542905 	 0 	 0 	 1 	 1 
305.457		321.787 	 -18.1278818106 	 131.297836529 	 1 	 1 	 1 	 0 
327.39		330 	 -53.1394497994 	 99.0897152866 	 1 	 0 	 1 	 -1 
340.597		333.67 	 -53.7776228949 	 -90.8195858197 	 0 	 0 	 1 	 0 
330.266		337.589 	 253.959686255 	 -82.4254494368 	 0 	 1 	 1 	 0 
321.56		341.742 	 -22.252998464 	 -158.825059919 	 0 	 1 	 1 	 -1 
314.619		346.102 	 -145.037727837 	 -33.0348867409 	 0 	 1 	 1 	 0 
309.563		350.633 	 246.44287693 	 -129.751449117 	 0 	 1 	 1 	 -1 
306.489		355.285 	 -179.05594818 	 -8.31084235114 	 0 	 0 	 1 	 1 
305.457		0 	 -273.231176013 	 160.899253427 	 0 	 0 	 1 	 0 
306.489		4.715 	 123.553458171 	 -78.2758452296 	 0 	 1 	 1 	 1 
309.563		9.367 	 -35.699309961 	 -7.35126940961 	 0 	 1 	 1 	 1 
314.619		13.8979 	 100.724249737 	 126.210725436 	 0 	 0 	 1 	 0 
321.56		18.2585 	 299.381438309 	 -24.0384918945 	 0 	 0 	 1 	 -1 
330.266		22.4109 	 116.713814963 	 -177.982576642 	 1 	 0 	 1 	 1 
340.597		26.3295 	 60.0111343089 	 -50.3947714146 	 0 	 1 	 1 	 1 
352.406		30 	 -2.12132315828 	 -159.635674625 	 0 	 1 	 1 	 0 
340.597		33.6705 	 -73.5608773758 	 -163.277725552 	 1 	 1 	 1 	 1 
330.266		37.5891 	 -143.222490979 	 99.6572987366 	 0 	 1 	 1 	 -1 
321.56		41.7415 	 -99.3206749649 	 -151.201127057 	 0 	 0 	 1 	 -1 
314.619		46.1021 	 -136.800822778 	 64.7959498492 	 0 	 1 	 1 	 1 
309.563		50.633 	 58.6050540924 	 111.004401201 	 0 	 1 	 1 	 1 
306.489		55.285 	 170.688704159 	 110.937482528 	 0 	 0 	 1 	 -1 
305.457		60 	 170.144047963 	 74.0646552273 	 0 	 0 	 1 	 1 
306.489		64.715 	 -152.410105998 	 59.9727791051 	 0 	 0 	 1 	 0 
309.563		69.367 	 24.0306605726 	 -40.3199035286 	 1 	 1 	 1 	 1 
314.619		73.8979 	 -141.931219882 	 55.5966887156 	 0 	 0 	 1 	 1 
321.56		78.2585 	 95.6873171554 	 21.6182559026 	 1 	 0 	 1 	 1 
330.266		82.4109 	 -65.5352104501 	 6.83011959937 	 0 	 0 	 1 	 -1 
340.597		86.3295 	 -80.3542876693 	 44.918184263 	 1 	 1 	 1 	 1 
352.406		90 	 127.002204195 	 -141.201232834 	 0 	 0 	 1 	 0 
340.597		93.6705 	 -61.5551435991 	 49.6911271737 	 1 	 0 	 1 	 1 
330.266		97.5891 	 5.98687060817 	 157.213156703 	 0 	 0 	 1 	 0 
321.56		101.742 	 -96.7114098106 	 -93.1511803527 	 1 	 0 	 1 	 1 
314.619		106.102 	 75.7698300487 	 126.342059964 	 0 	 0 	 1 	 -1 
309.563		110.633 	 -48.6084591022 	 96.5276567962 	 0 	 1 	 1 	 -1 
306.489		115.285 	 145.796024702 	 -23.5499837075 	 1 	 0 	 1 	 0 
305.457		120 	 172.62403191 	 48.1567080712 	 1 	 1 	 1 	 0 
306.489		124.715 	 11.4273682953 	 -111.014969278 	 1 	 1 	 1 	 1 
309.563		129.367 	 83.2076027193 	 2.15674427334 	 1 	 0 	 1 	 1 
314.619		133.898 	 -126.833717222 	 -26.8644006617 	 1 	 0 	 1 	 -1 
321.56		138.258 	 -64.841215169 	 -58.0143013295 	 0 	 1 	 1 	 -1 
330.266		142.411 	 -105.543798784 	 147.906181764 	 0 	 1 	 1 	 -1 
340.597		146.329 	 59.6865101094 	 -38.2649852248 	 1 	 0 	 1 	 0 
352.406		150 	 54.4997072006 	 -55.9268160219 	 0 	 0 	 1 	 -1 
340.597		153.671 	 -255.839643876 	 120.229373105 	 0 	 1 	 1 	 1 
330.266		157.589 	 -216.813185453 	 44.9494851403 	 0 	 1 	 1 	 1 
321.561		161.742 	 -6.18257345118 	 -145.973587463 	 0 	 0 	 1 	 1 
314.618		166.102 	 -274.221511705 	 -24.0091560404 	 0 	 1 	 1 	 -1 
309.563		170.633 	 -194.036057952 	 137.064207377 	 0 	 0 	 1 	 -1 
306.488		175.285 	 -119.603733873 	 10.7288717049 	 0 	 0 	 1 	 1 
305.457		180 	 -120.847936046 	 179.726927072 	 1 	 1 	 1 	 1 
306.488		184.715 	 -60.2853827645 	 137.938276491 	 1 	 1 	 1 	 -1 
309.563		189.367 	 61.6223805073 	 5.72966455493 	 1 	 1 	 1 	 0 
314.618		193.898 	 131.942031768 	 141.651662491 	 1 	 0 	 1 	 0 
321.561		198.258 	 -22.7349657991 	 166.77833721 	 1 	 1 	 1 	 1 
330.266		202.411 	 -230.699618955 	 174.09143161 	 1 	 1 	 1 	 0 
340.597		206.329 	 -64.6739605403 	 -159.333628589 	 1 	 0 	 1 	 1 
352.406		210 	 -215.544459459 	 60.6612026507 	 1 	 1 	 1 	 -1 
330.266		217.589 	 54.9892494943 	 0.1337621304 	 1 	 0 	 1 	 0 
321.56		221.742 	 -62.2369619342 	 -109.080629948 	 0 	 1 	 1 	 0 
314.619		226.102 	 151.496148526 	 -137.111225058 	 0 	 1 	 1 	 -1 
309.563		230.633 	 -131.261230861 	 -107.302818784 	 0 	 1 	 1 	 -1 
306.489		235.285 	 -129.267413261 	 65.6385555077 	 0 	 0 	 1 	 -1 
305.456		240 	 -322.929967793 	 0.0983956367994 	 1 	 0 	 1 	 -1 
306.488		244.715 	 -68.6945178005 	 47.7447353023 	 0 	 0 	 1 	 0 
309.563		249.367 	 40.8481296398 	 66.5209067228 	 0 	 0 	 1 	 0 
314.619		253.898 	 14.2934617704 	 16.1485629446 	 1 	 0 	 1 	 0 
321.56		258.258 	 -159.513921905 	 150.963372983 	 0 	 1 	 1 	 -1 
330.266		262.411 	 -1.00593557201 	 -103.309568825 	 0 	 0 	 1 	 0 
340.597		266.33 	 71.1624413973 	 -93.8984532564 	 1 	 1 	 1 	 1 
340.597		273.671 	 -74.5788814958 	 5.90834344205 	 1 	 0 	 1 	 -1 
330.266		277.589 	 150.486168217 	 100.171901524 	 1 	 0 	 1 	 0 
321.56		281.742 	 -27.1511218864 	 7.64303052004 	 0 	 0 	 1 	 -1 
314.619		286.102 	 104.023327341 	 -32.4838931925 	 0 	 1 	 1 	 0 
309.563		290.633 	 -39.5128056194 	 -137.139209614 	 1 	 1 	 1 	 0 
306.488		295.285 	 -48.3276729672 	 10.7173832344 	 1 	 1 	 1 	 0 
305.457		300 	 -2.22297981151 	 -112.407638987 	 0 	 0 	 1 	 1 
306.489		304.715 	 -182.412442011 	 -169.103220481 	 0 	 1 	 1 	 -1 
309.563		309.367 	 262.123080592 	 158.000142159 	 0 	 0 	 1 	 1 
314.619		313.898 	 -165.666017772 	 -124.211015481 	 1 	 0 	 1 	 1 
321.56		318.258 	 5.84998577996 	 60.1314705239 	 1 	 0 	 1 	 -1 
330.266		322.411 	 -386.509478103 	 144.899400185 	 1 	 1 	 1 	 1 
340.597		326.33 	 -101.937062271 	 90.9643690621 	 0 	 1 	 1 	 0 
352.406		330 	 21.001154068 	 99.8686871558 	 1 	 0 	 1 	 1 
365.546		333.418 	 6.60552132546 	 -68.7611863717 	 1 	 0 	 1 	 -1 
355.074		337.053 	 -120.726798692 	 -130.357844047 	 1 	 1 	 1 	 1 
346.099		340.893 	 95.4137752954 	 2.49071554174 	 1 	 0 	 1 	 0 
338.742		344.921 	 142.593433796 	 144.545924825 	 1 	 0 	 1 	 -1 
333.116		349.107 	 86.5395499939 	 -104.973053017 	 0 	 0 	 1 	 0 
329.31		353.413 	 -178.711065556 	 21.6268999374 	 1 	 1 	 1 	 1 
327.39		357.796 	 154.611057874 	 14.1715762554 	 0 	 0 	 1 	 -1 
327.39		2.20423 	 199.913456466 	 -47.2060548344 	 0 	 0 	 1 	 -1 
329.31		6.58678 	 115.238491572 	 -161.89788002 	 0 	 0 	 1 	 -1 
333.116		10.8934 	 159.743669076 	 170.072273907 	 1 	 0 	 1 	 -1 
338.742		15.0791 	 234.715434907 	 -65.4430237187 	 0 	 0 	 1 	 1 
346.099		19.1066 	 64.5834852335 	 -101.286365104 	 1 	 1 	 1 	 0 
355.074		22.9473 	 -27.2903318117 	 64.0543522252 	 1 	 0 	 1 	 -1 
365.546		26.582 	 5.96593276598 	 75.4666596956 	 1 	 0 	 1 	 0 
377.385		30 	 -357.019653343 	 -18.0764028904 	 1 	 1 	 1 	 1 
365.546		33.418 	 -259.814216164 	 158.138768805 	 0 	 1 	 1 	 0 
355.074		37.0527 	 -20.4653316229 	 131.693886463 	 1 	 0 	 1 	 -1 
346.099		40.8934 	 4.22904094366 	 -6.76055847968 	 0 	 1 	 1 	 -1 
338.743		44.9209 	 135.717388052 	 -101.906799722 	 0 	 0 	 1 	 0 
333.116		49.1066 	 156.195229684 	 131.361072747 	 1 	 0 	 1 	 -1 
329.31		53.4132 	 -19.6460221701 	 97.885022297 	 1 	 1 	 1 	 0 
327.39		57.7958 	 181.344831643 	 178.021557618 	 0 	 1 	 1 	 -1 
327.39		62.2042 	 -320.475545641 	 -142.355398931 	 0 	 1 	 1 	 1 
329.31		66.5868 	 -206.407601948 	 179.408800503 	 0 	 1 	 1 	 1 
333.116		70.8934 	 -116.817337778 	 153.148005255 	 1 	 0 	 1 	 -1 
338.742		75.0791 	 178.133500744 	 -129.477923807 	 1 	 1 	 1 	 1 
346.099		79.1066 	 32.508137705 	 144.011084347 	 0 	 1 	 1 	 -1 
355.074		82.9473 	 332.842063884 	 24.0568672496 	 1 	 1 	 1 	 1 
