25.2587		30 	 98.0435535315 	 24.720447732 	 1 	 0 	 1 	 -1 
25.2587		90 	 53.7922552648 	 36.1180028797 	 0 	 0 	 1 	 -1 
25.2587		150 	 97.8283885207 	 17.4420977352 	 0 	 1 	 1 	 -1 
25.2587		210 	 117.33666206 	 356.390279638 	 0 	 1 	 1 	 -1 
25.2587		270 	 113.210292774 	 39.8234237419 	 0 	 0 	 1 	 -1 
43.7478		0 	 92.2911435568 	 17.3713083291 	 1 	 1 	 1 	 -1 
50.5147		30 	 86.8196777445 	 19.1492961544 	 0 	 1 	 1 	 0 
43.7478		60 	 52.5220692267 	 1.29906081624 	 1 	 0 	 1 	 0 
50.5147		90 	 114.480225768 	 40.734037755 	 1 	 1 	 1 	 1 
43.7478		120 	 87.2382348818 	 18.479153569 	 1 	 0 	 1 	 -1 
50.5147		150 	 85.7186098569 	 17.3743096404 	 1 	 0 	 1 	 -1 
43.7478		180 	 93.842613933 	 26.2471645256 	 0 	 0 	 1 	 1 
50.5147		210 	 89.6670836602 	 17.7013988748 	 0 	 0 	 1 	 1 
43.7478		240 	 51.145461857 	 12.5912287982 	 0 	 0 	 1 	 1 
43.7478		300 	 87.4083966236 	 35.5147960631 	 0 	 0 	 1 	 1 
50.5148		330 	 87.2834879154 	 19.8587613777 	 0 	 0 	 1 	 1 
66.8212		349.107 	 99.4741790726 	 13.9915080826 	 1 	 1 	 1 	 1 
66.8212		10.8934 	 111.325961911 	 33.3276311274 	 0 	 0 	 1 	 -1 
75.7654		30 	 72.0348688359 	 9.19246562409 	 0 	 0 	 1 	 0 
66.8212		49.1066 	 75.8459764864 	 40.5840904756 	 1 	 0 	 1 	 0 
66.8212		70.8934 	 107.090710245 	 31.1765234466 	 0 	 1 	 1 	 -1 
75.7654		90 	 70.6974547362 	 45.1674286372 	 1 	 0 	 1 	 1 
66.8212		109.107 	 86.4886956825 	 18.8960856815 	 0 	 1 	 1 	 0 
66.8212		130.893 	 121.152928491 	 23.5036735661 	 0 	 0 	 1 	 -1 
75.7654		150 	 89.6056291117 	 17.8474002335 	 1 	 0 	 1 	 -1 
66.8212		169.107 	 118.367038096 	 7.81274552138 	 1 	 0 	 1 	 0 
66.8212		190.893 	 104.102853032 	 36.2095659364 	 0 	 1 	 1 	 -1 
66.8212		229.107 	 112.293109629 	 359.210860478 	 1 	 1 	 1 	 0 
66.8212		250.893 	 124.083628365 	 31.1475908086 	 0 	 1 	 1 	 -1 
75.7654		270 	 109.669984504 	 11.9844821899 	 0 	 0 	 1 	 -1 
66.8212		289.107 	 88.7947570606 	 19.1131114447 	 1 	 1 	 1 	 1 
66.8212		310.893 	 103.764088251 	 1.85764018816 	 1 	 0 	 1 	 1 
75.7654		330 	 87.32954931 	 352.594992986 	 0 	 1 	 1 	 -1 
91.0523		343.898 	 85.8183359943 	 15.1595604819 	 0 	 1 	 1 	 -1 
87.4818		0 	 76.9752173399 	 26.5142277 	 0 	 1 	 1 	 -1 
91.0523		16.1021 	 100.694441712 	 19.6794993447 	 1 	 1 	 1 	 0 
101.008		30 	 101.618729391 	 9.01451958832 	 1 	 0 	 1 	 0 
91.0523		43.8979 	 85.2736313517 	 19.6755167308 	 1 	 0 	 1 	 1 
87.4818		60 	 64.1897388303 	 34.9301890253 	 0 	 1 	 1 	 1 
91.0523		76.1021 	 82.074727015 	 51.0176083777 	 1 	 0 	 1 	 0 
91.0523		103.898 	 78.5515279715 	 19.8604451991 	 0 	 1 	 1 	 1 
87.4818		120 	 69.8617792588 	 359.072709485 	 0 	 1 	 1 	 -1 
91.0523		136.102 	 74.7788071111 	 16.3518956574 	 1 	 1 	 1 	 -1 
91.0523		163.898 	 88.2566628704 	 18.8544764711 	 0 	 1 	 1 	 -1 
87.4818		180 	 81.3112464961 	 17.6891458017 	 1 	 1 	 1 	 0 
91.0523		196.102 	 82.7614398738 	 43.0289673886 	 0 	 1 	 1 	 -1 
101.008		210 	 82.2971825021 	 13.5914139231 	 0 	 0 	 1 	 -1 
91.0523		223.898 	 112.032416816 	 27.8091569659 	 1 	 0 	 1 	 1 
87.4818		240 	 67.5194774255 	 26.914389275 	 1 	 1 	 1 	 1 
91.0523		256.102 	 107.783717392 	 359.032656515 	 1 	 1 	 1 	 -1 
101.008		270 	 65.9093433054 	 13.8118850133 	 0 	 0 	 1 	 0 
91.0523		283.898 	 46.7085457115 	 15.0736344589 	 0 	 1 	 1 	 1 
87.4817		300 	 84.6650309388 	 18.6041583358 	 1 	 1 	 1 	 1 
91.0523		316.102 	 82.0629616737 	 21.3916167459 	 0 	 1 	 1 	 -1 
101.008		330 	 80.1367802861 	 20.6953723387 	 1 	 0 	 1 	 0 
115.709		340.893 	 93.2833690446 	 31.0141775907 	 0 	 1 	 1 	 0 
110.065		353.413 	 88.0865066079 	 19.0162670705 	 0 	 1 	 1 	 0 
110.065		6.58677 	 125.88211981 	 27.3916878251 	 1 	 1 	 1 	 1 
115.709		19.1066 	 112.188045476 	 16.2293664375 	 1 	 0 	 1 	 -1 
126.24		30 	 97.3631923861 	 359.965943226 	 0 	 1 	 1 	 -1 
115.709		40.8934 	 96.2902421488 	 8.02170342334 	 0 	 1 	 1 	 1 
110.065		53.4132 	 129.944062848 	 20.7956555558 	 0 	 0 	 1 	 -1 
110.065		66.5868 	 88.4580828924 	 18.9151959093 	 1 	 1 	 1 	 -1 
115.709		79.1066 	 87.4302711121 	 15.6403776475 	 0 	 0 	 1 	 -1 
126.24		90 	 110.417344626 	 39.7529937844 	 1 	 1 	 1 	 0 
115.709		100.893 	 85.9952432596 	 12.1265208116 	 1 	 1 	 1 	 1 
110.065		113.413 	 99.2814800456 	 43.0482503988 	 0 	 1 	 1 	 -1 
110.065		126.587 	 104.368402661 	 18.1768965699 	 0 	 0 	 1 	 0 
115.709		139.107 	 104.477007282 	 17.0849187842 	 0 	 1 	 1 	 -1 
126.24		150 	 87.5573845905 	 19.3121804773 	 1 	 0 	 1 	 0 
115.709		160.893 	 58.5984782423 	 10.6405674929 	 0 	 1 	 1 	 0 
110.066		173.413 	 100.396134333 	 18.7369492926 	 1 	 0 	 1 	 0 
110.066		186.587 	 61.8479257422 	 13.8062704897 	 0 	 1 	 1 	 1 
115.709		199.107 	 100.907299607 	 356.176921088 	 1 	 1 	 1 	 0 
126.24		210 	 50.882109983 	 40.6443448033 	 0 	 1 	 1 	 1 
115.709		220.893 	 86.6491573326 	 13.7047514911 	 0 	 0 	 1 	 -1 
110.065		233.413 	 45.1533371427 	 32.2631443657 	 1 	 0 	 1 	 0 
110.065		246.587 	 117.940864669 	 21.7656755826 	 1 	 1 	 1 	 1 
115.709		259.107 	 81.0862812185 	 1.58883813129 	 0 	 0 	 1 	 0 
126.24		270 	 85.6621817459 	 13.7047662891 	 1 	 1 	 1 	 -1 
115.709		280.893 	 68.3989624897 	 354.612687206 	 0 	 0 	 1 	 0 
110.065		293.413 	 46.7402263338 	 27.7096141807 	 1 	 0 	 1 	 -1 
110.065		306.587 	 106.592828263 	 12.0112805422 	 1 	 1 	 1 	 0 
115.709		319.107 	 88.445970569 	 12.0184991998 	 1 	 1 	 1 	 0 
126.24		330 	 101.533240579 	 35.5326473323 	 0 	 0 	 1 	 0 
140.56		338.948 	 132.682986757 	 9.11159426388 	 0 	 1 	 1 	 -1 
133.593		349.107 	 86.8004714475 	 17.926397423 	 0 	 1 	 1 	 0 
131.188		0 	 94.438454615 	 16.8431460619 	 0 	 0 	 1 	 -1 
133.593		10.8934 	 94.5779852173 	 19.2796675022 	 1 	 1 	 1 	 1 
140.56		21.0517 	 79.6867014271 	 7.07060957732 	 0 	 1 	 1 	 1 
151.459		30 	 86.1251019163 	 356.857054097 	 0 	 0 	 1 	 0 
140.56		38.9483 	 55.8101975587 	 348.972266965 	 1 	 0 	 1 	 -1 
133.593		49.1066 	 85.31645338 	 43.6275586884 	 0 	 0 	 1 	 -1 
131.188		60 	 87.1022933819 	 20.499102563 	 0 	 1 	 1 	 0 
133.593		70.8934 	 88.9220059879 	 17.7053393886 	 0 	 1 	 1 	 1 
140.56		81.0517 	 50.7147474108 	 0.225389291462 	 1 	 1 	 1 	 -1 
151.459		90 	 78.2092536279 	 35.9990832194 	 0 	 0 	 1 	 1 
140.56		98.9483 	 82.5729825017 	 28.1409114404 	 1 	 1 	 1 	 1 
133.593		109.107 	 87.0317379795 	 40.2522991769 	 1 	 0 	 1 	 1 
131.188		120 	 75.3907959986 	 2.35657742602 	 0 	 0 	 1 	 0 
133.593		130.893 	 103.577323716 	 44.6487636344 	 0 	 0 	 1 	 -1 
140.56		141.052 	 39.5785081213 	 27.0070434886 	 1 	 1 	 1 	 1 
151.459		150 	 85.9426085391 	 28.3105841856 	 1 	 1 	 1 	 1 
140.56		158.948 	 66.4070621091 	 30.7473398627 	 0 	 1 	 1 	 -1 
133.593		169.107 	 96.2253174319 	 31.1901559419 	 0 	 1 	 1 	 0 
131.188		180 	 136.401449549 	 12.6791404381 	 0 	 1 	 1 	 -1 
133.593		190.893 	 67.6383018103 	 41.1665688552 	 1 	 0 	 1 	 0 
140.56		201.052 	 84.9489383372 	 2.27842872865 	 0 	 0 	 1 	 1 
151.459		210 	 93.1562295298 	 12.4024196079 	 0 	 0 	 1 	 1 
140.56		218.948 	 132.344736445 	 28.8148425921 	 0 	 1 	 1 	 1 
133.593		229.107 	 74.0250630054 	 13.2046587059 	 0 	 1 	 1 	 1 
131.188		240 	 97.53397795 	 13.4496878883 	 0 	 1 	 1 	 1 
133.592		250.893 	 127.854634683 	 7.87921338486 	 0 	 0 	 1 	 -1 
140.56		261.052 	 122.719560771 	 29.3895752676 	 0 	 0 	 1 	 0 
151.459		270 	 48.2929986499 	 6.36602570177 	 1 	 1 	 1 	 0 
140.56		278.948 	 93.3486692435 	 18.8461068902 	 0 	 0 	 1 	 -1 
133.592		289.107 	 112.415636443 	 17.1072711123 	 0 	 1 	 1 	 -1 
131.188		300 	 72.6178362457 	 13.0903070588 	 1 	 1 	 1 	 -1 
133.593		310.893 	 78.6321780301 	 30.8767140457 	 0 	 1 	 1 	 0 
140.56		321.052 	 64.3767877733 	 20.122063663 	 0 	 1 	 1 	 0 
151.459		330 	 88.447965253 	 22.9936477621 	 0 	 0 	 1 	 -1 
165.51		337.589 	 82.586722373 	 17.4728714478 	 1 	 1 	 1 	 0 
157.635		346.102 	 88.6660390775 	 19.1558416222 	 0 	 0 	 1 	 1 
153.545		355.285 	 110.28968517 	 20.6969639104 	 1 	 0 	 1 	 1 
153.545		4.715 	 88.6720141101 	 358.92239175 	 1 	 1 	 1 	 -1 
157.635		13.8979 	 93.2158466026 	 32.6698781987 	 1 	 1 	 1 	 -1 
165.51		22.4109 	 72.2854926468 	 16.4148899353 	 1 	 0 	 1 	 -1 
176.661		30 	 89.2266788528 	 18.6293007406 	 0 	 1 	 1 	 1 
165.51		37.5891 	 121.707541985 	 32.129607421 	 1 	 1 	 1 	 1 
157.635		46.1021 	 70.6956648971 	 39.2328642952 	 0 	 1 	 1 	 0 
153.545		55.285 	 52.4944207653 	 350.259316965 	 0 	 0 	 1 	 0 
153.545		64.715 	 52.2272991876 	 22.8335577594 	 0 	 1 	 1 	 -1 
157.635		73.8979 	 64.9717590816 	 13.9044252867 	 1 	 1 	 1 	 1 
165.51		82.4109 	 95.9606024689 	 18.6489056076 	 1 	 0 	 1 	 1 
176.661		90 	 68.3491369743 	 0.80233729103 	 0 	 0 	 1 	 1 
165.51		97.5891 	 87.6032154253 	 15.1885938238 	 0 	 0 	 1 	 -1 
157.635		106.102 	 86.977641023 	 16.4100662844 	 0 	 1 	 1 	 -1 
153.545		115.285 	 89.3347263202 	 43.4122301871 	 0 	 1 	 1 	 1 
153.545		124.715 	 84.6549940358 	 15.6274629845 	 0 	 1 	 1 	 1 
157.635		133.898 	 83.0262014008 	 351.767674397 	 0 	 1 	 1 	 0 
165.51		142.411 	 83.3578278819 	 355.829708959 	 0 	 0 	 1 	 -1 
176.661		150 	 91.4633804724 	 14.6112163546 	 0 	 1 	 1 	 0 
165.509		157.589 	 82.5721353355 	 2.93093646695 	 0 	 0 	 1 	 -1 
157.635		166.102 	 82.2761989498 	 20.5544747829 	 1 	 0 	 1 	 1 
153.546		175.285 	 96.793571814 	 353.103895329 	 0 	 1 	 1 	 -1 
153.546		184.715 	 96.0264310724 	 19.9185054961 	 1 	 0 	 1 	 1 
157.635		193.898 	 106.267289029 	 42.6440818272 	 0 	 0 	 1 	 0 
165.509		202.411 	 120.220314123 	 13.5659558813 	 0 	 1 	 1 	 1 
165.51		217.589 	 131.089287723 	 11.0043846791 	 0 	 1 	 1 	 1 
157.635		226.102 	 85.6434290574 	 352.520305147 	 0 	 1 	 1 	 -1 
153.545		235.285 	 96.1783282662 	 2.07941603284 	 1 	 1 	 1 	 1 
153.545		244.715 	 44.578833761 	 39.2747680527 	 0 	 1 	 1 	 -1 
157.635		253.898 	 86.5007738672 	 13.9259564794 	 0 	 0 	 1 	 1 
165.51		262.411 	 110.094144194 	 355.680612487 	 1 	 1 	 1 	 -1 
176.661		270 	 87.8036218371 	 19.4705344255 	 0 	 0 	 1 	 0 
165.51		277.589 	 109.388730112 	 23.3757954528 	 0 	 0 	 1 	 1 
157.635		286.102 	 132.241895384 	 10.2656204974 	 1 	 0 	 1 	 1 
153.545		295.285 	 59.2199495453 	 34.9484647616 	 1 	 0 	 1 	 0 
153.545		304.715 	 135.308589575 	 14.9794613564 	 1 	 1 	 1 	 1 
157.635		313.898 	 104.699547101 	 4.0613248497 	 1 	 0 	 1 	 1 
165.51		322.411 	 83.8428124369 	 20.4615154202 	 0 	 0 	 1 	 1 
176.661		330 	 112.975453913 	 30.8020128688 	 0 	 1 	 1 	 -1 
190.511		336.587 	 94.1090888527 	 24.8623680402 	 1 	 0 	 1 	 -1 
181.979		343.898 	 61.219501912 	 37.0641787053 	 0 	 0 	 1 	 1 
176.661		351.787 	 89.9712366048 	 23.3060275726 	 1 	 0 	 1 	 0 
174.852		0 	 103.249443112 	 7.42314511465 	 1 	 1 	 1 	 0 
176.661		8.21321 	 85.386505441 	 18.6968183399 	 1 	 1 	 1 	 -1 
181.979		16.1021 	 62.4582016675 	 357.459586301 	 1 	 1 	 1 	 1 
190.511		23.4132 	 102.051977092 	 25.2064879956 	 1 	 0 	 1 	 -1 
201.845		30 	 89.4426263065 	 19.5334887359 	 1 	 1 	 1 	 1 
181.979		43.8979 	 105.82181095 	 14.2800660762 	 1 	 0 	 1 	 1 
176.661		51.7868 	 81.6844512804 	 35.1473968621 	 1 	 0 	 1 	 1 
174.852		60 	 85.3983457366 	 44.424997145 	 1 	 1 	 1 	 -1 
176.661		68.2132 	 100.727661451 	 40.5570027251 	 1 	 1 	 1 	 1 
181.979		76.1021 	 91.9303373467 	 19.1382685005 	 1 	 0 	 1 	 1 
190.511		83.4132 	 56.3111070689 	 6.3362204683 	 1 	 0 	 1 	 -1 
201.845		90 	 112.993403691 	 40.3406529231 	 1 	 1 	 1 	 0 
190.511		96.5868 	 100.555078859 	 25.213960622 	 1 	 1 	 1 	 -1 
181.979		103.898 	 91.2200201537 	 22.5900166441 	 0 	 0 	 1 	 1 
176.661		111.787 	 91.7092371028 	 12.8972355071 	 0 	 0 	 1 	 1 
174.852		120 	 80.0989557063 	 9.21687928492 	 1 	 0 	 1 	 1 
176.661		128.213 	 104.149000601 	 22.5703917116 	 1 	 0 	 1 	 -1 
181.979		136.102 	 80.7763431927 	 14.8319763223 	 0 	 1 	 1 	 0 
190.51		143.413 	 76.1865010137 	 14.3132553543 	 0 	 0 	 1 	 0 
201.845		150 	 76.1919293636 	 10.9466845703 	 0 	 1 	 1 	 1 
190.511		156.587 	 108.103395273 	 6.33794963728 	 0 	 0 	 1 	 0 
181.979		163.898 	 82.0217683598 	 2.16170953752 	 1 	 1 	 1 	 1 
176.661		171.787 	 86.0497996921 	 4.08138923987 	 1 	 0 	 1 	 0 
174.852		180 	 99.9863900138 	 359.247411013 	 1 	 1 	 1 	 -1 
176.661		188.213 	 56.2501632834 	 15.0459945643 	 0 	 0 	 1 	 -1 
181.979		196.102 	 86.5170802128 	 19.4304688096 	 1 	 1 	 1 	 0 
190.511		203.413 	 115.023566077 	 18.7766472174 	 0 	 1 	 1 	 1 
201.845		210 	 98.3570491046 	 38.3464784772 	 1 	 1 	 1 	 0 
190.51		216.587 	 89.4970204758 	 16.101759569 	 1 	 1 	 1 	 1 
181.979		223.898 	 103.30317517 	 21.5705570216 	 1 	 1 	 1 	 0 
176.661		231.787 	 88.4708338171 	 349.036540633 	 1 	 0 	 1 	 0 
174.853		240 	 125.50667088 	 16.6019964081 	 1 	 1 	 1 	 0 
176.662		248.213 	 108.045577192 	 27.5470863665 	 1 	 1 	 1 	 1 
181.979		256.102 	 68.959215062 	 28.8677490715 	 0 	 1 	 1 	 0 
190.511		263.413 	 118.834384713 	 24.4315983133 	 0 	 1 	 1 	 0 
190.511		276.587 	 54.538303936 	 31.6978747353 	 0 	 1 	 1 	 1 
181.979		283.898 	 71.859099322 	 4.82879645256 	 0 	 0 	 1 	 -1 
176.662		291.787 	 66.9548312672 	 8.37670145563 	 1 	 0 	 1 	 1 
174.853		300 	 64.997399646 	 16.0407718547 	 1 	 0 	 1 	 1 
176.661		308.213 	 90.3773736304 	 18.2129459428 	 0 	 0 	 1 	 0 
181.979		316.102 	 116.981769106 	 24.8544298109 	 0 	 1 	 1 	 -1 
190.511		323.413 	 85.6011605909 	 21.8961030783 	 1 	 1 	 1 	 -1 
201.845		330 	 95.5312873441 	 32.2089825057 	 1 	 0 	 1 	 0 
215.536		335.818 	 79.716020362 	 14.7318013323 	 0 	 0 	 1 	 -1 
206.511		342.216 	 95.8025667627 	 16.033203352 	 1 	 1 	 1 	 1 
200.265		349.107 	 129.605226035 	 33.8203902768 	 0 	 0 	 1 	 1 
197.068		356.329 	 103.516641644 	 11.3507606608 	 0 	 0 	 1 	 -1 
197.068		3.6705 	 70.7723831397 	 26.6263747932 	 1 	 1 	 1 	 1 
200.265		10.8934 	 74.8360785074 	 47.8881722769 	 1 	 0 	 1 	 -1 
206.511		17.7836 	 69.0257057707 	 5.37364946494 	 0 	 0 	 1 	 1 
215.536		24.1825 	 88.5731399827 	 16.0062880105 	 0 	 1 	 1 	 1 
227.007		30 	 91.5601574546 	 31.8200677377 	 1 	 1 	 1 	 1 
215.536		35.8175 	 82.6428143584 	 15.905863325 	 0 	 1 	 1 	 0 
206.511		42.2164 	 74.1745882776 	 12.8999817536 	 1 	 0 	 1 	 1 
200.265		49.1066 	 85.7155945781 	 4.33446456352 	 0 	 1 	 1 	 0 
197.068		56.3295 	 83.5391664869 	 18.5829232105 	 0 	 1 	 1 	 1 
197.068		63.6705 	 106.387341657 	 3.40791393867 	 1 	 0 	 1 	 0 
200.265		70.8934 	 112.054908539 	 10.391029113 	 1 	 0 	 1 	 1 
206.511		77.7836 	 65.353808344 	 357.938630915 	 1 	 1 	 1 	 0 
215.536		84.1825 	 97.8373332153 	 356.454641881 	 0 	 1 	 1 	 1 
227.007		90 	 87.7987795139 	 0.856573892138 	 1 	 0 	 1 	 -1 
215.536		95.8175 	 95.1233259736 	 1.71790838669 	 0 	 0 	 1 	 -1 
206.511		102.216 	 97.1431526449 	 1.31644098285 	 0 	 1 	 1 	 0 
200.265		109.107 	 127.951902901 	 11.5150613258 	 1 	 0 	 1 	 1 
197.068		116.33 	 98.8219262955 	 29.6918073961 	 1 	 1 	 1 	 0 
197.068		123.671 	 105.029686248 	 354.59875496 	 0 	 0 	 1 	 0 
200.265		130.893 	 51.4430423503 	 8.86900996939 	 0 	 0 	 1 	 1 
206.51		137.784 	 103.927208382 	 9.25297653169 	 1 	 0 	 1 	 1 
215.536		144.182 	 119.082810213 	 34.3571914453 	 0 	 1 	 1 	 -1 
227.007		150 	 84.2894140579 	 355.349696108 	 1 	 1 	 1 	 -1 
215.536		155.818 	 134.542986217 	 21.0244689932 	 0 	 0 	 1 	 0 
206.511		162.216 	 83.9284855847 	 13.9426794893 	 0 	 1 	 1 	 1 
200.266		169.107 	 78.555248813 	 21.5166236256 	 1 	 0 	 1 	 -1 
197.068		176.33 	 104.948047141 	 39.3342073324 	 1 	 0 	 1 	 -1 
197.068		183.671 	 66.9044195812 	 9.86076875199 	 0 	 1 	 1 	 -1 
200.266		190.893 	 71.763204276 	 18.8068985469 	 1 	 0 	 1 	 -1 
206.511		197.784 	 80.7752542532 	 4.48767683065 	 0 	 1 	 1 	 0 
215.536		204.182 	 118.302535908 	 35.4200226756 	 1 	 0 	 1 	 0 
227.007		210 	 74.114301112 	 347.208319603 	 0 	 1 	 1 	 -1 
215.536		215.818 	 122.493848261 	 3.57116801672 	 0 	 1 	 1 	 -1 
206.51		222.216 	 70.6708791409 	 23.1876340709 	 0 	 1 	 1 	 0 
200.265		229.107 	 107.102332837 	 2.84951634972 	 1 	 0 	 1 	 0 
197.068		236.329 	 61.7606086616 	 36.1895046589 	 0 	 1 	 1 	 0 
197.068		243.671 	 88.6315924486 	 18.8720676849 	 1 	 0 	 1 	 1 
200.265		250.893 	 108.533006401 	 18.5212762671 	 0 	 1 	 1 	 -1 
206.51		257.784 	 90.1725966642 	 16.6744389448 	 0 	 1 	 1 	 -1 
215.536		264.182 	 88.6702180739 	 351.511568435 	 1 	 1 	 1 	 0 
227.007		270 	 82.0164622387 	 44.1721161964 	 1 	 0 	 1 	 0 
215.536		275.818 	 100.961039471 	 9.36964639218 	 0 	 1 	 1 	 -1 
206.51		282.216 	 124.444346877 	 15.0649233303 	 0 	 1 	 1 	 -1 
200.265		289.107 	 67.0689801478 	 353.569753503 	 1 	 1 	 1 	 0 
197.068		296.329 	 65.9086848236 	 21.6780787391 	 1 	 0 	 1 	 0 
197.068		303.67 	 82.8744716782 	 20.592282691 	 1 	 1 	 1 	 -1 
200.265		310.893 	 71.3889459943 	 34.2413347371 	 1 	 1 	 1 	 -1 
206.511		317.784 	 72.5382920342 	 9.13420283226 	 0 	 1 	 1 	 1 
227.008		330 	 65.2498161362 	 8.75531592008 	 1 	 1 	 1 	 -1 
240.57		335.209 	 57.4321915656 	 27.8466403122 	 1 	 0 	 1 	 1 
231.161		340.893 	 119.697984985 	 17.8569868623 	 0 	 1 	 1 	 1 
224.195		346.996 	 84.9560366734 	 22.6395034858 	 1 	 0 	 1 	 -1 
219.909		353.413 	 63.42875861 	 7.07199186117 	 1 	 1 	 1 	 1 
218.461		0 	 88.364833364 	 22.133638406 	 1 	 0 	 1 	 -1 
219.909		6.58678 	 89.3492426451 	 359.796950761 	 0 	 1 	 1 	 0 
224.195		13.0039 	 90.552143805 	 22.6962882094 	 1 	 1 	 1 	 1 
231.161		19.1066 	 75.8569548777 	 41.7076215092 	 1 	 0 	 1 	 0 
240.57		24.7913 	 120.811338266 	 32.4479542875 	 0 	 0 	 1 	 -1 
252.146		30 	 91.1852363831 	 36.7443875796 	 1 	 1 	 1 	 -1 
240.57		35.2087 	 97.1797409913 	 14.8837979818 	 1 	 1 	 1 	 0 
231.161		40.8934 	 88.5650291951 	 18.8895015933 	 1 	 1 	 1 	 1 
224.195		46.9961 	 96.1792636224 	 33.6788096183 	 0 	 0 	 1 	 0 
219.909		53.4132 	 96.4061546377 	 11.6262653029 	 0 	 1 	 1 	 0 
218.461		60 	 126.727881431 	 11.919886906 	 1 	 0 	 1 	 1 
219.909		66.5868 	 92.5495236213 	 23.1110989431 	 0 	 0 	 1 	 -1 
224.195		73.0039 	 87.4029218133 	 19.0356266842 	 0 	 1 	 1 	 -1 
231.161		79.1066 	 82.6540319475 	 350.401967485 	 1 	 1 	 1 	 0 
240.57		84.7913 	 85.4073376817 	 19.7542910764 	 1 	 1 	 1 	 1 
240.57		95.2087 	 98.1425082072 	 353.274474686 	 1 	 1 	 1 	 -1 
231.161		100.893 	 85.3458549884 	 29.7080668789 	 0 	 1 	 1 	 -1 
224.195		106.996 	 96.2046473403 	 12.2814463812 	 1 	 0 	 1 	 0 
219.909		113.413 	 102.461167798 	 14.6512879014 	 0 	 0 	 1 	 0 
218.461		120 	 102.786264353 	 9.19583366833 	 0 	 0 	 1 	 0 
219.909		126.587 	 96.6056977932 	 20.4423355668 	 1 	 1 	 1 	 -1 
224.195		133.004 	 75.9373597763 	 47.3463507216 	 1 	 0 	 1 	 1 
231.161		139.107 	 88.3944691142 	 17.8024762366 	 0 	 0 	 1 	 0 
252.146		150 	 130.093311313 	 14.2929819321 	 0 	 1 	 1 	 -1 
240.57		155.209 	 127.772578114 	 32.2620914084 	 0 	 1 	 1 	 1 
231.16		160.893 	 96.4796827007 	 18.8837200892 	 1 	 1 	 1 	 0 
224.196		166.996 	 98.0982911345 	 13.3311169483 	 1 	 1 	 1 	 1 
219.909		173.413 	 91.2710468946 	 14.0947175178 	 1 	 0 	 1 	 0 
218.461		180 	 74.7362435344 	 28.2598703534 	 1 	 1 	 1 	 0 
219.909		186.587 	 125.215875406 	 30.5733572414 	 0 	 0 	 1 	 1 
224.196		193.004 	 72.1277918728 	 8.36527708396 	 1 	 0 	 1 	 -1 
231.16		199.107 	 79.3780142382 	 10.4149406991 	 1 	 0 	 1 	 0 
240.57		204.791 	 101.537081695 	 25.0668252142 	 1 	 0 	 1 	 0 
252.146		210 	 42.7808687295 	 4.02371793161 	 0 	 1 	 1 	 1 
240.57		215.209 	 102.908042027 	 6.05207578695 	 1 	 1 	 1 	 1 
231.161		220.893 	 74.9172598192 	 358.443036696 	 0 	 0 	 1 	 -1 
224.196		226.996 	 95.6337540688 	 47.5927597067 	 1 	 0 	 1 	 1 
219.909		233.413 	 113.616465509 	 13.8193358128 	 0 	 0 	 1 	 1 
218.461		240 	 112.138558001 	 25.7464990948 	 1 	 1 	 1 	 1 
219.909		246.587 	 87.020224845 	 18.4886836366 	 0 	 1 	 1 	 1 
224.195		253.004 	 117.456413402 	 39.9257151261 	 1 	 0 	 1 	 1 
231.16		259.107 	 91.303318714 	 33.8681315836 	 0 	 0 	 1 	 1 
240.57		264.791 	 96.5787313371 	 44.4925967432 	 0 	 0 	 1 	 1 
252.146		270 	 92.5293935941 	 33.0817605603 	 1 	 0 	 1 	 0 
240.57		275.209 	 76.3838867149 	 10.4322486004 	 1 	 0 	 1 	 0 
231.16		280.893 	 50.6528754283 	 4.09250826382 	 0 	 0 	 1 	 1 
224.195		286.996 	 62.8302322612 	 42.0299829232 	 1 	 1 	 1 	 0 
219.909		293.413 	 52.0923718209 	 45.7912671748 	 0 	 1 	 1 	 1 
218.461		300 	 106.467269992 	 354.994997014 	 1 	 0 	 1 	 -1 
219.909		306.587 	 125.485036828 	 14.8658914854 	 1 	 0 	 1 	 -1 
224.196		313.004 	 87.7245202554 	 20.3393372059 	 1 	 1 	 1 	 -1 
231.161		319.107 	 85.3136807473 	 29.5276836418 	 0 	 0 	 1 	 -1 
240.57		324.791 	 101.681443588 	 16.6399252184 	 1 	 0 	 1 	 1 
252.146		330 	 64.0748032364 	 18.3746053579 	 0 	 1 	 1 	 1 
265.601		334.715 	 86.1253746054 	 24.9925184674 	 0 	 0 	 1 	 -1 
255.886		339.826 	 93.2462448916 	 9.90533572327 	 0 	 0 	 1 	 0 
248.348		345.295 	 59.8797589383 	 23.2558120397 	 1 	 0 	 1 	 0 
243.191		351.052 	 75.4631486358 	 24.6671495287 	 0 	 0 	 1 	 -1 
240.57		356.996 	 79.2374046485 	 18.3358801825 	 1 	 0 	 1 	 -1 
240.57		3.00449 	 88.4142680429 	 31.3015297593 	 1 	 0 	 1 	 1 
243.191		8.94827 	 55.5725103596 	 19.8031841999 	 0 	 1 	 1 	 1 
248.348		14.7047 	 72.9939255445 	 17.6388520718 	 1 	 0 	 1 	 1 
255.886		20.1736 	 122.63096203 	 34.6303620163 	 0 	 0 	 1 	 0 
265.601		25.285 	 58.7437487764 	 43.4624781611 	 1 	 0 	 1 	 -1 
277.258		30 	 81.3909857474 	 29.696694085 	 0 	 1 	 1 	 -1 
265.601		34.715 	 128.423427759 	 32.2658434624 	 1 	 0 	 1 	 -1 
255.887		39.8264 	 102.968427377 	 34.7476107833 	 0 	 1 	 1 	 0 
248.348		45.2953 	 87.253342557 	 5.78272511045 	 1 	 1 	 1 	 0 
243.191		51.0517 	 76.2093849791 	 10.7121786845 	 1 	 0 	 1 	 -1 
240.57		56.9955 	 41.182629995 	 6.74725130851 	 1 	 1 	 1 	 -1 
240.57		63.0045 	 88.7267566876 	 19.0710294007 	 1 	 1 	 1 	 -1 
243.191		68.9483 	 75.0726875554 	 25.2498692592 	 1 	 0 	 1 	 -1 
248.348		74.7047 	 105.006589069 	 7.43469620849 	 1 	 0 	 1 	 0 
255.887		80.1736 	 78.7264780191 	 39.8465973276 	 0 	 0 	 1 	 0 
265.601		85.285 	 61.6475725047 	 51.8841347426 	 0 	 1 	 1 	 1 
277.257		90 	 110.22586773 	 38.3996480929 	 1 	 1 	 1 	 1 
265.601		94.715 	 51.3684846489 	 32.676556422 	 0 	 0 	 1 	 0 
255.887		99.8264 	 85.4512286574 	 13.5118886126 	 1 	 0 	 1 	 -1 
248.348		105.295 	 64.4767981106 	 45.9877348225 	 1 	 1 	 1 	 -1 
243.191		111.052 	 97.8454637536 	 15.2922666609 	 1 	 0 	 1 	 0 
240.57		116.996 	 90.5725660053 	 32.8423936988 	 0 	 1 	 1 	 -1 
240.57		123.005 	 84.6125644453 	 6.87110275061 	 1 	 1 	 1 	 -1 
243.191		128.948 	 70.5051510413 	 24.5598760624 	 1 	 0 	 1 	 -1 
248.348		134.705 	 54.1063526999 	 357.338665721 	 1 	 1 	 1 	 1 
255.887		140.174 	 58.7912131847 	 9.21801898637 	 0 	 1 	 1 	 0 
265.6		145.285 	 94.8147830653 	 47.4206519276 	 1 	 1 	 1 	 1 
277.257		150 	 72.1255656414 	 356.288784198 	 1 	 1 	 1 	 0 
265.601		154.715 	 83.7018580767 	 5.20844688369 	 0 	 1 	 1 	 0 
255.886		159.826 	 136.882764393 	 19.757666954 	 0 	 0 	 1 	 0 
248.348		165.295 	 92.3953877596 	 21.5199944929 	 0 	 1 	 1 	 -1 
243.191		171.052 	 91.6127862626 	 20.6999051296 	 1 	 1 	 1 	 1 
240.57		176.996 	 71.275744143 	 18.4691873372 	 0 	 1 	 1 	 0 
240.57		183.005 	 93.6773314972 	 2.20059662212 	 0 	 1 	 1 	 0 
243.191		188.948 	 54.5975015973 	 28.7147874213 	 0 	 0 	 1 	 1 
248.348		194.705 	 113.698010905 	 31.8757876707 	 1 	 1 	 1 	 0 
255.886		200.174 	 86.8683321222 	 27.2892363893 	 0 	 1 	 1 	 1 
265.601		205.285 	 54.3032501268 	 348.590218185 	 1 	 1 	 1 	 0 
277.258		210 	 62.9291225911 	 9.10996456096 	 1 	 0 	 1 	 1 
265.6		214.715 	 79.7338034449 	 29.5780445531 	 0 	 0 	 1 	 0 
255.887		219.826 	 50.8682195102 	 30.1565503995 	 1 	 0 	 1 	 -1 
248.348		225.295 	 63.7195903814 	 346.270293991 	 1 	 1 	 1 	 1 
243.191		231.052 	 113.486547013 	 20.8026091387 	 1 	 1 	 1 	 -1 
240.57		236.995 	 58.4305086962 	 48.9382546373 	 1 	 1 	 1 	 -1 
240.57		243.004 	 69.681192975 	 53.0012481302 	 1 	 1 	 1 	 0 
243.19		248.948 	 129.787482172 	 8.61303603914 	 0 	 0 	 1 	 1 
248.348		254.705 	 89.3433969829 	 28.4939177488 	 0 	 0 	 1 	 -1 
255.886		260.174 	 91.5095647301 	 23.8417672553 	 0 	 0 	 1 	 1 
265.601		265.285 	 106.193957062 	 4.69934590724 	 0 	 0 	 1 	 0 
277.258		270 	 97.7849564135 	 7.58423776058 	 1 	 0 	 1 	 0 
265.601		274.715 	 89.7316562246 	 24.3998694181 	 1 	 1 	 1 	 0 
255.886		279.826 	 93.4883156911 	 15.0532970873 	 1 	 1 	 1 	 0 
248.348		285.295 	 117.166104264 	 42.0764675105 	 1 	 1 	 1 	 1 
243.19		291.052 	 44.1482200174 	 9.59999039209 	 1 	 0 	 1 	 -1 
240.57		296.996 	 110.694441157 	 42.6753974447 	 0 	 0 	 1 	 0 
240.57		303.004 	 85.5433767225 	 7.11433499672 	 1 	 1 	 1 	 0 
243.191		308.948 	 79.2517323206 	 16.5558696318 	 1 	 1 	 1 	 0 
248.348		314.705 	 126.621057792 	 9.79027169957 	 1 	 1 	 1 	 -1 
255.886		320.174 	 57.6353566126 	 11.6094628495 	 0 	 1 	 1 	 -1 
265.6		325.285 	 84.2332714608 	 20.7822109486 	 0 	 1 	 1 	 0 
277.258		330 	 86.1556150768 	 10.1618105984 	 1 	 1 	 1 	 1 
290.619		334.307 	 99.3912059988 	 354.2348771 	 1 	 0 	 1 	 0 
280.659		338.948 	 92.8685095276 	 41.3360472282 	 1 	 1 	 1 	 -1 
272.656		343.898 	 96.0327212734 	 28.0325645186 	 1 	 1 	 1 	 0 
266.79		349.107 	 73.6056500626 	 1.60319606962 	 1 	 1 	 1 	 1 
263.206		354.504 	 50.8090776788 	 26.4113360255 	 1 	 1 	 1 	 0 
262.001		0 	 119.283188865 	 20.0858035002 	 1 	 1 	 1 	 0 
263.206		5.49637 	 111.030864722 	 27.9326899044 	 0 	 1 	 1 	 0 
266.79		10.8934 	 66.1035272306 	 10.6729727127 	 1 	 1 	 1 	 -1 
272.656		16.1021 	 98.6829292764 	 23.7179334039 	 0 	 0 	 1 	 1 
280.659		21.0517 	 115.241981947 	 7.05314825412 	 0 	 1 	 1 	 0 
290.619		25.6934 	 81.9281029934 	 357.131249248 	 0 	 0 	 1 	 0 
302.34		30 	 94.9530916912 	 17.3471900737 	 1 	 1 	 1 	 -1 
290.619		34.3066 	 93.6118705262 	 28.0229511526 	 1 	 1 	 1 	 1 
280.659		38.9483 	 87.9538954549 	 16.1691698393 	 0 	 1 	 1 	 0 
272.656		43.8979 	 55.0219358541 	 40.9751616612 	 0 	 1 	 1 	 0 
266.789		49.1066 	 80.3747119511 	 29.4704010011 	 0 	 1 	 1 	 -1 
263.206		54.5036 	 118.899676739 	 8.25228240417 	 0 	 0 	 1 	 1 
262.001		60 	 132.44639833 	 16.0749020045 	 0 	 0 	 1 	 1 
263.206		65.4964 	 66.9547060098 	 9.05832906754 	 1 	 1 	 1 	 -1 
266.79		70.8934 	 51.3990587534 	 45.7940016327 	 1 	 1 	 1 	 1 
272.656		76.1021 	 72.7037677578 	 347.013528478 	 0 	 0 	 1 	 0 
280.659		81.0517 	 45.0572969497 	 40.6187826461 	 1 	 0 	 1 	 -1 
290.619		85.6934 	 101.425892659 	 31.7232147403 	 0 	 1 	 1 	 -1 
302.34		90 	 78.4597140955 	 14.1305807653 	 0 	 1 	 1 	 1 
290.619		94.3066 	 80.4580297063 	 12.6951393681 	 1 	 0 	 1 	 -1 
280.659		98.9483 	 90.3236621335 	 19.6352308549 	 0 	 1 	 1 	 -1 
272.655		103.898 	 99.7779477361 	 358.289499439 	 1 	 1 	 1 	 0 
266.79		109.107 	 122.305727765 	 23.051593358 	 0 	 1 	 1 	 0 
263.206		114.504 	 80.117914774 	 37.2665788794 	 0 	 0 	 1 	 -1 
262		120 	 80.9078243177 	 28.8661916799 	 0 	 0 	 1 	 0 
263.206		125.496 	 131.330250663 	 16.9372607589 	 1 	 0 	 1 	 -1 
266.79		130.893 	 118.016557987 	 358.970584696 	 0 	 0 	 1 	 -1 
272.655		136.102 	 111.747364542 	 22.4724292106 	 0 	 1 	 1 	 1 
280.659		141.052 	 91.7254611875 	 20.0241044024 	 1 	 0 	 1 	 1 
290.619		145.693 	 85.7489268406 	 18.9525426574 	 0 	 0 	 1 	 1 
302.34		150 	 79.4381047249 	 16.4066947921 	 1 	 1 	 1 	 1 
290.619		154.307 	 133.37656617 	 10.9296737973 	 1 	 0 	 1 	 1 
280.659		158.948 	 68.5646335531 	 12.6524288142 	 0 	 1 	 1 	 1 
272.656		163.898 	 103.565093759 	 26.4422853763 	 0 	 0 	 1 	 0 
266.789		169.107 	 100.101136249 	 26.5881623279 	 0 	 0 	 1 	 -1 
263.206		174.504 	 71.5766206285 	 24.1828425086 	 0 	 1 	 1 	 0 
262.001		180 	 88.5934685309 	 18.7365249695 	 1 	 1 	 1 	 0 
263.206		185.496 	 97.4767461418 	 8.23464577919 	 0 	 0 	 1 	 -1 
266.789		190.893 	 73.461874045 	 345.280576283 	 0 	 1 	 1 	 1 
272.656		196.102 	 87.3604519265 	 12.0369272156 	 0 	 1 	 1 	 1 
280.659		201.052 	 91.9572278372 	 5.98523000804 	 0 	 1 	 1 	 0 
290.619		205.693 	 87.995601383 	 27.8663330975 	 1 	 1 	 1 	 -1 
302.34		210 	 83.5121381064 	 25.4620693259 	 1 	 0 	 1 	 1 
290.619		214.307 	 98.4293349017 	 35.1781771942 	 1 	 0 	 1 	 -1 
280.658		218.948 	 85.2436794495 	 28.707098176 	 0 	 0 	 1 	 -1 
272.656		223.898 	 119.729983734 	 23.4104529375 	 1 	 0 	 1 	 1 
266.79		229.107 	 87.8361801134 	 44.4835905168 	 1 	 0 	 1 	 -1 
263.206		234.504 	 92.1554777917 	 45.1084179915 	 0 	 0 	 1 	 1 
262		240 	 61.9347245432 	 16.5503969892 	 1 	 0 	 1 	 0 
263.206		245.496 	 123.205831492 	 26.0461159301 	 0 	 1 	 1 	 0 
266.789		250.893 	 76.0434656235 	 23.3295224494 	 1 	 0 	 1 	 1 
272.656		256.102 	 132.17538328 	 12.5015051414 	 0 	 1 	 1 	 -1 
280.659		261.052 	 107.935596574 	 5.66782289406 	 0 	 0 	 1 	 -1 
290.62		265.693 	 134.67817417 	 15.7230385304 	 0 	 0 	 1 	 1 
302.34		270 	 120.480511854 	 3.02754367888 	 0 	 1 	 1 	 1 
290.62		274.307 	 85.7550159169 	 23.0316827382 	 1 	 0 	 1 	 0 
280.659		278.948 	 81.7209771967 	 26.2579623065 	 1 	 0 	 1 	 0 
272.656		283.898 	 81.0621351163 	 8.57503693616 	 0 	 1 	 1 	 -1 
266.789		289.107 	 115.99434581 	 8.51555370049 	 0 	 1 	 1 	 -1 
263.206		294.504 	 97.0336367631 	 14.4103421439 	 1 	 1 	 1 	 1 
262		300 	 131.070539705 	 5.5955127608 	 1 	 1 	 1 	 1 
263.206		305.496 	 76.547306249 	 1.94600247019 	 1 	 1 	 1 	 1 
266.79		310.893 	 108.24131083 	 357.260085058 	 1 	 0 	 1 	 -1 
272.656		316.102 	 85.6507640709 	 19.677451888 	 0 	 0 	 1 	 0 
280.659		321.052 	 81.6875433279 	 359.013733163 	 0 	 0 	 1 	 0 
290.619		325.693 	 96.600328627 	 15.7092245827 	 1 	 1 	 1 	 -1 
302.34		330 	 130.394162994 	 6.48520913091 	 1 	 1 	 1 	 -1 
315.62		333.963 	 80.2453168873 	 37.0142677285 	 1 	 0 	 1 	 0 
305.457		338.213 	 93.6794239158 	 20.8709244104 	 1 	 0 	 1 	 -1 
297.071		342.731 	 115.203654014 	 16.8232463481 	 1 	 1 	 1 	 1 
290.619		347.48 	 63.328523209 	 351.72893076 	 0 	 0 	 1 	 1 
286.236		352.411 	 125.902798731 	 3.96140688811 	 0 	 1 	 1 	 -1 
284.018		357.457 	 96.6207180302 	 28.9768437424 	 1 	 0 	 1 	 0 
284.018		2.54292 	 87.0532152189 	 9.62603872073 	 0 	 0 	 1 	 -1 
286.236		7.58909 	 71.1570098576 	 50.9812461337 	 0 	 1 	 1 	 1 
290.619		12.5198 	 67.6649792924 	 21.8171969749 	 0 	 1 	 1 	 0 
297.071		17.2695 	 82.5617703465 	 35.6499213765 	 0 	 1 	 1 	 -1 
305.457		21.7868 	 117.689383264 	 358.527821557 	 0 	 0 	 1 	 0 
315.62		26.0368 	 123.72908409 	 3.40316709418 	 1 	 0 	 1 	 -1 
327.39		30 	 88.2466242977 	 18.2747998803 	 0 	 0 	 1 	 -1 
305.457		38.2132 	 62.902928419 	 25.461789556 	 0 	 0 	 1 	 0 
297.071		42.7305 	 69.4021048586 	 10.5812263586 	 0 	 0 	 1 	 -1 
290.619		47.4802 	 89.042988656 	 20.4874268564 	 1 	 1 	 1 	 1 
286.236		52.4109 	 69.4785244726 	 19.0875552612 	 0 	 0 	 1 	 1 
284.018		57.4571 	 48.9707709388 	 11.3101974245 	 0 	 0 	 1 	 -1 
284.018		62.5429 	 40.7457163647 	 19.9340086639 	 0 	 0 	 1 	 -1 
286.236		67.5891 	 110.015908317 	 357.896071382 	 0 	 0 	 1 	 1 
290.619		72.5198 	 103.427412585 	 36.0331189753 	 0 	 0 	 1 	 -1 
297.071		77.2695 	 89.9425911528 	 6.78412564153 	 1 	 0 	 1 	 0 
305.457		81.7868 	 89.7560968195 	 357.509680335 	 0 	 0 	 1 	 1 
315.62		86.0368 	 81.5398424973 	 16.5267197392 	 0 	 1 	 1 	 0 
327.39		90 	 55.5291401355 	 26.1198347821 	 1 	 0 	 1 	 1 
315.62		93.9632 	 53.3507518605 	 42.5055674467 	 0 	 0 	 1 	 0 
305.457		98.2132 	 56.5577563215 	 37.7806003394 	 1 	 1 	 1 	 1 
297.071		102.731 	 98.9833385496 	 358.757772935 	 0 	 0 	 1 	 1 
290.619		107.48 	 80.8780976628 	 351.190606134 	 1 	 1 	 1 	 1 
286.236		112.411 	 105.639815817 	 27.9123048406 	 0 	 0 	 1 	 1 
284.018		117.457 	 99.2865486774 	 21.3232611081 	 1 	 0 	 1 	 -1 
284.018		122.543 	 104.959892727 	 12.3566546268 	 0 	 1 	 1 	 1 
286.236		127.589 	 65.639341957 	 18.3331107831 	 1 	 1 	 1 	 1 
290.62		132.52 	 83.6938619388 	 9.63189772396 	 0 	 1 	 1 	 1 
297.071		137.269 	 87.5571984565 	 32.7698913786 	 1 	 1 	 1 	 0 
305.457		141.787 	 75.5733884785 	 38.0220211916 	 0 	 0 	 1 	 -1 
315.62		146.037 	 100.568515629 	 17.7274388437 	 1 	 1 	 1 	 1 
327.39		150 	 128.244692548 	 19.9380514023 	 1 	 1 	 1 	 1 
315.619		153.963 	 86.6845835106 	 19.2347938336 	 1 	 0 	 1 	 0 
305.457		158.213 	 44.1797468944 	 5.67779386192 	 0 	 0 	 1 	 -1 
297.071		162.731 	 89.1227574811 	 17.2326966099 	 0 	 0 	 1 	 0 
290.62		167.48 	 87.8696020107 	 19.2644352998 	 1 	 1 	 1 	 1 
286.236		172.411 	 76.3378886011 	 348.395582705 	 0 	 1 	 1 	 1 
284.019		177.457 	 87.3866593827 	 11.8782681994 	 1 	 0 	 1 	 0 
284.019		182.543 	 88.7905976279 	 18.8966997636 	 1 	 0 	 1 	 1 
286.236		187.589 	 97.2101827616 	 350.204404492 	 0 	 0 	 1 	 1 
290.62		192.52 	 94.5763368763 	 355.403567838 	 0 	 0 	 1 	 0 
297.071		197.269 	 71.3925816317 	 26.595001834 	 0 	 0 	 1 	 1 
305.457		201.787 	 88.0747652853 	 18.8632896043 	 0 	 0 	 1 	 0 
315.62		206.037 	 109.68446986 	 352.360751555 	 1 	 0 	 1 	 0 
327.39		210 	 125.435663744 	 34.9690804876 	 1 	 1 	 1 	 1 
315.62		213.963 	 78.0731332504 	 356.963835037 	 0 	 0 	 1 	 -1 
305.457		218.213 	 97.6976478032 	 8.3430559618 	 0 	 1 	 1 	 -1 
297.071		222.731 	 104.255885592 	 16.6817288969 	 1 	 1 	 1 	 -1 
290.619		227.48 	 57.0659097007 	 33.024682898 	 0 	 0 	 1 	 -1 
286.236		232.411 	 131.489814888 	 16.2185297559 	 1 	 0 	 1 	 1 
284.018		237.457 	 88.4232490299 	 18.776102803 	 1 	 1 	 1 	 0 
284.019		242.543 	 108.799228231 	 24.3024525065 	 0 	 0 	 1 	 0 
286.236		247.589 	 51.8864816419 	 1.57198136041 	 0 	 0 	 1 	 0 
290.62		252.52 	 116.687591416 	 4.90839670818 	 0 	 0 	 1 	 1 
297.071		257.269 	 78.7209201957 	 45.2605751614 	 0 	 1 	 1 	 1 
305.457		261.787 	 77.9088624686 	 17.3027053569 	 1 	 1 	 1 	 1 
315.62		266.037 	 94.3692872695 	 37.4988771888 	 1 	 0 	 1 	 -1 
327.39		270 	 67.8403155096 	 16.5862120671 	 0 	 0 	 1 	 0 
315.62		273.963 	 91.4327772234 	 17.779068037 	 1 	 0 	 1 	 1 
305.457		278.213 	 85.1407918896 	 35.6561750958 	 1 	 1 	 1 	 0 
297.071		282.731 	 136.297860989 	 14.8417042328 	 0 	 1 	 1 	 -1 
290.62		287.48 	 92.6508678065 	 25.5134413674 	 1 	 1 	 1 	 1 
286.236		292.411 	 60.3353790326 	 354.093875197 	 1 	 1 	 1 	 0 
284.019		297.457 	 86.7516472364 	 350.845570011 	 0 	 0 	 1 	 -1 
284.018		302.543 	 69.0893163763 	 20.1087652152 	 1 	 1 	 1 	 -1 
286.236		307.589 	 91.4000479336 	 15.8017340431 	 1 	 1 	 1 	 0 
290.619		312.52 	 91.0477104893 	 17.7191903381 	 1 	 0 	 1 	 0 
297.071		317.269 	 73.6507498444 	 23.4219524865 	 0 	 1 	 1 	 0 
305.457		321.787 	 97.6835096868 	 17.4850800725 	 1 	 1 	 1 	 0 
327.39		330 	 91.4255045625 	 23.6826769181 	 0 	 0 	 1 	 -1 
340.597		333.67 	 93.3111173352 	 17.0422042307 	 1 	 0 	 1 	 -1 
330.266		337.589 	 124.681500199 	 25.4964561489 	 1 	 0 	 1 	 1 
321.56		341.742 	 84.0710501157 	 353.119192052 	 1 	 1 	 1 	 -1 
314.619		346.102 	 68.9271652186 	 14.113939526 	 1 	 0 	 1 	 -1 
309.563		350.633 	 84.3178676626 	 1.39398565476 	 0 	 0 	 1 	 1 
306.489		355.285 	 44.0974125847 	 7.46610499253 	 1 	 1 	 1 	 0 
305.457		0 	 103.947657351 	 3.48557002397 	 0 	 0 	 1 	 -1 
306.489		4.715 	 90.6500601429 	 24.4992531232 	 1 	 1 	 1 	 1 
309.563		9.367 	 97.4105895607 	 359.409483124 	 1 	 1 	 1 	 1 
314.619		13.8979 	 106.965229217 	 38.5190631403 	 0 	 0 	 1 	 0 
321.56		18.2585 	 123.030418565 	 19.6437891604 	 0 	 1 	 1 	 1 
330.266		22.4109 	 89.1100006495 	 1.66840061416 	 1 	 1 	 1 	 -1 
340.597		26.3295 	 74.4165755425 	 358.685115299 	 1 	 1 	 1 	 -1 
352.406		30 	 121.623148199 	 36.9773534519 	 0 	 0 	 1 	 0 
340.597		33.6705 	 89.3196200297 	 351.879265085 	 0 	 1 	 1 	 1 
330.266		37.5891 	 135.98278884 	 24.5061710066 	 0 	 0 	 1 	 1 
321.56		41.7415 	 94.9960237941 	 20.0650035778 	 0 	 0 	 1 	 1 
314.619		46.1021 	 95.9285681644 	 14.8417524291 	 1 	 1 	 1 	 0 
309.563		50.633 	 107.847684127 	 18.5214329507 	 0 	 0 	 1 	 -1 
306.489		55.285 	 115.139805178 	 34.9729829359 	 1 	 1 	 1 	 0 
305.457		60 	 79.9947395668 	 12.3884301224 	 0 	 1 	 1 	 -1 
306.489		64.715 	 76.4458100992 	 23.7674036865 	 0 	 0 	 1 	 1 
309.563		69.367 	 117.149490263 	 21.3359850512 	 1 	 1 	 1 	 -1 
314.619		73.8979 	 105.95156008 	 30.0525622342 	 1 	 0 	 1 	 1 
321.56		78.2585 	 60.9264728855 	 1.20138632551 	 0 	 0 	 1 	 0 
330.266		82.4109 	 110.382519657 	 44.9785338516 	 1 	 0 	 1 	 -1 
340.597		86.3295 	 89.4584297231 	 18.0546336305 	 0 	 1 	 1 	 -1 
352.406		90 	 106.392651015 	 15.4650480796 	 0 	 1 	 1 	 1 
340.597		93.6705 	 52.0691802712 	 359.919668242 	 0 	 1 	 1 	 -1 
330.266		97.5891 	 126.124751716 	 8.51258149888 	 0 	 1 	 1 	 0 
321.56		101.742 	 113.00622008 	 9.10308756603 	 0 	 1 	 1 	 -1 
314.619		106.102 	 89.4414045325 	 33.8734102679 	 1 	 1 	 1 	 -1 
309.563		110.633 	 71.2925171275 	 7.60762844498 	 0 	 0 	 1 	 -1 
306.489		115.285 	 87.7585378017 	 47.639338634 	 1 	 0 	 1 	 1 
305.457		120 	 126.390975277 	 3.60479153029 	 0 	 0 	 1 	 -1 
306.489		124.715 	 66.8656588119 	 357.611794992 	 1 	 1 	 1 	 0 
309.563		129.367 	 59.6503459297 	 348.53646671 	 0 	 0 	 1 	 0 
314.619		133.898 	 85.2756001498 	 16.2038506015 	 1 	 0 	 1 	 1 
321.56		138.258 	 67.0151393119 	 357.629489845 	 0 	 1 	 1 	 0 
330.266		142.411 	 94.2657668579 	 44.794190913 	 1 	 1 	 1 	 1 
340.597		146.329 	 132.842369599 	 13.2794697573 	 0 	 1 	 1 	 1 
352.406		150 	 66.1083564857 	 17.3144845896 	 0 	 1 	 1 	 1 
340.597		153.671 	 101.389617851 	 31.7041899082 	 0 	 1 	 1 	 -1 
330.266		157.589 	 74.9727151859 	 16.6838676716 	 1 	 0 	 1 	 0 
321.561		161.742 	 58.8516431093 	 1.48197907798 	 0 	 0 	 1 	 -1 
314.618		166.102 	 131.519685677 	 29.6685075027 	 1 	 0 	 1 	 0 
309.563		170.633 	 137.485607032 	 15.812224363 	 0 	 1 	 1 	 1 
306.488		175.285 	 87.3167257243 	 18.655663997 	 0 	 0 	 1 	 0 
305.457		180 	 105.204126656 	 35.5883836516 	 0 	 1 	 1 	 -1 
306.488		184.715 	 85.0646726368 	 15.1751708067 	 1 	 0 	 1 	 -1 
309.563		189.367 	 50.4253091424 	 350.857244221 	 0 	 0 	 1 	 -1 
314.618		193.898 	 108.96959983 	 11.4715656007 	 0 	 1 	 1 	 1 
321.561		198.258 	 89.421088175 	 11.518663401 	 1 	 1 	 1 	 1 
330.266		202.411 	 117.539636981 	 30.0190291228 	 0 	 0 	 1 	 1 
340.597		206.329 	 77.695352051 	 11.4330912389 	 0 	 0 	 1 	 0 
352.406		210 	 51.5287677821 	 32.0055072725 	 1 	 0 	 1 	 1 
330.266		217.589 	 90.065345279 	 29.0339650937 	 0 	 1 	 1 	 -1 
321.56		221.742 	 86.7956689311 	 5.75380408579 	 1 	 1 	 1 	 -1 
314.619		226.102 	 89.9255604794 	 49.2386352541 	 0 	 1 	 1 	 0 
309.563		230.633 	 115.311143326 	 32.1560752125 	 0 	 0 	 1 	 0 
306.489		235.285 	 125.064703945 	 4.90669572516 	 0 	 0 	 1 	 0 
305.456		240 	 91.7569648337 	 32.4246357628 	 1 	 0 	 1 	 -1 
306.488		244.715 	 73.8468181592 	 41.6166822431 	 1 	 1 	 1 	 1 
309.563		249.367 	 91.6697339282 	 19.446018128 	 0 	 1 	 1 	 -1 
314.619		253.898 	 53.9353091762 	 12.186196595 	 1 	 1 	 1 	 1 
321.56		258.258 	 95.6054604544 	 41.1027977986 	 1 	 0 	 1 	 0 
330.266		262.411 	 92.2513594177 	 0.0993843141686 	 0 	 0 	 1 	 0 
340.597		266.33 	 90.8203803771 	 38.2283478501 	 1 	 1 	 1 	 0 
340.597		273.671 	 88.0073899544 	 9.57578800206 	 0 	 1 	 1 	 -1 
330.266		277.589 	 100.440969137 	 24.725584039 	 1 	 0 	 1 	 0 
321.56		281.742 	 129.922558914 	 14.7583060064 	 1 	 0 	 1 	 1 
314.619		286.102 	 85.1063189175 	 26.2846310486 	 1 	 1 	 1 	 -1 
309.563		290.633 	 79.5136351558 	 28.7338196317 	 0 	 0 	 1 	 1 
306.488		295.285 	 101.166238701 	 5.38884035208 	 0 	 1 	 1 	 0 
305.457		300 	 85.4263579114 	 349.29197041 	 0 	 1 	 1 	 0 
306.489		304.715 	 78.1198038528 	 1.46417478125 	 1 	 0 	 1 	 1 
309.563		309.367 	 110.707805743 	 41.0228279862 	 0 	 0 	 1 	 1 
314.619		313.898 	 59.78671518 	 24.3990298648 	 1 	 1 	 1 	 1 
321.56		318.258 	 111.198486111 	 6.62292499528 	 1 	 0 	 1 	 -1 
330.266		322.411 	 109.566039911 	 16.5381541463 	 1 	 1 	 1 	 0 
340.597		326.33 	 134.671527399 	 24.5952265897 	 0 	 1 	 1 	 0 
352.406		330 	 97.8834340022 	 28.4524160956 	 0 	 0 	 1 	 0 
365.546		333.418 	 68.3950009342 	 17.9177739109 	 0 	 1 	 1 	 1 
355.074		337.053 	 62.7855433884 	 19.7359035509 	 1 	 0 	 1 	 0 
346.099		340.893 	 96.6452550655 	 11.9955979688 	 1 	 0 	 1 	 1 
338.742		344.921 	 80.0568016043 	 6.03171432996 	 1 	 1 	 1 	 -1 
333.116		349.107 	 82.4172068179 	 34.5433103809 	 0 	 1 	 1 	 0 
329.31		353.413 	 65.0945468236 	 44.6209441703 	 0 	 1 	 1 	 -1 
327.39		357.796 	 76.7882499383 	 26.9509177572 	 0 	 0 	 1 	 0 
327.39		2.20423 	 80.9928379116 	 17.6485701282 	 0 	 1 	 1 	 -1 
329.31		6.58678 	 40.7668243566 	 16.7110916696 	 1 	 1 	 1 	 1 
333.116		10.8934 	 127.909079325 	 8.42152649204 	 0 	 0 	 1 	 1 
338.742		15.0791 	 88.4025196963 	 18.9123592894 	 0 	 1 	 1 	 -1 
346.099		19.1066 	 88.1732410802 	 19.8284137074 	 0 	 0 	 1 	 1 
355.074		22.9473 	 64.6271663457 	 22.8970520493 	 1 	 1 	 1 	 -1 
365.546		26.582 	 72.0443339517 	 21.0227733512 	 1 	 0 	 1 	 1 
377.385		30 	 101.222611483 	 13.5461582193 	 0 	 1 	 1 	 0 
365.546		33.418 	 87.1309282982 	 18.2004644775 	 1 	 0 	 1 	 -1 
355.074		37.0527 	 78.9730215318 	 355.76103535 	 1 	 1 	 1 	 0 
346.099		40.8934 	 80.8805254848 	 30.4788104275 	 1 	 0 	 1 	 1 
338.743		44.9209 	 81.2151651854 	 9.15630276598 	 0 	 0 	 1 	 1 
333.116		49.1066 	 81.4580375845 	 9.7094434114 	 1 	 1 	 1 	 -1 
329.31		53.4132 	 88.1278143488 	 8.46908774457 	 1 	 0 	 1 	 -1 
327.39		57.7958 	 90.9016228369 	 22.1645085029 	 1 	 1 	 1 	 0 
327.39		62.2042 	 88.3683077441 	 7.07392289388 	 0 	 0 	 1 	 0 
329.31		66.5868 	 81.544061647 	 40.239795278 	 0 	 1 	 1 	 1 
333.116		70.8934 	 130.828169848 	 30.0327644234 	 1 	 1 	 1 	 0 
338.742		75.0791 	 136.008664037 	 18.5650950393 	 1 	 1 	 1 	 -1 
346.099		79.1066 	 94.2052430142 	 5.62321800954 	 0 	 1 	 1 	 -1 
355.074		82.9473 	 112.133475341 	 41.8219342252 	 0 	 1 	 1 	 0 
