25.2587		30 	 -110.583024001 	 -126.364216839 	 0 	 0 	 1 	 0 
25.2587		90 	 -2.78628991822 	 -23.9704170671 	 0 	 0 	 1 	 0 
25.2587		150 	 -51.8419271603 	 -85.160546909 	 1 	 1 	 1 	 1 
25.2587		210 	 -26.4175763459 	 24.7331336323 	 0 	 0 	 1 	 0 
25.2587		270 	 62.472022822 	 -109.149845332 	 1 	 0 	 1 	 1 
43.7478		0 	 8.05334903655 	 173.513416619 	 0 	 0 	 1 	 1 
50.5147		30 	 194.830342365 	 39.6383325725 	 1 	 1 	 1 	 0 
43.7478		60 	 -178.607141467 	 77.0963561553 	 1 	 1 	 1 	 -1 
50.5147		90 	 -121.530016747 	 -109.982246304 	 0 	 0 	 1 	 0 
43.7478		120 	 125.235393203 	 152.194435041 	 0 	 1 	 1 	 1 
50.5147		150 	 25.2159140174 	 -174.370586638 	 0 	 1 	 1 	 0 
43.7478		180 	 -93.2214609425 	 -74.570099926 	 0 	 1 	 1 	 1 
50.5147		210 	 -89.3724964879 	 -0.189383027609 	 1 	 0 	 1 	 0 
43.7478		240 	 51.4517770226 	 -75.62103956 	 1 	 0 	 1 	 -1 
43.7478		300 	 -10.7121303334 	 96.0555814817 	 1 	 0 	 1 	 -1 
50.5148		330 	 287.817900316 	 -55.1171248037 	 1 	 1 	 1 	 0 
66.8212		349.107 	 5.72644967705 	 62.0844615909 	 1 	 1 	 1 	 1 
66.8212		10.8934 	 151.39712036 	 134.155024747 	 1 	 1 	 1 	 0 
75.7654		30 	 -115.64837224 	 30.8393364381 	 0 	 1 	 1 	 -1 
66.8212		49.1066 	 -70.0163322494 	 -58.6687531238 	 0 	 1 	 1 	 1 
66.8212		70.8934 	 147.252665668 	 131.946002365 	 0 	 1 	 1 	 -1 
75.7654		90 	 76.4103413976 	 118.114811094 	 1 	 0 	 1 	 -1 
66.8212		109.107 	 170.732940165 	 1.54663491893 	 0 	 1 	 1 	 1 
66.8212		130.893 	 -159.077554798 	 -157.360520137 	 1 	 1 	 1 	 1 
75.7654		150 	 29.1235382859 	 -66.4268438291 	 0 	 0 	 1 	 1 
66.8212		169.107 	 -286.643800851 	 120.58869577 	 1 	 1 	 1 	 1 
66.8212		190.893 	 88.3659850567 	 -15.4375748738 	 0 	 0 	 1 	 1 
66.8212		229.107 	 -36.6333787669 	 -74.4789165193 	 1 	 1 	 1 	 1 
66.8212		250.893 	 43.9068672513 	 -1.05221126941 	 0 	 0 	 1 	 0 
75.7654		270 	 -247.954535992 	 -1.9890027067 	 0 	 0 	 1 	 -1 
66.8212		289.107 	 -78.9454555113 	 -111.6113766 	 1 	 0 	 1 	 1 
66.8212		310.893 	 -148.784184671 	 -103.265695443 	 0 	 1 	 1 	 -1 
75.7654		330 	 -4.01557330232 	 -60.3252674193 	 1 	 0 	 1 	 1 
91.0523		343.898 	 47.7463175148 	 -48.8974482946 	 0 	 1 	 1 	 1 
87.4818		0 	 -237.87688103 	 -119.34008603 	 1 	 1 	 1 	 -1 
91.0523		16.1021 	 56.3746743346 	 -128.246238485 	 1 	 0 	 1 	 -1 
101.008		30 	 37.8927630143 	 -175.511325978 	 1 	 1 	 1 	 1 
91.0523		43.8979 	 67.1422847982 	 -50.1334307171 	 1 	 0 	 1 	 1 
87.4818		60 	 -171.764369598 	 114.219382565 	 1 	 1 	 1 	 1 
91.0523		76.1021 	 -124.655375935 	 -95.0295976069 	 1 	 0 	 1 	 1 
91.0523		103.898 	 -134.051040263 	 11.2901086473 	 1 	 1 	 1 	 -1 
87.4818		120 	 43.8372007871 	 45.3430622143 	 1 	 1 	 1 	 0 
91.0523		136.102 	 -227.814543829 	 67.9833055924 	 0 	 1 	 1 	 -1 
91.0523		163.898 	 -53.0341960794 	 -79.693769 	 0 	 0 	 1 	 1 
87.4818		180 	 99.0067422096 	 -81.1400066477 	 1 	 1 	 1 	 -1 
91.0523		196.102 	 190.732582218 	 -13.0174362592 	 1 	 1 	 1 	 1 
101.008		210 	 -185.306392796 	 -32.8872599876 	 1 	 1 	 1 	 0 
91.0523		223.898 	 110.211997163 	 -163.242034964 	 0 	 0 	 1 	 1 
87.4818		240 	 -85.5120400806 	 -105.970823165 	 1 	 1 	 1 	 0 
91.0523		256.102 	 -6.26295642547 	 -105.303022965 	 1 	 1 	 1 	 0 
101.008		270 	 -153.672293242 	 -10.8494839396 	 0 	 0 	 1 	 1 
91.0523		283.898 	 104.456040921 	 105.680925234 	 1 	 1 	 1 	 -1 
87.4817		300 	 303.762250801 	 136.0936508 	 0 	 1 	 1 	 -1 
91.0523		316.102 	 39.5889854847 	 -139.419483658 	 0 	 0 	 1 	 0 
101.008		330 	 -307.12744695 	 -105.377037656 	 0 	 1 	 1 	 -1 
115.709		340.893 	 82.9741387329 	 63.9915590635 	 0 	 1 	 1 	 -1 
110.065		353.413 	 -100.612971589 	 175.276496725 	 1 	 0 	 1 	 0 
110.065		6.58677 	 -64.0147852985 	 -45.5868828578 	 0 	 0 	 1 	 1 
115.709		19.1066 	 -130.081562655 	 -0.0943114072892 	 0 	 1 	 1 	 0 
126.24		30 	 -136.608242578 	 -92.4610295575 	 1 	 1 	 1 	 -1 
115.709		40.8934 	 -123.406640901 	 -114.943445972 	 0 	 0 	 1 	 0 
110.065		53.4132 	 -15.7229661253 	 44.5076764426 	 0 	 0 	 1 	 -1 
110.065		66.5868 	 -49.7749253086 	 119.794207032 	 1 	 0 	 1 	 1 
115.709		79.1066 	 251.565242854 	 114.657881155 	 0 	 0 	 1 	 0 
126.24		90 	 -99.1526284714 	 30.8410304761 	 1 	 0 	 1 	 0 
115.709		100.893 	 -21.4480868673 	 -80.7721400591 	 1 	 0 	 1 	 0 
110.065		113.413 	 116.233483967 	 -127.92886539 	 1 	 0 	 1 	 0 
110.065		126.587 	 128.747901977 	 -22.9508675515 	 1 	 0 	 1 	 0 
115.709		139.107 	 120.644915452 	 70.5114840356 	 0 	 1 	 1 	 -1 
126.24		150 	 107.192596877 	 -140.837058086 	 0 	 0 	 1 	 1 
115.709		160.893 	 157.502201565 	 116.472655904 	 1 	 1 	 1 	 -1 
110.066		173.413 	 -200.220333916 	 -166.054180007 	 1 	 0 	 1 	 -1 
110.066		186.587 	 18.7869259103 	 108.576552316 	 0 	 1 	 1 	 1 
115.709		199.107 	 53.0018627126 	 -172.12347032 	 1 	 1 	 1 	 -1 
126.24		210 	 -86.4376061902 	 -7.17820923251 	 0 	 0 	 1 	 0 
115.709		220.893 	 159.736141993 	 69.7911141365 	 1 	 0 	 1 	 -1 
110.065		233.413 	 -66.6508934262 	 122.777607624 	 1 	 0 	 1 	 0 
110.065		246.587 	 -0.232780118865 	 119.5978079 	 1 	 0 	 1 	 0 
115.709		259.107 	 -284.157316278 	 -94.6295200982 	 1 	 1 	 1 	 -1 
126.24		270 	 199.059483051 	 -69.8727380106 	 0 	 1 	 1 	 1 
115.709		280.893 	 -154.61455336 	 160.949118055 	 0 	 0 	 1 	 1 
110.065		293.413 	 70.5431119463 	 -59.7290557828 	 0 	 1 	 1 	 0 
110.065		306.587 	 -82.1177206701 	 -137.208778441 	 0 	 0 	 1 	 1 
115.709		319.107 	 -436.206175437 	 -144.71446809 	 0 	 1 	 1 	 1 
126.24		330 	 -168.513659527 	 -27.2897284483 	 0 	 1 	 1 	 -1 
140.56		338.948 	 -223.587255313 	 153.973278262 	 1 	 0 	 1 	 -1 
133.593		349.107 	 26.5603328846 	 172.539335031 	 0 	 0 	 1 	 1 
131.188		0 	 -29.3636434038 	 -63.1646747603 	 0 	 1 	 1 	 1 
133.593		10.8934 	 27.7013332533 	 -90.727199459 	 0 	 0 	 1 	 -1 
140.56		21.0517 	 -56.0208349704 	 -101.207497072 	 1 	 1 	 1 	 0 
151.459		30 	 -125.524581688 	 123.233107223 	 0 	 1 	 1 	 1 
140.56		38.9483 	 13.0682685348 	 44.4719362958 	 0 	 0 	 1 	 0 
133.593		49.1066 	 -41.2289411415 	 -131.848505752 	 1 	 1 	 1 	 -1 
131.188		60 	 -346.09518145 	 74.335750989 	 1 	 0 	 1 	 0 
133.593		70.8934 	 182.941800028 	 136.441049255 	 1 	 0 	 1 	 0 
140.56		81.0517 	 74.7287032209 	 -176.27244211 	 1 	 0 	 1 	 -1 
151.459		90 	 124.712360708 	 179.176496811 	 0 	 1 	 1 	 1 
140.56		98.9483 	 -169.905796143 	 112.394680747 	 0 	 0 	 1 	 1 
133.593		109.107 	 -49.3429431929 	 136.54420502 	 0 	 1 	 1 	 0 
131.188		120 	 -39.5071534013 	 -164.921679292 	 0 	 0 	 1 	 -1 
133.593		130.893 	 -145.422830353 	 147.774767553 	 1 	 1 	 1 	 1 
140.56		141.052 	 65.1018584506 	 -121.257328882 	 1 	 1 	 1 	 0 
151.459		150 	 16.1018505189 	 -161.527105887 	 1 	 1 	 1 	 0 
140.56		158.948 	 124.633124491 	 -32.033287341 	 1 	 0 	 1 	 -1 
133.593		169.107 	 -172.910657911 	 101.355903625 	 0 	 0 	 1 	 -1 
131.188		180 	 -19.5704982671 	 146.075700726 	 0 	 1 	 1 	 -1 
133.593		190.893 	 -47.8701355761 	 26.3083573916 	 1 	 1 	 1 	 1 
140.56		201.052 	 -132.744776181 	 -50.0400959782 	 1 	 1 	 1 	 -1 
151.459		210 	 101.132666495 	 61.4616698908 	 0 	 1 	 1 	 1 
140.56		218.948 	 -24.5179992185 	 -135.680354225 	 0 	 1 	 1 	 1 
133.593		229.107 	 81.1445340583 	 -176.164161782 	 1 	 0 	 1 	 -1 
131.188		240 	 -49.085609433 	 91.6767027328 	 0 	 0 	 1 	 0 
133.592		250.893 	 18.4948509456 	 7.50859233343 	 1 	 1 	 1 	 1 
140.56		261.052 	 234.059697274 	 64.2244470339 	 0 	 0 	 1 	 1 
151.459		270 	 3.4762513758 	 67.2734620798 	 1 	 1 	 1 	 1 
140.56		278.948 	 58.9370756231 	 -74.5365913752 	 0 	 1 	 1 	 1 
133.592		289.107 	 136.83781753 	 -25.5118830016 	 0 	 1 	 1 	 1 
131.188		300 	 -91.0777813491 	 -26.1473100861 	 1 	 1 	 1 	 0 
133.593		310.893 	 54.8102459411 	 124.87576444 	 1 	 1 	 1 	 1 
140.56		321.052 	 163.558894516 	 83.9459139094 	 0 	 1 	 1 	 -1 
151.459		330 	 155.787332191 	 145.81303353 	 1 	 0 	 1 	 0 
165.51		337.589 	 -1.87715250239 	 19.9260736004 	 0 	 0 	 1 	 0 
157.635		346.102 	 40.4201089843 	 118.814054887 	 0 	 1 	 1 	 0 
153.545		355.285 	 -94.9028241846 	 120.84553316 	 1 	 0 	 1 	 -1 
153.545		4.715 	 88.5094549306 	 -84.0825965915 	 1 	 0 	 1 	 -1 
157.635		13.8979 	 48.1363414861 	 -10.5959586613 	 0 	 1 	 1 	 0 
165.51		22.4109 	 -389.3322897 	 72.1924124538 	 1 	 1 	 1 	 -1 
176.661		30 	 235.097693546 	 10.1054382436 	 1 	 1 	 1 	 -1 
165.51		37.5891 	 110.015402222 	 -155.001577519 	 1 	 0 	 1 	 -1 
157.635		46.1021 	 78.5392602024 	 -1.72002348444 	 1 	 0 	 1 	 1 
153.545		55.285 	 82.4918430151 	 -41.4746301133 	 1 	 1 	 1 	 0 
153.545		64.715 	 -113.534287441 	 -153.879206372 	 1 	 1 	 1 	 0 
157.635		73.8979 	 -255.598659252 	 63.9738321263 	 1 	 0 	 1 	 -1 
165.51		82.4109 	 -111.953232912 	 -126.595740369 	 1 	 1 	 1 	 1 
176.661		90 	 -60.7391161224 	 -44.5582072595 	 1 	 0 	 1 	 1 
165.51		97.5891 	 79.317425674 	 -174.588447614 	 1 	 1 	 1 	 0 
157.635		106.102 	 188.069724155 	 71.5952055048 	 1 	 0 	 1 	 -1 
153.545		115.285 	 -134.057758854 	 164.907048598 	 0 	 0 	 1 	 1 
153.545		124.715 	 -6.57583421502 	 -37.4377035014 	 1 	 0 	 1 	 1 
157.635		133.898 	 -8.61464568836 	 -61.5979168035 	 0 	 1 	 1 	 1 
165.51		142.411 	 -10.6996495086 	 -112.012495904 	 1 	 1 	 1 	 0 
176.661		150 	 -276.157797244 	 171.616819014 	 0 	 1 	 1 	 -1 
165.509		157.589 	 410.344145601 	 -21.9379133827 	 0 	 1 	 1 	 0 
157.635		166.102 	 314.510021716 	 91.3915337657 	 0 	 0 	 1 	 1 
153.546		175.285 	 35.8034962795 	 -160.502521352 	 1 	 0 	 1 	 -1 
153.546		184.715 	 97.8786850088 	 -126.017724855 	 1 	 0 	 1 	 0 
157.635		193.898 	 90.605442519 	 -54.4578599585 	 1 	 1 	 1 	 -1 
165.509		202.411 	 250.690948092 	 -93.092113605 	 1 	 1 	 1 	 0 
165.51		217.589 	 -155.945304288 	 -164.006544453 	 0 	 1 	 1 	 0 
157.635		226.102 	 0.511334146025 	 25.5202689444 	 1 	 0 	 1 	 0 
153.545		235.285 	 -122.443497699 	 14.6722697361 	 0 	 1 	 1 	 -1 
153.545		244.715 	 224.826852605 	 147.438578576 	 1 	 1 	 1 	 0 
157.635		253.898 	 -188.138567123 	 -150.735228573 	 0 	 1 	 1 	 0 
165.51		262.411 	 -76.4566503075 	 -147.122007491 	 1 	 0 	 1 	 0 
176.661		270 	 -92.6849886026 	 -83.4971448847 	 0 	 1 	 1 	 -1 
165.51		277.589 	 24.2683665174 	 107.728043154 	 0 	 1 	 1 	 0 
157.635		286.102 	 82.1797223263 	 -98.2199550907 	 0 	 0 	 1 	 1 
153.545		295.285 	 -68.1762390791 	 68.5694966645 	 0 	 1 	 1 	 0 
153.545		304.715 	 -243.722619679 	 84.7929698244 	 0 	 0 	 1 	 0 
157.635		313.898 	 -219.83092815 	 -13.5053876041 	 0 	 0 	 1 	 0 
165.51		322.411 	 -193.695299125 	 -101.063424285 	 1 	 1 	 1 	 1 
176.661		330 	 180.228941573 	 -31.0756100803 	 0 	 1 	 1 	 1 
190.511		336.587 	 -48.5087958789 	 163.705446049 	 0 	 0 	 1 	 0 
181.979		343.898 	 39.6068561951 	 105.983459259 	 0 	 1 	 1 	 -1 
176.661		351.787 	 -171.715992519 	 -43.3830491604 	 0 	 1 	 1 	 -1 
174.852		0 	 79.1144198888 	 35.3492193939 	 0 	 0 	 1 	 -1 
176.661		8.21321 	 136.126812353 	 -56.2988264598 	 1 	 1 	 1 	 1 
181.979		16.1021 	 -49.4026458949 	 144.835226627 	 1 	 0 	 1 	 -1 
190.511		23.4132 	 5.77294140388 	 -148.087445546 	 0 	 1 	 1 	 0 
201.845		30 	 84.4367132184 	 83.18948332 	 1 	 0 	 1 	 -1 
181.979		43.8979 	 -32.9989623493 	 -151.922070513 	 0 	 1 	 1 	 1 
176.661		51.7868 	 -27.8819482534 	 148.091217663 	 0 	 0 	 1 	 1 
174.852		60 	 -50.374142545 	 -46.526398131 	 1 	 1 	 1 	 -1 
176.661		68.2132 	 -61.0024444745 	 54.2904195389 	 0 	 0 	 1 	 -1 
181.979		76.1021 	 -141.087970637 	 -111.576584004 	 1 	 1 	 1 	 1 
190.511		83.4132 	 156.975084002 	 171.605954172 	 0 	 0 	 1 	 -1 
201.845		90 	 -3.18420552824 	 -101.443945804 	 0 	 0 	 1 	 1 
190.511		96.5868 	 -36.7022559132 	 -13.0979020661 	 0 	 0 	 1 	 0 
181.979		103.898 	 94.4777304745 	 -29.304937832 	 1 	 1 	 1 	 1 
176.661		111.787 	 -39.5747848366 	 51.0272694659 	 1 	 0 	 1 	 -1 
174.852		120 	 92.2171417538 	 158.219384653 	 1 	 0 	 1 	 -1 
176.661		128.213 	 67.3656337534 	 79.5501698909 	 0 	 1 	 1 	 -1 
181.979		136.102 	 42.8179102843 	 -89.2537535669 	 1 	 1 	 1 	 0 
190.51		143.413 	 -102.053625453 	 31.0830839665 	 0 	 0 	 1 	 -1 
201.845		150 	 132.39579677 	 104.032386646 	 0 	 0 	 1 	 0 
190.511		156.587 	 -121.791499601 	 -5.85407511591 	 1 	 0 	 1 	 0 
181.979		163.898 	 27.3431218627 	 -25.0818300214 	 0 	 1 	 1 	 1 
176.661		171.787 	 -102.371311635 	 -133.163190187 	 1 	 1 	 1 	 -1 
174.852		180 	 -49.3849115193 	 -175.393352924 	 0 	 0 	 1 	 0 
176.661		188.213 	 115.999299553 	 -51.5991191645 	 1 	 1 	 1 	 -1 
181.979		196.102 	 213.639626148 	 -75.0209726097 	 0 	 1 	 1 	 -1 
190.511		203.413 	 79.9356955245 	 -9.88448924232 	 0 	 0 	 1 	 -1 
201.845		210 	 -115.06208259 	 -48.0767039875 	 1 	 1 	 1 	 -1 
190.51		216.587 	 191.583289567 	 -177.192029312 	 1 	 1 	 1 	 -1 
181.979		223.898 	 -119.399844939 	 -103.180795169 	 1 	 0 	 1 	 0 
176.661		231.787 	 -59.292528497 	 65.3739008972 	 1 	 0 	 1 	 -1 
174.853		240 	 -174.664161679 	 11.1917777465 	 1 	 1 	 1 	 -1 
176.662		248.213 	 -42.4474691897 	 33.5260035841 	 1 	 1 	 1 	 0 
181.979		256.102 	 -235.434811695 	 41.3273747367 	 1 	 1 	 1 	 -1 
190.511		263.413 	 88.2284537485 	 51.9683821145 	 0 	 0 	 1 	 -1 
190.511		276.587 	 -94.5775308574 	 -104.185766283 	 1 	 1 	 1 	 -1 
181.979		283.898 	 48.3314269342 	 72.1315094558 	 1 	 1 	 1 	 1 
176.662		291.787 	 -154.545951639 	 42.751788749 	 1 	 0 	 1 	 1 
174.853		300 	 78.6430660373 	 63.1450844719 	 1 	 0 	 1 	 1 
176.661		308.213 	 -246.164516593 	 -172.615325787 	 1 	 1 	 1 	 -1 
181.979		316.102 	 -212.696348464 	 -100.386527327 	 0 	 1 	 1 	 1 
190.511		323.413 	 131.969827782 	 -175.199070787 	 0 	 0 	 1 	 1 
201.845		330 	 343.901994513 	 76.0549347859 	 0 	 0 	 1 	 -1 
215.536		335.818 	 24.8250853242 	 -105.811280523 	 0 	 0 	 1 	 1 
206.511		342.216 	 -88.1543814664 	 -142.356324261 	 1 	 1 	 1 	 0 
200.265		349.107 	 78.528141657 	 3.05199021011 	 1 	 1 	 1 	 0 
197.068		356.329 	 57.2592959801 	 -44.6960549525 	 0 	 0 	 1 	 -1 
197.068		3.6705 	 -125.999507614 	 -102.386432706 	 1 	 1 	 1 	 0 
200.265		10.8934 	 247.195417726 	 -150.461743323 	 1 	 0 	 1 	 0 
206.511		17.7836 	 -15.1807201366 	 14.1986393715 	 1 	 0 	 1 	 -1 
215.536		24.1825 	 64.488339482 	 34.6140441053 	 1 	 0 	 1 	 0 
227.007		30 	 -62.4373763585 	 -156.499369556 	 1 	 0 	 1 	 0 
215.536		35.8175 	 -213.774200488 	 164.852638762 	 0 	 1 	 1 	 0 
206.511		42.2164 	 106.076533353 	 -38.8220018498 	 1 	 1 	 1 	 -1 
200.265		49.1066 	 154.286648075 	 133.083720154 	 0 	 1 	 1 	 -1 
197.068		56.3295 	 -135.527183582 	 -14.7431098103 	 1 	 1 	 1 	 1 
197.068		63.6705 	 -49.235776638 	 -178.307770348 	 1 	 0 	 1 	 1 
200.265		70.8934 	 -9.24895618104 	 -61.1077470898 	 1 	 0 	 1 	 -1 
206.511		77.7836 	 -18.8657170977 	 -81.8085016569 	 0 	 1 	 1 	 0 
215.536		84.1825 	 -329.899576317 	 -50.032355025 	 1 	 1 	 1 	 0 
227.007		90 	 -75.6235336218 	 60.6191694892 	 1 	 1 	 1 	 -1 
215.536		95.8175 	 5.17572791788 	 -2.85980235794 	 1 	 1 	 1 	 0 
206.511		102.216 	 80.7121063145 	 121.166506432 	 0 	 0 	 1 	 0 
200.265		109.107 	 500.939179359 	 -124.796855787 	 0 	 0 	 1 	 -1 
197.068		116.33 	 -162.156671488 	 3.02998383371 	 0 	 0 	 1 	 -1 
197.068		123.671 	 -25.4012850676 	 163.380219674 	 1 	 0 	 1 	 0 
200.265		130.893 	 50.6390635992 	 101.513135633 	 1 	 1 	 1 	 -1 
206.51		137.784 	 -327.234345558 	 -45.8766724395 	 1 	 1 	 1 	 -1 
215.536		144.182 	 -244.393859127 	 28.4068943712 	 1 	 0 	 1 	 1 
227.007		150 	 237.554530926 	 57.0165722446 	 1 	 0 	 1 	 1 
215.536		155.818 	 -151.217303424 	 -149.659251755 	 0 	 0 	 1 	 0 
206.511		162.216 	 147.054653245 	 -172.509045578 	 0 	 0 	 1 	 -1 
200.266		169.107 	 97.4406727698 	 -121.239995029 	 1 	 0 	 1 	 -1 
197.068		176.33 	 80.9594281325 	 -2.20473746344 	 1 	 1 	 1 	 1 
197.068		183.671 	 81.428786528 	 -36.1003798101 	 1 	 0 	 1 	 1 
200.266		190.893 	 -51.8263204895 	 176.952949921 	 1 	 1 	 1 	 -1 
206.511		197.784 	 -29.1111261145 	 -9.54249651045 	 1 	 1 	 1 	 -1 
215.536		204.182 	 64.9067345414 	 102.873875014 	 1 	 0 	 1 	 0 
227.007		210 	 -127.615704509 	 -0.924267061073 	 0 	 0 	 1 	 -1 
215.536		215.818 	 180.040236414 	 -118.367772983 	 0 	 1 	 1 	 1 
206.51		222.216 	 377.934375578 	 -100.661688244 	 0 	 1 	 1 	 -1 
200.265		229.107 	 -39.3930841526 	 8.47051503005 	 0 	 0 	 1 	 0 
197.068		236.329 	 -163.748136437 	 97.5165241135 	 1 	 1 	 1 	 1 
197.068		243.671 	 -90.6681361535 	 137.336809509 	 0 	 0 	 1 	 0 
200.265		250.893 	 93.2845484819 	 152.54555546 	 1 	 1 	 1 	 0 
206.51		257.784 	 -151.82814841 	 -6.85365765489 	 1 	 0 	 1 	 0 
215.536		264.182 	 387.105062981 	 -61.9896788658 	 1 	 0 	 1 	 -1 
227.007		270 	 43.1432685189 	 -163.195273095 	 0 	 1 	 1 	 1 
215.536		275.818 	 -166.353114654 	 -1.12049065113 	 0 	 0 	 1 	 0 
206.51		282.216 	 -95.1463617663 	 21.3088465138 	 0 	 0 	 1 	 -1 
200.265		289.107 	 -126.601550544 	 124.190440714 	 0 	 1 	 1 	 1 
197.068		296.329 	 10.2309690371 	 27.4064894728 	 1 	 1 	 1 	 0 
197.068		303.67 	 -98.8410775649 	 -117.983918222 	 0 	 0 	 1 	 0 
200.265		310.893 	 -307.544587592 	 99.4974609639 	 0 	 0 	 1 	 -1 
206.511		317.784 	 97.4726691904 	 146.385019798 	 0 	 0 	 1 	 0 
227.008		330 	 113.018888486 	 164.869519615 	 1 	 1 	 1 	 1 
240.57		335.209 	 -41.3441024889 	 63.3474960266 	 0 	 0 	 1 	 1 
231.161		340.893 	 -28.3419968902 	 -73.5618441417 	 1 	 0 	 1 	 -1 
224.195		346.996 	 -53.3830637285 	 -61.8782624578 	 0 	 0 	 1 	 0 
219.909		353.413 	 -25.3841343549 	 68.5104561294 	 1 	 0 	 1 	 -1 
218.461		0 	 -248.482628444 	 -163.25343638 	 1 	 0 	 1 	 1 
219.909		6.58678 	 -168.633851305 	 -74.2278246367 	 0 	 0 	 1 	 1 
224.195		13.0039 	 -201.829447555 	 -178.932848053 	 0 	 0 	 1 	 1 
231.161		19.1066 	 335.561044196 	 156.42570855 	 0 	 1 	 1 	 -1 
240.57		24.7913 	 65.0123801952 	 -131.091176696 	 1 	 1 	 1 	 -1 
252.146		30 	 -56.0434375452 	 54.6536015739 	 1 	 1 	 1 	 0 
240.57		35.2087 	 -25.4652663002 	 177.012877055 	 1 	 1 	 1 	 -1 
231.161		40.8934 	 -190.920921154 	 -179.173418122 	 0 	 1 	 1 	 -1 
224.195		46.9961 	 186.735311821 	 178.380075516 	 1 	 1 	 1 	 -1 
219.909		53.4132 	 137.132728156 	 151.861232961 	 1 	 0 	 1 	 1 
218.461		60 	 42.712312629 	 -139.548050274 	 1 	 0 	 1 	 1 
219.909		66.5868 	 19.1904985286 	 17.2283752532 	 0 	 0 	 1 	 0 
224.195		73.0039 	 -3.14446499008 	 -26.8567120487 	 0 	 1 	 1 	 1 
231.161		79.1066 	 -63.4572246447 	 95.2585300213 	 0 	 1 	 1 	 0 
240.57		84.7913 	 -117.632513511 	 129.637814038 	 1 	 0 	 1 	 -1 
240.57		95.2087 	 -192.72724604 	 -32.8433635731 	 0 	 0 	 1 	 0 
231.161		100.893 	 126.112225141 	 84.9482814177 	 1 	 0 	 1 	 0 
224.195		106.996 	 257.702421271 	 129.035721575 	 1 	 1 	 1 	 -1 
219.909		113.413 	 -59.8574399294 	 26.973939929 	 0 	 1 	 1 	 1 
218.461		120 	 -45.2993436376 	 161.751661313 	 0 	 0 	 1 	 1 
219.909		126.587 	 248.722156961 	 -52.5856362242 	 0 	 1 	 1 	 1 
224.195		133.004 	 70.3468819619 	 80.4890793436 	 1 	 1 	 1 	 0 
231.161		139.107 	 -114.036074682 	 -145.003605596 	 0 	 0 	 1 	 -1 
252.146		150 	 20.7373903582 	 92.2602533419 	 1 	 0 	 1 	 0 
240.57		155.209 	 363.843778657 	 -57.8300410042 	 0 	 0 	 1 	 0 
231.16		160.893 	 303.221928951 	 -132.712509798 	 1 	 1 	 1 	 -1 
224.196		166.996 	 -134.491749326 	 -43.9991509575 	 0 	 0 	 1 	 1 
219.909		173.413 	 -110.210551127 	 139.704166443 	 0 	 1 	 1 	 0 
218.461		180 	 -170.386275037 	 73.7414164579 	 0 	 0 	 1 	 1 
219.909		186.587 	 -56.5086761279 	 33.0616347649 	 0 	 0 	 1 	 -1 
224.196		193.004 	 39.5581609341 	 5.41153400899 	 0 	 1 	 1 	 -1 
231.16		199.107 	 -125.731101187 	 -60.4282401297 	 0 	 0 	 1 	 1 
240.57		204.791 	 177.695215737 	 139.545995685 	 1 	 0 	 1 	 0 
252.146		210 	 -32.1303224957 	 144.329345695 	 1 	 1 	 1 	 1 
240.57		215.209 	 -177.711066441 	 78.0405936029 	 0 	 0 	 1 	 -1 
231.161		220.893 	 -125.117351413 	 91.5238951911 	 0 	 1 	 1 	 -1 
224.196		226.996 	 74.7449053833 	 -58.6998629948 	 0 	 1 	 1 	 -1 
219.909		233.413 	 -164.409411906 	 176.56785561 	 0 	 1 	 1 	 0 
218.461		240 	 109.838379448 	 66.0833152349 	 1 	 1 	 1 	 -1 
219.909		246.587 	 -114.900272995 	 -117.364969713 	 1 	 1 	 1 	 0 
224.195		253.004 	 -56.9306384834 	 -127.574278953 	 0 	 0 	 1 	 1 
231.16		259.107 	 -113.812861225 	 -10.730530899 	 1 	 0 	 1 	 1 
240.57		264.791 	 -25.8007226729 	 -121.657980462 	 1 	 0 	 1 	 0 
252.146		270 	 246.296869697 	 63.4831524171 	 0 	 0 	 1 	 0 
240.57		275.209 	 18.7504812071 	 60.0989482456 	 1 	 1 	 1 	 -1 
231.16		280.893 	 -14.4064742336 	 -91.7151425921 	 1 	 1 	 1 	 1 
224.195		286.996 	 166.842549184 	 4.0841731014 	 1 	 0 	 1 	 -1 
219.909		293.413 	 53.0333800441 	 110.605927856 	 0 	 1 	 1 	 1 
218.461		300 	 79.8794430346 	 22.679267116 	 0 	 1 	 1 	 0 
219.909		306.587 	 -188.294862831 	 -45.1745805136 	 1 	 1 	 1 	 -1 
224.196		313.004 	 -145.2083616 	 -26.9697533882 	 0 	 0 	 1 	 1 
231.161		319.107 	 150.53133485 	 -52.6585363002 	 0 	 1 	 1 	 1 
240.57		324.791 	 188.495054137 	 118.46510259 	 1 	 0 	 1 	 0 
252.146		330 	 -207.787251637 	 -11.2510081821 	 0 	 1 	 1 	 -1 
265.601		334.715 	 148.702025721 	 -34.4940612992 	 1 	 1 	 1 	 1 
255.886		339.826 	 136.936512125 	 -31.1985989624 	 1 	 0 	 1 	 -1 
248.348		345.295 	 29.5299142521 	 -91.7991230985 	 0 	 1 	 1 	 0 
243.191		351.052 	 -125.982263821 	 -42.3474262879 	 0 	 0 	 1 	 -1 
240.57		356.996 	 269.362910569 	 105.360861619 	 0 	 1 	 1 	 0 
240.57		3.00449 	 -279.707354105 	 -11.4263044735 	 0 	 0 	 1 	 -1 
243.191		8.94827 	 -200.508011569 	 83.5205704728 	 1 	 0 	 1 	 1 
248.348		14.7047 	 -88.4810316176 	 37.3675112842 	 0 	 1 	 1 	 1 
255.886		20.1736 	 85.6784733364 	 131.014455045 	 0 	 1 	 1 	 0 
265.601		25.285 	 -183.429133514 	 20.1115260534 	 0 	 1 	 1 	 1 
277.258		30 	 213.513645604 	 87.8774611773 	 1 	 1 	 1 	 -1 
265.601		34.715 	 286.429297174 	 141.59994494 	 0 	 1 	 1 	 1 
255.887		39.8264 	 1.58203310141 	 117.571159646 	 0 	 1 	 1 	 0 
248.348		45.2953 	 100.2350986 	 -48.1384132027 	 1 	 0 	 1 	 1 
243.191		51.0517 	 117.952730402 	 -28.4510919773 	 1 	 1 	 1 	 0 
240.57		56.9955 	 162.165737654 	 -76.559362358 	 1 	 1 	 1 	 -1 
240.57		63.0045 	 -32.009010405 	 103.740548643 	 1 	 0 	 1 	 -1 
243.191		68.9483 	 -216.004606403 	 -163.091423352 	 1 	 1 	 1 	 0 
248.348		74.7047 	 93.4556924921 	 155.676689046 	 1 	 1 	 1 	 -1 
255.887		80.1736 	 1.46199364713 	 26.0121612145 	 0 	 1 	 1 	 0 
265.601		85.285 	 136.286144886 	 159.383137531 	 1 	 0 	 1 	 0 
277.257		90 	 -26.3409834635 	 96.152136106 	 0 	 1 	 1 	 0 
265.601		94.715 	 -75.9568062573 	 8.41693927026 	 1 	 1 	 1 	 -1 
255.887		99.8264 	 6.04680801697 	 52.4094847299 	 0 	 0 	 1 	 -1 
248.348		105.295 	 -375.112085099 	 -126.844833859 	 0 	 1 	 1 	 1 
243.191		111.052 	 259.26206281 	 -94.9280161459 	 0 	 0 	 1 	 -1 
240.57		116.996 	 -162.924310717 	 142.67654695 	 1 	 1 	 1 	 -1 
240.57		123.005 	 -54.5884625133 	 -126.716552265 	 0 	 1 	 1 	 0 
243.191		128.948 	 229.464023059 	 -16.9285717302 	 0 	 0 	 1 	 1 
248.348		134.705 	 17.061752717 	 -6.92210150758 	 0 	 0 	 1 	 0 
255.887		140.174 	 -148.007070134 	 25.0567845387 	 1 	 1 	 1 	 1 
265.6		145.285 	 -351.703230972 	 -137.161796121 	 1 	 1 	 1 	 -1 
277.257		150 	 88.4503246361 	 -144.652511175 	 1 	 0 	 1 	 0 
265.601		154.715 	 257.624108372 	 -87.3248948582 	 1 	 1 	 1 	 -1 
255.886		159.826 	 -250.336167548 	 54.9327157818 	 0 	 1 	 1 	 1 
248.348		165.295 	 1.86188531164 	 28.7416928953 	 0 	 0 	 1 	 0 
243.191		171.052 	 -197.962058179 	 133.306260552 	 0 	 1 	 1 	 1 
240.57		176.996 	 58.0125468873 	 -73.5016479553 	 1 	 1 	 1 	 1 
240.57		183.005 	 -35.3001650347 	 153.002741838 	 0 	 0 	 1 	 0 
243.191		188.948 	 117.96976755 	 43.00770475 	 0 	 1 	 1 	 1 
248.348		194.705 	 -305.994301783 	 116.746766778 	 1 	 0 	 1 	 1 
255.886		200.174 	 30.0396805154 	 -139.557655392 	 1 	 1 	 1 	 0 
265.601		205.285 	 -104.065874938 	 142.056400324 	 1 	 1 	 1 	 -1 
277.258		210 	 64.823470386 	 -38.6978720773 	 0 	 0 	 1 	 1 
265.6		214.715 	 -39.1240885146 	 -91.4969123175 	 0 	 0 	 1 	 -1 
255.887		219.826 	 -251.62900609 	 38.8891686724 	 1 	 1 	 1 	 -1 
248.348		225.295 	 206.02595733 	 -138.419043956 	 0 	 0 	 1 	 -1 
243.191		231.052 	 77.3352857774 	 123.462333472 	 1 	 1 	 1 	 0 
240.57		236.995 	 175.647105428 	 54.6907281753 	 1 	 0 	 1 	 0 
240.57		243.004 	 54.2949865992 	 -44.381211207 	 0 	 1 	 1 	 -1 
243.19		248.948 	 -229.326819923 	 92.4578554573 	 0 	 0 	 1 	 -1 
248.348		254.705 	 -105.733369491 	 -1.84164510462 	 0 	 0 	 1 	 1 
255.886		260.174 	 119.482833567 	 56.0900193271 	 1 	 1 	 1 	 -1 
265.601		265.285 	 -244.447388115 	 169.20734062 	 1 	 1 	 1 	 0 
277.258		270 	 -73.6818704469 	 49.538108694 	 1 	 1 	 1 	 -1 
265.601		274.715 	 117.02956187 	 -130.40527456 	 1 	 0 	 1 	 0 
255.886		279.826 	 -114.118417454 	 20.1026199419 	 1 	 1 	 1 	 -1 
248.348		285.295 	 76.6529644339 	 -162.951747457 	 0 	 1 	 1 	 -1 
243.19		291.052 	 149.319885262 	 -42.6039584443 	 1 	 1 	 1 	 0 
240.57		296.996 	 -25.6414229614 	 162.160812752 	 1 	 0 	 1 	 0 
240.57		303.004 	 -235.936413767 	 105.869118659 	 0 	 0 	 1 	 -1 
243.191		308.948 	 -289.53459714 	 -56.645603506 	 1 	 0 	 1 	 0 
248.348		314.705 	 -412.752044109 	 -133.965391247 	 0 	 0 	 1 	 0 
255.886		320.174 	 -245.583914558 	 26.7332306167 	 1 	 0 	 1 	 -1 
265.6		325.285 	 -120.803032662 	 -165.308072344 	 0 	 1 	 1 	 1 
277.258		330 	 143.342162061 	 123.979192585 	 0 	 1 	 1 	 1 
290.619		334.307 	 191.735064155 	 -139.84129094 	 0 	 0 	 1 	 -1 
280.659		338.948 	 -60.8989694319 	 155.857536626 	 0 	 1 	 1 	 0 
272.656		343.898 	 -165.848965366 	 3.62837691274 	 0 	 0 	 1 	 0 
266.79		349.107 	 108.004841759 	 114.836472902 	 1 	 1 	 1 	 1 
263.206		354.504 	 -145.983199319 	 99.7475500482 	 0 	 1 	 1 	 0 
262.001		0 	 -119.377171968 	 -131.208892443 	 0 	 0 	 1 	 1 
263.206		5.49637 	 192.490425017 	 28.5318685917 	 0 	 1 	 1 	 0 
266.79		10.8934 	 -201.563327791 	 -103.961195586 	 0 	 0 	 1 	 0 
272.656		16.1021 	 -280.483287476 	 -69.3123107521 	 0 	 0 	 1 	 1 
280.659		21.0517 	 367.547520948 	 -101.659478522 	 0 	 1 	 1 	 -1 
290.619		25.6934 	 189.077156489 	 -178.519058114 	 1 	 1 	 1 	 -1 
302.34		30 	 -212.691553077 	 -105.912085435 	 1 	 1 	 1 	 -1 
290.619		34.3066 	 -5.69259099803 	 54.0893410254 	 1 	 1 	 1 	 1 
280.659		38.9483 	 12.5770215245 	 93.4494156012 	 0 	 0 	 1 	 0 
272.656		43.8979 	 -114.068241626 	 96.6660599731 	 0 	 0 	 1 	 -1 
266.789		49.1066 	 -88.1870929461 	 24.9975534937 	 1 	 1 	 1 	 1 
263.206		54.5036 	 -208.382344228 	 -61.8943003318 	 1 	 0 	 1 	 -1 
262.001		60 	 106.944533206 	 50.6224009571 	 1 	 0 	 1 	 1 
263.206		65.4964 	 -353.881687379 	 22.7590859905 	 1 	 0 	 1 	 1 
266.79		70.8934 	 260.010574564 	 -171.19994042 	 0 	 1 	 1 	 -1 
272.656		76.1021 	 213.707677187 	 -117.351364561 	 0 	 0 	 1 	 1 
280.659		81.0517 	 194.648698546 	 63.3523055273 	 0 	 0 	 1 	 -1 
290.619		85.6934 	 -31.3834690572 	 20.9011259523 	 0 	 0 	 1 	 1 
302.34		90 	 18.5488613911 	 58.7915283763 	 1 	 0 	 1 	 0 
290.619		94.3066 	 124.14349023 	 149.6125939 	 1 	 0 	 1 	 1 
280.659		98.9483 	 -167.023117949 	 137.548090267 	 1 	 1 	 1 	 1 
272.655		103.898 	 133.397508323 	 -108.310554821 	 1 	 0 	 1 	 -1 
266.79		109.107 	 -311.607563709 	 -86.5351788652 	 0 	 1 	 1 	 -1 
263.206		114.504 	 27.2456831504 	 -129.643754532 	 0 	 1 	 1 	 0 
262		120 	 14.8447423736 	 -143.346177861 	 0 	 0 	 1 	 -1 
263.206		125.496 	 119.939516856 	 -81.3748295963 	 1 	 1 	 1 	 1 
266.79		130.893 	 -56.5657799803 	 167.802237376 	 1 	 1 	 1 	 1 
272.655		136.102 	 -76.3648795561 	 -125.778638476 	 1 	 0 	 1 	 0 
280.659		141.052 	 12.220076409 	 28.4931600351 	 1 	 1 	 1 	 0 
290.619		145.693 	 -45.3923083477 	 51.4007060542 	 1 	 0 	 1 	 -1 
302.34		150 	 -110.545478839 	 112.043700363 	 1 	 0 	 1 	 0 
290.619		154.307 	 -22.7544718592 	 17.3601297882 	 0 	 1 	 1 	 0 
280.659		158.948 	 163.424258549 	 -86.7277938841 	 0 	 1 	 1 	 -1 
272.656		163.898 	 1.71279098791 	 64.5945597184 	 0 	 0 	 1 	 0 
266.789		169.107 	 -81.4092101849 	 -76.7874565349 	 1 	 0 	 1 	 0 
263.206		174.504 	 -302.944903246 	 21.7313149682 	 1 	 1 	 1 	 0 
262.001		180 	 171.318669719 	 -173.850651974 	 0 	 0 	 1 	 0 
263.206		185.496 	 -135.324128021 	 -157.723338594 	 0 	 0 	 1 	 0 
266.789		190.893 	 -170.406285693 	 -118.854721569 	 0 	 1 	 1 	 -1 
272.656		196.102 	 -136.349558311 	 90.0399273446 	 0 	 0 	 1 	 -1 
280.659		201.052 	 134.564162261 	 15.0192726403 	 1 	 1 	 1 	 -1 
290.619		205.693 	 -225.05801193 	 -29.3762964634 	 0 	 0 	 1 	 1 
302.34		210 	 -124.682092529 	 -134.580927323 	 0 	 1 	 1 	 0 
290.619		214.307 	 1.48967007235 	 -95.166048609 	 1 	 0 	 1 	 -1 
280.658		218.948 	 61.0680350705 	 155.280389349 	 0 	 1 	 1 	 1 
272.656		223.898 	 -51.3405040458 	 -6.50356230294 	 0 	 1 	 1 	 0 
266.79		229.107 	 221.73468727 	 -55.8670875788 	 1 	 0 	 1 	 1 
263.206		234.504 	 -62.5174982797 	 -6.66331167232 	 1 	 1 	 1 	 1 
262		240 	 87.0384143518 	 -132.266579046 	 0 	 1 	 1 	 -1 
263.206		245.496 	 -84.3244485066 	 78.5382177511 	 1 	 1 	 1 	 0 
266.789		250.893 	 182.199489129 	 128.138209633 	 1 	 1 	 1 	 0 
272.656		256.102 	 -61.3075406056 	 -128.019885301 	 0 	 0 	 1 	 -1 
280.659		261.052 	 276.67101835 	 82.3743523225 	 0 	 1 	 1 	 1 
290.62		265.693 	 -104.206624913 	 -18.9613302257 	 1 	 0 	 1 	 1 
302.34		270 	 60.5052162869 	 -119.945127313 	 0 	 0 	 1 	 -1 
290.62		274.307 	 -175.36165421 	 155.79198103 	 0 	 0 	 1 	 -1 
280.659		278.948 	 127.33918615 	 -101.953308015 	 1 	 0 	 1 	 0 
272.656		283.898 	 -94.4343013736 	 91.6574895562 	 1 	 1 	 1 	 -1 
266.789		289.107 	 -100.033243366 	 78.1871628001 	 1 	 1 	 1 	 0 
263.206		294.504 	 251.988711009 	 -102.933447898 	 0 	 1 	 1 	 0 
262		300 	 -283.741390652 	 -58.3758501628 	 0 	 1 	 1 	 1 
263.206		305.496 	 -180.838284291 	 -148.665987935 	 1 	 1 	 1 	 -1 
266.79		310.893 	 -114.557755219 	 114.520842746 	 1 	 1 	 1 	 0 
272.656		316.102 	 105.367237335 	 122.268555403 	 1 	 1 	 1 	 -1 
280.659		321.052 	 -37.1132276239 	 131.226344917 	 1 	 1 	 1 	 1 
290.619		325.693 	 -89.0358799027 	 -27.8038519076 	 1 	 0 	 1 	 1 
302.34		330 	 121.142613867 	 -119.914844237 	 1 	 0 	 1 	 1 
315.62		333.963 	 -115.342927505 	 76.9113261859 	 0 	 0 	 1 	 -1 
305.457		338.213 	 -61.7176494135 	 14.9566972523 	 0 	 1 	 1 	 1 
297.071		342.731 	 -86.7554112973 	 -167.697958343 	 0 	 0 	 1 	 -1 
290.619		347.48 	 -71.7320905004 	 -177.520704115 	 1 	 0 	 1 	 1 
286.236		352.411 	 224.286016165 	 69.2055212114 	 0 	 0 	 1 	 1 
284.018		357.457 	 75.2101669661 	 104.684370142 	 1 	 1 	 1 	 1 
284.018		2.54292 	 67.1715488493 	 -100.067700812 	 1 	 0 	 1 	 1 
286.236		7.58909 	 -269.086101832 	 105.329168374 	 0 	 0 	 1 	 0 
290.619		12.5198 	 215.778168114 	 -132.784637267 	 0 	 1 	 1 	 -1 
297.071		17.2695 	 -136.195212198 	 -156.865752243 	 0 	 0 	 1 	 -1 
305.457		21.7868 	 27.3780926953 	 -162.719554387 	 0 	 1 	 1 	 -1 
315.62		26.0368 	 150.852968743 	 144.031369734 	 0 	 0 	 1 	 -1 
327.39		30 	 -275.839580663 	 165.222598428 	 0 	 0 	 1 	 0 
305.457		38.2132 	 65.7704812013 	 -25.9540844984 	 1 	 1 	 1 	 1 
297.071		42.7305 	 -154.593944126 	 -124.459969546 	 0 	 1 	 1 	 0 
290.619		47.4802 	 -64.3629964134 	 -166.509063037 	 0 	 0 	 1 	 0 
286.236		52.4109 	 334.439432664 	 -41.9629130343 	 0 	 0 	 1 	 0 
284.018		57.4571 	 3.79345092992 	 44.4330757741 	 0 	 0 	 1 	 1 
284.018		62.5429 	 -116.706941937 	 29.1676772484 	 0 	 0 	 1 	 0 
286.236		67.5891 	 -330.954835723 	 -157.899204461 	 1 	 0 	 1 	 1 
290.619		72.5198 	 -99.2577960226 	 164.779784112 	 1 	 0 	 1 	 0 
297.071		77.2695 	 -139.674994162 	 49.2622405974 	 0 	 0 	 1 	 0 
305.457		81.7868 	 -157.390192616 	 -54.0666871625 	 0 	 1 	 1 	 -1 
315.62		86.0368 	 120.546378509 	 -158.623282353 	 1 	 1 	 1 	 1 
327.39		90 	 -140.859433181 	 7.93606394501 	 1 	 1 	 1 	 1 
315.62		93.9632 	 -23.4824797556 	 105.698818913 	 1 	 0 	 1 	 -1 
305.457		98.2132 	 249.242533967 	 -93.2945651277 	 0 	 0 	 1 	 1 
297.071		102.731 	 320.590880232 	 148.139988566 	 1 	 0 	 1 	 0 
290.619		107.48 	 257.984899209 	 159.670744537 	 1 	 1 	 1 	 1 
286.236		112.411 	 -212.49190164 	 -143.025691132 	 0 	 1 	 1 	 -1 
284.018		117.457 	 -129.899318623 	 29.0045844746 	 0 	 0 	 1 	 0 
284.018		122.543 	 -130.143890952 	 -175.554199545 	 1 	 0 	 1 	 -1 
286.236		127.589 	 -93.2383500666 	 -74.8678032271 	 1 	 0 	 1 	 -1 
290.62		132.52 	 -18.4615338975 	 -108.354407991 	 1 	 1 	 1 	 1 
297.071		137.269 	 -60.2491536561 	 45.2197315097 	 0 	 0 	 1 	 0 
305.457		141.787 	 -35.9496187677 	 10.4891369538 	 1 	 0 	 1 	 1 
315.62		146.037 	 34.9509391003 	 -34.3896768291 	 0 	 0 	 1 	 0 
327.39		150 	 106.144990356 	 13.4310559173 	 1 	 1 	 1 	 1 
315.619		153.963 	 -187.790141256 	 -51.3945146742 	 0 	 1 	 1 	 -1 
305.457		158.213 	 288.083500884 	 110.593789131 	 1 	 1 	 1 	 0 
297.071		162.731 	 16.7956636642 	 104.277277003 	 0 	 1 	 1 	 1 
290.62		167.48 	 41.2507722055 	 -56.7506270307 	 0 	 1 	 1 	 1 
286.236		172.411 	 -75.191067567 	 -11.6345347152 	 1 	 0 	 1 	 -1 
284.019		177.457 	 -167.728506985 	 109.30531815 	 0 	 0 	 1 	 -1 
284.019		182.543 	 -54.489925823 	 73.247048466 	 1 	 0 	 1 	 -1 
286.236		187.589 	 38.4178729799 	 143.571173716 	 0 	 1 	 1 	 1 
290.62		192.52 	 -290.036407159 	 35.6297316997 	 1 	 0 	 1 	 0 
297.071		197.269 	 -80.0329118193 	 -117.514771197 	 1 	 1 	 1 	 0 
305.457		201.787 	 108.665638767 	 -116.550703531 	 1 	 0 	 1 	 -1 
315.62		206.037 	 169.283215799 	 -112.951642661 	 0 	 0 	 1 	 1 
327.39		210 	 -322.446217704 	 91.0234614368 	 0 	 1 	 1 	 -1 
315.62		213.963 	 -197.849501266 	 52.1179517255 	 1 	 1 	 1 	 1 
305.457		218.213 	 298.471958186 	 22.4833553999 	 1 	 0 	 1 	 1 
297.071		222.731 	 -5.3493554337 	 28.1129329 	 0 	 1 	 1 	 0 
290.619		227.48 	 161.691843028 	 -139.950911189 	 1 	 1 	 1 	 0 
286.236		232.411 	 -112.761009026 	 27.3874903686 	 1 	 0 	 1 	 1 
284.018		237.457 	 111.998353703 	 -88.3819868257 	 0 	 0 	 1 	 1 
284.019		242.543 	 73.4581067479 	 -172.28517635 	 1 	 0 	 1 	 -1 
286.236		247.589 	 -174.839254843 	 -147.098715704 	 0 	 0 	 1 	 1 
290.62		252.52 	 8.35200911126 	 93.6156131037 	 1 	 1 	 1 	 1 
297.071		257.269 	 54.0089249572 	 112.654661811 	 1 	 0 	 1 	 -1 
305.457		261.787 	 49.8351918141 	 -83.7910597652 	 1 	 0 	 1 	 0 
315.62		266.037 	 -390.290274619 	 -48.0006483308 	 0 	 1 	 1 	 -1 
327.39		270 	 -191.005510689 	 20.0630294781 	 1 	 0 	 1 	 0 
315.62		273.963 	 32.3021759735 	 128.954989357 	 1 	 0 	 1 	 0 
305.457		278.213 	 -29.237033294 	 -47.2072222188 	 1 	 0 	 1 	 -1 
297.071		282.731 	 -28.8487915713 	 157.942995653 	 0 	 1 	 1 	 1 
290.62		287.48 	 56.3619514545 	 85.2126399607 	 1 	 1 	 1 	 -1 
286.236		292.411 	 -117.730484787 	 122.775572626 	 0 	 1 	 1 	 1 
284.019		297.457 	 -89.1777215885 	 85.0902991943 	 1 	 0 	 1 	 1 
284.018		302.543 	 43.8485373415 	 11.0691070486 	 1 	 1 	 1 	 -1 
286.236		307.589 	 -67.1566714956 	 -87.044132286 	 1 	 0 	 1 	 -1 
290.619		312.52 	 282.084377694 	 45.2981684826 	 0 	 1 	 1 	 0 
297.071		317.269 	 -14.5766553123 	 -153.512508482 	 0 	 1 	 1 	 -1 
305.457		321.787 	 -93.0641966159 	 20.7074930035 	 0 	 1 	 1 	 -1 
327.39		330 	 432.532081827 	 62.5173539563 	 0 	 0 	 1 	 -1 
340.597		333.67 	 198.037659282 	 101.974264557 	 1 	 0 	 1 	 1 
330.266		337.589 	 -250.960633711 	 -69.671098455 	 0 	 1 	 1 	 1 
321.56		341.742 	 143.843570272 	 90.9168771263 	 1 	 0 	 1 	 1 
314.619		346.102 	 -6.03892472759 	 171.573438451 	 0 	 0 	 1 	 -1 
309.563		350.633 	 -146.741287062 	 -25.3127683304 	 0 	 0 	 1 	 -1 
306.489		355.285 	 153.678295155 	 -35.7643385725 	 1 	 0 	 1 	 0 
305.457		0 	 135.027210024 	 -158.315873879 	 1 	 1 	 1 	 -1 
306.489		4.715 	 130.468764808 	 -13.37807363 	 0 	 0 	 1 	 -1 
309.563		9.367 	 -122.430276923 	 161.540098638 	 1 	 1 	 1 	 1 
314.619		13.8979 	 156.323557638 	 -117.101415369 	 0 	 0 	 1 	 0 
321.56		18.2585 	 325.498941677 	 57.4362424478 	 1 	 1 	 1 	 -1 
330.266		22.4109 	 -135.359945784 	 48.8554052205 	 1 	 1 	 1 	 -1 
340.597		26.3295 	 -47.3949520157 	 -79.9052433847 	 0 	 0 	 1 	 0 
352.406		30 	 -15.2248220917 	 24.6706298194 	 0 	 1 	 1 	 1 
340.597		33.6705 	 -68.4508361949 	 -94.1573499654 	 1 	 0 	 1 	 0 
330.266		37.5891 	 -37.1205697727 	 -84.6034921333 	 0 	 1 	 1 	 1 
321.56		41.7415 	 147.673474729 	 80.6617638179 	 1 	 1 	 1 	 0 
314.619		46.1021 	 -65.8209047778 	 122.149255068 	 0 	 1 	 1 	 -1 
309.563		50.633 	 62.1998682335 	 -166.498250555 	 0 	 0 	 1 	 -1 
306.489		55.285 	 161.464561244 	 173.439633908 	 1 	 1 	 1 	 1 
305.457		60 	 7.78303957864 	 -125.369192711 	 1 	 0 	 1 	 1 
306.489		64.715 	 -48.704643339 	 23.0491376478 	 1 	 1 	 1 	 -1 
309.563		69.367 	 72.4826366404 	 18.9150266156 	 1 	 0 	 1 	 -1 
314.619		73.8979 	 4.15280663903 	 -149.21111363 	 1 	 1 	 1 	 -1 
321.56		78.2585 	 90.0644396882 	 -166.947775959 	 1 	 1 	 1 	 -1 
330.266		82.4109 	 229.422085868 	 176.07930925 	 0 	 1 	 1 	 0 
340.597		86.3295 	 190.950485047 	 2.73808301213 	 1 	 0 	 1 	 -1 
352.406		90 	 -140.836257981 	 -81.8973336467 	 1 	 1 	 1 	 0 
340.597		93.6705 	 133.500122514 	 19.1672282431 	 1 	 0 	 1 	 -1 
330.266		97.5891 	 -125.498706185 	 159.392286021 	 0 	 0 	 1 	 -1 
321.56		101.742 	 -249.290732129 	 153.819423359 	 1 	 1 	 1 	 0 
314.619		106.102 	 -117.646444678 	 -6.95601636591 	 1 	 1 	 1 	 1 
309.563		110.633 	 -39.277959352 	 57.2874018723 	 0 	 1 	 1 	 0 
306.489		115.285 	 71.4493071344 	 -36.2995436317 	 0 	 0 	 1 	 1 
305.457		120 	 -304.85306502 	 -138.965371892 	 0 	 1 	 1 	 1 
306.489		124.715 	 -71.5756284919 	 77.9479200905 	 1 	 1 	 1 	 0 
309.563		129.367 	 184.32285577 	 78.6869446073 	 1 	 0 	 1 	 0 
314.619		133.898 	 -286.889984707 	 177.904892586 	 0 	 0 	 1 	 0 
321.56		138.258 	 -200.574482243 	 -153.167126073 	 1 	 1 	 1 	 -1 
330.266		142.411 	 -17.1917866342 	 -140.206468518 	 1 	 0 	 1 	 1 
340.597		146.329 	 -148.22247271 	 -84.7084244263 	 0 	 1 	 1 	 0 
352.406		150 	 92.8300417832 	 34.2039113404 	 1 	 1 	 1 	 1 
340.597		153.671 	 -216.750563382 	 51.0565119764 	 0 	 0 	 1 	 0 
330.266		157.589 	 -9.89072201439 	 -41.4106513255 	 0 	 1 	 1 	 0 
321.561		161.742 	 -73.0032578143 	 -110.800161088 	 1 	 0 	 1 	 -1 
314.618		166.102 	 64.1313304742 	 -110.141102927 	 0 	 0 	 1 	 -1 
309.563		170.633 	 -91.8184631356 	 115.671985689 	 1 	 1 	 1 	 0 
306.488		175.285 	 329.522095606 	 -122.717212332 	 1 	 1 	 1 	 -1 
305.457		180 	 -275.147367707 	 -30.1219499483 	 0 	 0 	 1 	 -1 
306.488		184.715 	 11.6377283185 	 59.0864828923 	 0 	 1 	 1 	 -1 
309.563		189.367 	 206.751942853 	 -14.0586794149 	 1 	 1 	 1 	 -1 
314.618		193.898 	 178.918360144 	 141.240986709 	 0 	 0 	 1 	 1 
321.561		198.258 	 156.188137221 	 -7.61855834373 	 1 	 1 	 1 	 -1 
330.266		202.411 	 50.0117199463 	 74.5270474365 	 0 	 0 	 1 	 0 
340.597		206.329 	 -150.489245341 	 51.7378287743 	 0 	 0 	 1 	 0 
352.406		210 	 -30.9195140989 	 -11.8204113838 	 0 	 0 	 1 	 -1 
330.266		217.589 	 37.5681912783 	 -59.0528180303 	 0 	 1 	 1 	 1 
321.56		221.742 	 162.980666825 	 -60.1209427269 	 1 	 0 	 1 	 -1 
314.619		226.102 	 -60.1350746488 	 121.170865428 	 1 	 0 	 1 	 0 
309.563		230.633 	 -1.31890504328 	 -114.545810646 	 1 	 0 	 1 	 0 
306.489		235.285 	 219.981907753 	 -52.9413852312 	 1 	 0 	 1 	 0 
305.456		240 	 -83.5727120189 	 143.143943634 	 1 	 1 	 1 	 0 
306.488		244.715 	 -43.9059485025 	 122.057198959 	 1 	 1 	 1 	 0 
309.563		249.367 	 13.1355885611 	 28.0827452625 	 0 	 0 	 1 	 -1 
314.619		253.898 	 340.155774818 	 -65.5389896498 	 1 	 1 	 1 	 1 
321.56		258.258 	 -167.077275717 	 55.1541560776 	 0 	 1 	 1 	 -1 
330.266		262.411 	 104.772993853 	 137.283239333 	 1 	 0 	 1 	 1 
340.597		266.33 	 -156.577135829 	 -78.8914458214 	 1 	 0 	 1 	 -1 
340.597		273.671 	 113.967199791 	 -73.2542535813 	 0 	 1 	 1 	 1 
330.266		277.589 	 29.7495948815 	 -138.246598829 	 0 	 0 	 1 	 -1 
321.56		281.742 	 6.15096242692 	 -14.6133177765 	 0 	 1 	 1 	 -1 
314.619		286.102 	 -165.902393489 	 64.3482690771 	 1 	 0 	 1 	 -1 
309.563		290.633 	 -78.5355806585 	 -152.365281465 	 1 	 0 	 1 	 -1 
306.488		295.285 	 -72.8547314525 	 -126.639318193 	 1 	 1 	 1 	 1 
305.457		300 	 40.3790737026 	 39.9033121143 	 0 	 1 	 1 	 1 
306.489		304.715 	 -48.5373465208 	 -179.895568607 	 1 	 0 	 1 	 -1 
309.563		309.367 	 151.7456638 	 48.0627007497 	 1 	 0 	 1 	 -1 
314.619		313.898 	 86.2057573647 	 71.9364431431 	 1 	 1 	 1 	 -1 
321.56		318.258 	 139.205099988 	 -119.64261518 	 0 	 0 	 1 	 -1 
330.266		322.411 	 18.1833403547 	 -143.624048221 	 1 	 0 	 1 	 0 
340.597		326.33 	 117.74707797 	 -148.781659631 	 1 	 0 	 1 	 1 
352.406		330 	 176.282808335 	 -94.4310437511 	 1 	 0 	 1 	 1 
365.546		333.418 	 256.002909818 	 -64.5817376217 	 0 	 1 	 1 	 0 
355.074		337.053 	 136.030146907 	 -102.389352849 	 0 	 0 	 1 	 -1 
346.099		340.893 	 146.755078627 	 -92.2920325583 	 0 	 1 	 1 	 1 
338.742		344.921 	 -200.66551517 	 -14.8900781694 	 0 	 1 	 1 	 1 
333.116		349.107 	 87.0851563683 	 -71.3544592064 	 1 	 0 	 1 	 -1 
329.31		353.413 	 -48.6038579221 	 102.374574505 	 0 	 0 	 1 	 1 
327.39		357.796 	 195.044571122 	 144.970436568 	 1 	 0 	 1 	 -1 
327.39		2.20423 	 122.550383544 	 47.5885431205 	 1 	 0 	 1 	 -1 
329.31		6.58678 	 153.581525587 	 177.069456174 	 1 	 0 	 1 	 1 
333.116		10.8934 	 -209.710496403 	 131.948015662 	 1 	 1 	 1 	 1 
338.742		15.0791 	 347.294960449 	 -91.3711081022 	 0 	 1 	 1 	 -1 
346.099		19.1066 	 -11.6093645709 	 -76.7846575241 	 1 	 1 	 1 	 0 
355.074		22.9473 	 -125.039309221 	 -51.0248761506 	 0 	 1 	 1 	 1 
365.546		26.582 	 -132.341840118 	 35.7916599388 	 1 	 0 	 1 	 1 
377.385		30 	 88.1515411421 	 135.908615347 	 0 	 0 	 1 	 -1 
365.546		33.418 	 19.5218305473 	 146.416414701 	 1 	 1 	 1 	 0 
355.074		37.0527 	 -38.1601436833 	 -173.132159815 	 1 	 0 	 1 	 1 
346.099		40.8934 	 7.80944464919 	 79.8879678916 	 0 	 1 	 1 	 0 
338.743		44.9209 	 -317.448391927 	 89.1664937522 	 0 	 0 	 1 	 -1 
333.116		49.1066 	 244.501859147 	 -65.7230434294 	 1 	 1 	 1 	 0 
329.31		53.4132 	 31.7308264946 	 165.375194218 	 0 	 1 	 1 	 0 
327.39		57.7958 	 -132.594328523 	 -104.039910391 	 0 	 1 	 1 	 -1 
327.39		62.2042 	 -225.579444049 	 124.444177297 	 1 	 0 	 1 	 1 
329.31		66.5868 	 -83.1940183382 	 50.5737183479 	 0 	 0 	 1 	 0 
333.116		70.8934 	 198.90329394 	 -141.397715322 	 1 	 0 	 1 	 -1 
338.742		75.0791 	 -248.713868731 	 68.2101665921 	 0 	 1 	 1 	 1 
346.099		79.1066 	 17.5646280673 	 -146.461376977 	 1 	 1 	 1 	 0 
355.074		82.9473 	 -245.187754544 	 -129.1455566 	 1 	 1 	 1 	 -1 
