25.2587		30 	 56.6927432529 	 245.575135016 	 0 	 0 	 1 	 0 
25.2587		90 	 94.0284302817 	 232.707845293 	 0 	 1 	 1 	 0 
25.2587		150 	 59.7271363776 	 258.167721842 	 0 	 1 	 1 	 -1 
25.2587		210 	 81.3058019573 	 281.278555347 	 0 	 0 	 1 	 0 
25.2587		270 	 59.8463134668 	 252.389457736 	 0 	 0 	 1 	 0 
43.7478		0 	 56.7457936717 	 246.238936095 	 0 	 1 	 1 	 0 
50.5147		30 	 83.5440934453 	 248.50715517 	 1 	 1 	 1 	 -1 
43.7478		60 	 104.160899592 	 250.251485305 	 0 	 1 	 1 	 -1 
50.5147		90 	 59.0142058478 	 240.699304053 	 1 	 1 	 1 	 -1 
43.7478		120 	 35.1163168837 	 221.736736155 	 0 	 0 	 1 	 -1 
50.5147		150 	 99.2350095901 	 274.946551229 	 1 	 1 	 1 	 -1 
43.7478		180 	 60.9426820802 	 257.096667887 	 1 	 0 	 1 	 -1 
50.5147		210 	 29.2192649479 	 272.703475851 	 1 	 0 	 1 	 -1 
43.7478		240 	 80.0711411852 	 239.009518056 	 1 	 1 	 1 	 0 
43.7478		300 	 69.1279743079 	 251.378850485 	 0 	 1 	 1 	 1 
50.5148		330 	 38.8871110247 	 223.109866875 	 0 	 1 	 1 	 -1 
66.8212		349.107 	 63.8860055293 	 259.375485431 	 1 	 1 	 1 	 -1 
66.8212		10.8934 	 75.7623650075 	 269.056014375 	 0 	 0 	 1 	 1 
75.7654		30 	 45.0920046374 	 204.798978995 	 1 	 1 	 1 	 0 
66.8212		49.1066 	 70.67232085 	 245.110804836 	 1 	 1 	 1 	 -1 
66.8212		70.8934 	 53.9776920943 	 229.495231064 	 0 	 0 	 1 	 1 
75.7654		90 	 43.7400302065 	 249.534992862 	 0 	 0 	 1 	 0 
66.8212		109.107 	 49.0551808771 	 261.21807758 	 1 	 0 	 1 	 -1 
66.8212		130.893 	 40.2178878746 	 273.737322837 	 0 	 1 	 1 	 0 
75.7654		150 	 70.2553398508 	 281.515526965 	 0 	 0 	 1 	 0 
66.8212		169.107 	 57.9225315716 	 244.559825048 	 0 	 1 	 1 	 0 
66.8212		190.893 	 55.8663239453 	 251.390618836 	 1 	 0 	 1 	 0 
66.8212		229.107 	 69.3259808605 	 267.820257457 	 1 	 0 	 1 	 1 
66.8212		250.893 	 92.8586171315 	 273.24756238 	 0 	 0 	 1 	 0 
75.7654		270 	 83.2966514493 	 262.447989065 	 1 	 0 	 1 	 0 
66.8212		289.107 	 50.2706580983 	 237.495165346 	 0 	 0 	 1 	 1 
66.8212		310.893 	 98.5829591475 	 255.905077653 	 1 	 0 	 1 	 0 
75.7654		330 	 52.0304157349 	 290.052163306 	 0 	 1 	 1 	 -1 
91.0523		343.898 	 86.7740683992 	 229.067095124 	 0 	 1 	 1 	 1 
87.4818		0 	 64.1065995114 	 270.779233476 	 0 	 0 	 1 	 -1 
91.0523		16.1021 	 53.0618508568 	 253.670546532 	 1 	 1 	 1 	 -1 
101.008		30 	 41.8022188906 	 243.497373023 	 1 	 0 	 1 	 1 
91.0523		43.8979 	 102.136139685 	 266.234689446 	 0 	 0 	 1 	 1 
87.4818		60 	 52.7998117368 	 217.021798089 	 0 	 1 	 1 	 0 
91.0523		76.1021 	 23.5470884563 	 227.311352553 	 1 	 1 	 1 	 0 
91.0523		103.898 	 57.3884816456 	 249.484806897 	 1 	 0 	 1 	 -1 
87.4818		120 	 59.1349190771 	 298.974230982 	 1 	 0 	 1 	 -1 
91.0523		136.102 	 47.9750239973 	 277.018133598 	 0 	 1 	 1 	 1 
91.0523		163.898 	 54.9758118753 	 224.998211527 	 1 	 0 	 1 	 1 
87.4818		180 	 103.969743633 	 263.380239388 	 1 	 0 	 1 	 -1 
91.0523		196.102 	 60.6597811302 	 251.4937728 	 1 	 0 	 1 	 -1 
101.008		210 	 82.1320418872 	 257.655864659 	 0 	 0 	 1 	 1 
91.0523		223.898 	 87.2771795938 	 248.24624481 	 1 	 0 	 1 	 0 
87.4818		240 	 104.255518511 	 249.122788549 	 1 	 0 	 1 	 1 
91.0523		256.102 	 79.5378773178 	 278.70363002 	 0 	 1 	 1 	 1 
101.008		270 	 56.4583176503 	 240.350161393 	 1 	 0 	 1 	 1 
91.0523		283.898 	 62.7461834689 	 248.273576477 	 1 	 1 	 1 	 0 
87.4817		300 	 73.0291684848 	 279.797694787 	 1 	 0 	 1 	 -1 
91.0523		316.102 	 98.7542080478 	 231.053474954 	 1 	 0 	 1 	 -1 
101.008		330 	 56.2738229948 	 300.007587716 	 1 	 1 	 1 	 -1 
115.709		340.893 	 36.9538439622 	 272.819628794 	 0 	 0 	 1 	 -1 
110.065		353.413 	 42.6425636694 	 216.391070277 	 1 	 0 	 1 	 -1 
110.065		6.58677 	 55.3323842085 	 207.333269102 	 0 	 1 	 1 	 -1 
115.709		19.1066 	 53.8058709831 	 223.2962887 	 0 	 0 	 1 	 0 
126.24		30 	 65.4689008931 	 218.261111258 	 1 	 0 	 1 	 0 
115.709		40.8934 	 50.3251094619 	 281.240591458 	 0 	 0 	 1 	 0 
110.065		53.4132 	 95.1911920304 	 242.125100475 	 0 	 1 	 1 	 1 
110.065		66.5868 	 43.407824146 	 202.793684724 	 1 	 0 	 1 	 1 
115.709		79.1066 	 56.2240364477 	 253.151034613 	 0 	 1 	 1 	 0 
126.24		90 	 54.0865214201 	 216.839075347 	 0 	 0 	 1 	 0 
115.709		100.893 	 63.8248583625 	 247.897450176 	 0 	 1 	 1 	 1 
110.065		113.413 	 19.2177137274 	 235.825305664 	 1 	 0 	 1 	 0 
110.065		126.587 	 69.9875358743 	 260.377496994 	 0 	 1 	 1 	 -1 
115.709		139.107 	 64.4798856085 	 285.446214661 	 0 	 1 	 1 	 -1 
126.24		150 	 56.7165016487 	 246.888434337 	 0 	 0 	 1 	 -1 
115.709		160.893 	 41.8354007798 	 262.894285587 	 0 	 1 	 1 	 0 
110.066		173.413 	 81.7286476725 	 227.763911182 	 1 	 1 	 1 	 -1 
110.066		186.587 	 51.4091256851 	 226.900515902 	 1 	 0 	 1 	 -1 
115.709		199.107 	 30.8081206012 	 215.84616774 	 1 	 1 	 1 	 -1 
126.24		210 	 61.1971305534 	 282.511788394 	 1 	 0 	 1 	 0 
115.709		220.893 	 65.1941407891 	 288.916567743 	 1 	 1 	 1 	 1 
110.065		233.413 	 83.8692766555 	 259.011168312 	 1 	 0 	 1 	 -1 
110.065		246.587 	 20.6944941856 	 201.022838655 	 0 	 0 	 1 	 1 
115.709		259.107 	 56.3519181305 	 262.330901206 	 0 	 1 	 1 	 0 
126.24		270 	 79.1855764232 	 266.576117594 	 1 	 0 	 1 	 0 
115.709		280.893 	 67.3197225462 	 237.725906976 	 0 	 1 	 1 	 0 
110.065		293.413 	 25.7595529549 	 228.200242328 	 0 	 1 	 1 	 0 
110.065		306.587 	 65.8446249406 	 292.142563117 	 1 	 0 	 1 	 -1 
115.709		319.107 	 35.9256231521 	 275.398115305 	 0 	 1 	 1 	 0 
126.24		330 	 55.4956718402 	 245.033413305 	 1 	 1 	 1 	 0 
140.56		338.948 	 41.4656091404 	 278.08913609 	 1 	 0 	 1 	 -1 
133.593		349.107 	 67.8220377255 	 241.527230131 	 1 	 1 	 1 	 0 
131.188		0 	 59.8625723358 	 256.152596101 	 1 	 0 	 1 	 0 
133.593		10.8934 	 59.5261625877 	 254.884818612 	 0 	 0 	 1 	 0 
140.56		21.0517 	 24.036164908 	 215.829189128 	 1 	 0 	 1 	 0 
151.459		30 	 35.0511012146 	 248.525789781 	 1 	 1 	 1 	 0 
140.56		38.9483 	 88.6073199686 	 267.376568251 	 0 	 1 	 1 	 -1 
133.593		49.1066 	 102.667278276 	 245.251426238 	 0 	 1 	 1 	 0 
131.188		60 	 63.9984399167 	 252.086845196 	 1 	 1 	 1 	 -1 
133.593		70.8934 	 55.4057999549 	 286.546081073 	 1 	 0 	 1 	 0 
140.56		81.0517 	 82.9872358539 	 276.834316213 	 0 	 1 	 1 	 0 
151.459		90 	 25.2760588647 	 245.907230903 	 1 	 0 	 1 	 0 
140.56		98.9483 	 61.9173284197 	 235.718900738 	 0 	 1 	 1 	 0 
133.593		109.107 	 70.7632518777 	 236.248537674 	 1 	 0 	 1 	 -1 
131.188		120 	 67.086444861 	 246.064164867 	 0 	 1 	 1 	 0 
133.593		130.893 	 91.7302279272 	 269.720887674 	 1 	 1 	 1 	 -1 
140.56		141.052 	 70.3688763897 	 218.398632108 	 1 	 1 	 1 	 1 
151.459		150 	 71.9556463878 	 220.576446007 	 1 	 0 	 1 	 1 
140.56		158.948 	 47.0175563015 	 279.625375171 	 0 	 1 	 1 	 -1 
133.593		169.107 	 74.4838779304 	 226.193261106 	 0 	 1 	 1 	 -1 
131.188		180 	 65.9555810159 	 270.233166142 	 0 	 0 	 1 	 0 
133.593		190.893 	 57.5105502993 	 293.881067728 	 0 	 0 	 1 	 1 
140.56		201.052 	 59.8793748234 	 250.003096049 	 1 	 0 	 1 	 -1 
151.459		210 	 55.0135379562 	 287.417112885 	 1 	 1 	 1 	 -1 
140.56		218.948 	 39.7151855134 	 297.74631835 	 0 	 1 	 1 	 -1 
133.593		229.107 	 59.7096029822 	 273.424802202 	 0 	 1 	 1 	 1 
131.188		240 	 63.6029968281 	 252.791870579 	 0 	 1 	 1 	 -1 
133.592		250.893 	 13.7487924937 	 273.048330794 	 0 	 1 	 1 	 0 
140.56		261.052 	 83.3835058931 	 229.233331143 	 1 	 0 	 1 	 -1 
151.459		270 	 91.5573459878 	 273.380474611 	 1 	 1 	 1 	 1 
140.56		278.948 	 40.1699693475 	 277.235159763 	 0 	 1 	 1 	 1 
133.592		289.107 	 107.75539603 	 260.502567759 	 1 	 0 	 1 	 1 
131.188		300 	 95.0929303081 	 269.212808061 	 1 	 1 	 1 	 -1 
133.593		310.893 	 68.9306748637 	 232.358423029 	 0 	 1 	 1 	 -1 
140.56		321.052 	 71.6123397109 	 244.993538627 	 0 	 0 	 1 	 0 
151.459		330 	 34.9940130172 	 225.337432208 	 0 	 1 	 1 	 0 
165.51		337.589 	 53.7937172875 	 205.284731122 	 1 	 0 	 1 	 0 
157.635		346.102 	 51.5678494834 	 210.328353946 	 0 	 1 	 1 	 1 
153.545		355.285 	 64.8144861834 	 230.076783618 	 1 	 1 	 1 	 0 
153.545		4.715 	 57.4455492361 	 226.631471904 	 0 	 0 	 1 	 0 
157.635		13.8979 	 100.823775378 	 262.968083489 	 0 	 0 	 1 	 1 
165.51		22.4109 	 75.6677399468 	 239.735255955 	 1 	 0 	 1 	 -1 
176.661		30 	 73.0411364307 	 211.617587118 	 0 	 1 	 1 	 0 
165.51		37.5891 	 28.7891463256 	 266.479768997 	 1 	 1 	 1 	 1 
157.635		46.1021 	 64.054501261 	 298.96240601 	 1 	 1 	 1 	 -1 
153.545		55.285 	 43.2968869495 	 237.866116238 	 0 	 0 	 1 	 1 
153.545		64.715 	 104.075591289 	 253.622862816 	 0 	 0 	 1 	 -1 
157.635		73.8979 	 73.0621725371 	 284.65827467 	 0 	 1 	 1 	 -1 
165.51		82.4109 	 100.081686305 	 233.574614275 	 0 	 1 	 1 	 1 
176.661		90 	 62.9147635007 	 254.29464709 	 1 	 0 	 1 	 0 
165.51		97.5891 	 20.8832715833 	 228.148854148 	 1 	 0 	 1 	 1 
157.635		106.102 	 87.3623818061 	 252.819168687 	 1 	 0 	 1 	 0 
153.545		115.285 	 39.1435649993 	 237.785465491 	 0 	 0 	 1 	 0 
153.545		124.715 	 36.2999043205 	 206.58750895 	 1 	 1 	 1 	 -1 
157.635		133.898 	 54.2611785584 	 252.571757741 	 1 	 0 	 1 	 0 
165.51		142.411 	 42.1422578915 	 235.903053818 	 0 	 1 	 1 	 1 
176.661		150 	 98.444657261 	 264.993530482 	 0 	 1 	 1 	 -1 
165.509		157.589 	 66.0857850618 	 246.967162314 	 1 	 1 	 1 	 0 
157.635		166.102 	 27.2458097426 	 276.518104373 	 0 	 0 	 1 	 -1 
153.546		175.285 	 64.2546104009 	 225.858646154 	 1 	 1 	 1 	 -1 
153.546		184.715 	 55.4503561953 	 253.356402556 	 1 	 1 	 1 	 1 
157.635		193.898 	 77.3169349991 	 225.421608128 	 0 	 0 	 1 	 1 
165.509		202.411 	 20.4612134654 	 298.973596565 	 0 	 0 	 1 	 0 
165.51		217.589 	 39.8127473282 	 244.866458551 	 0 	 1 	 1 	 -1 
157.635		226.102 	 64.1221431495 	 271.902570313 	 0 	 0 	 1 	 1 
153.545		235.285 	 74.561651768 	 259.640056748 	 0 	 1 	 1 	 -1 
153.545		244.715 	 50.6294404902 	 220.650430305 	 0 	 0 	 1 	 1 
157.635		253.898 	 46.8258975629 	 264.114628603 	 1 	 1 	 1 	 -1 
165.51		262.411 	 57.7697247673 	 238.899661237 	 0 	 1 	 1 	 1 
176.661		270 	 60.1088096656 	 259.943860985 	 1 	 0 	 1 	 0 
165.51		277.589 	 76.4783148962 	 247.345920856 	 1 	 0 	 1 	 0 
157.635		286.102 	 74.3245800387 	 232.615798434 	 1 	 0 	 1 	 0 
153.545		295.285 	 42.757979769 	 277.976003064 	 1 	 1 	 1 	 1 
153.545		304.715 	 64.05417347 	 256.099538103 	 0 	 0 	 1 	 1 
157.635		313.898 	 56.0439305022 	 249.141848119 	 0 	 1 	 1 	 0 
165.51		322.411 	 57.0939883426 	 240.627914751 	 0 	 1 	 1 	 0 
176.661		330 	 53.8297923564 	 254.964742564 	 0 	 1 	 1 	 0 
190.511		336.587 	 69.7888376931 	 254.142034257 	 1 	 0 	 1 	 0 
181.979		343.898 	 69.1422706122 	 291.788530737 	 1 	 0 	 1 	 0 
176.661		351.787 	 54.3884646283 	 235.801412137 	 0 	 1 	 1 	 1 
174.852		0 	 61.1639531865 	 222.381701896 	 1 	 0 	 1 	 0 
176.661		8.21321 	 71.5115701451 	 259.255732902 	 0 	 0 	 1 	 -1 
181.979		16.1021 	 93.4887271446 	 273.621466742 	 1 	 1 	 1 	 0 
190.511		23.4132 	 58.7047687566 	 261.65736029 	 1 	 1 	 1 	 0 
201.845		30 	 59.2073794198 	 247.469664765 	 1 	 1 	 1 	 -1 
181.979		43.8979 	 94.856837514 	 265.332755754 	 0 	 1 	 1 	 1 
176.661		51.7868 	 51.2891276711 	 266.960292849 	 0 	 1 	 1 	 0 
174.852		60 	 69.7104068416 	 239.201136352 	 0 	 1 	 1 	 0 
176.661		68.2132 	 60.1759535707 	 250.730310442 	 1 	 1 	 1 	 1 
181.979		76.1021 	 24.8332190256 	 237.397090266 	 0 	 1 	 1 	 1 
190.511		83.4132 	 77.9112106585 	 274.445378645 	 0 	 1 	 1 	 -1 
201.845		90 	 102.53327149 	 248.210135169 	 0 	 0 	 1 	 1 
190.511		96.5868 	 62.7713681327 	 227.909633974 	 0 	 0 	 1 	 1 
181.979		103.898 	 49.0236936822 	 231.696199744 	 1 	 0 	 1 	 -1 
176.661		111.787 	 54.9632575462 	 286.158229125 	 0 	 1 	 1 	 1 
174.852		120 	 62.4405433793 	 253.629409362 	 0 	 0 	 1 	 0 
176.661		128.213 	 42.1078830845 	 239.842513167 	 0 	 1 	 1 	 1 
181.979		136.102 	 41.7225808708 	 251.836771579 	 0 	 1 	 1 	 -1 
190.51		143.413 	 87.2735421647 	 247.672306351 	 1 	 0 	 1 	 -1 
201.845		150 	 89.0012687614 	 276.195067217 	 1 	 1 	 1 	 -1 
190.511		156.587 	 42.9915747497 	 219.683146051 	 1 	 0 	 1 	 0 
181.979		163.898 	 58.3354113492 	 237.883450375 	 0 	 0 	 1 	 0 
176.661		171.787 	 87.8145218072 	 226.547035787 	 1 	 0 	 1 	 1 
174.852		180 	 89.491658305 	 233.387074486 	 1 	 0 	 1 	 -1 
176.661		188.213 	 39.2450483317 	 234.130311683 	 0 	 1 	 1 	 -1 
181.979		196.102 	 54.4936475515 	 303.324925587 	 0 	 0 	 1 	 0 
190.511		203.413 	 55.664672281 	 250.303341013 	 0 	 0 	 1 	 -1 
201.845		210 	 59.5374254636 	 257.553945524 	 1 	 0 	 1 	 1 
190.51		216.587 	 69.8015348012 	 244.352693882 	 1 	 0 	 1 	 -1 
181.979		223.898 	 28.9655630479 	 281.368398596 	 1 	 0 	 1 	 0 
176.661		231.787 	 100.745217663 	 256.771073985 	 0 	 1 	 1 	 0 
174.853		240 	 24.4651505817 	 221.32546779 	 0 	 0 	 1 	 -1 
176.662		248.213 	 48.384249204 	 274.823564951 	 0 	 1 	 1 	 1 
181.979		256.102 	 62.1847245067 	 227.28497059 	 0 	 0 	 1 	 0 
190.511		263.413 	 70.4146298096 	 248.659659057 	 0 	 0 	 1 	 1 
190.511		276.587 	 60.4011154318 	 252.253957479 	 0 	 0 	 1 	 -1 
181.979		283.898 	 59.7244160544 	 269.389433724 	 0 	 0 	 1 	 1 
176.662		291.787 	 80.2727182633 	 260.433463465 	 0 	 1 	 1 	 -1 
174.853		300 	 73.2360248369 	 259.321383515 	 0 	 1 	 1 	 1 
176.661		308.213 	 60.5689286314 	 248.242312587 	 1 	 1 	 1 	 1 
181.979		316.102 	 69.1504827976 	 250.329959622 	 1 	 1 	 1 	 1 
190.511		323.413 	 87.5714309015 	 252.334836995 	 1 	 1 	 1 	 0 
201.845		330 	 27.0868548867 	 260.181455148 	 1 	 1 	 1 	 1 
215.536		335.818 	 53.8752819903 	 262.365783951 	 1 	 1 	 1 	 0 
206.511		342.216 	 68.4851882835 	 269.640138048 	 1 	 1 	 1 	 -1 
200.265		349.107 	 75.5960789386 	 254.883681937 	 1 	 1 	 1 	 1 
197.068		356.329 	 61.4321424321 	 271.174657902 	 1 	 1 	 1 	 -1 
197.068		3.6705 	 57.7381249476 	 258.794069521 	 1 	 0 	 1 	 1 
200.265		10.8934 	 57.7358032153 	 264.914445475 	 1 	 1 	 1 	 1 
206.511		17.7836 	 74.6034750261 	 251.079221389 	 0 	 0 	 1 	 0 
215.536		24.1825 	 80.6434682781 	 255.095614797 	 0 	 1 	 1 	 -1 
227.007		30 	 24.9182555251 	 262.264594062 	 1 	 1 	 1 	 0 
215.536		35.8175 	 45.8380549973 	 270.947240221 	 1 	 0 	 1 	 0 
206.511		42.2164 	 86.8877261983 	 228.72231873 	 0 	 1 	 1 	 1 
200.265		49.1066 	 95.6976042361 	 257.404061819 	 1 	 0 	 1 	 0 
197.068		56.3295 	 45.9874795095 	 296.396413689 	 0 	 1 	 1 	 1 
197.068		63.6705 	 77.3107551991 	 269.786672602 	 1 	 0 	 1 	 0 
200.265		70.8934 	 56.1194107455 	 255.995846529 	 1 	 1 	 1 	 -1 
206.511		77.7836 	 87.8762674536 	 243.191911947 	 1 	 1 	 1 	 0 
215.536		84.1825 	 60.4550522485 	 251.993895434 	 0 	 1 	 1 	 -1 
227.007		90 	 62.1907682745 	 262.230230054 	 1 	 0 	 1 	 -1 
215.536		95.8175 	 61.1021650929 	 222.672540356 	 1 	 1 	 1 	 1 
206.511		102.216 	 53.8943596957 	 274.610289496 	 1 	 0 	 1 	 -1 
200.265		109.107 	 51.8133761373 	 232.140186677 	 0 	 1 	 1 	 1 
197.068		116.33 	 32.7015259948 	 245.235924657 	 1 	 0 	 1 	 0 
197.068		123.671 	 55.1338425297 	 261.119286096 	 1 	 1 	 1 	 0 
200.265		130.893 	 73.1859040587 	 282.393311049 	 0 	 1 	 1 	 0 
206.51		137.784 	 75.8850578765 	 262.061354687 	 1 	 1 	 1 	 1 
215.536		144.182 	 92.9719151994 	 246.45115149 	 1 	 1 	 1 	 -1 
227.007		150 	 37.315550834 	 258.886162013 	 0 	 0 	 1 	 -1 
215.536		155.818 	 89.2427810165 	 250.620639612 	 1 	 0 	 1 	 0 
206.511		162.216 	 98.2259504197 	 248.324028323 	 0 	 1 	 1 	 -1 
200.266		169.107 	 100.570723686 	 270.245904519 	 0 	 1 	 1 	 0 
197.068		176.33 	 101.310914368 	 233.102978318 	 1 	 0 	 1 	 -1 
197.068		183.671 	 84.5310771509 	 250.779725778 	 0 	 0 	 1 	 -1 
200.266		190.893 	 60.4440356109 	 243.858592542 	 0 	 1 	 1 	 0 
206.511		197.784 	 45.9092374139 	 280.64509412 	 0 	 0 	 1 	 -1 
215.536		204.182 	 54.6160128503 	 201.762128306 	 0 	 1 	 1 	 0 
227.007		210 	 54.2762543886 	 253.163889382 	 0 	 1 	 1 	 0 
215.536		215.818 	 98.3197267336 	 250.737511944 	 1 	 1 	 1 	 0 
206.51		222.216 	 66.9950227357 	 246.845681455 	 0 	 0 	 1 	 -1 
200.265		229.107 	 45.7257640374 	 244.064382347 	 1 	 0 	 1 	 -1 
197.068		236.329 	 45.934649426 	 245.886872695 	 0 	 1 	 1 	 0 
197.068		243.671 	 84.6673816398 	 240.552832025 	 0 	 0 	 1 	 1 
200.265		250.893 	 69.8937539856 	 252.002581131 	 1 	 0 	 1 	 -1 
206.51		257.784 	 97.2323182681 	 270.217896272 	 0 	 0 	 1 	 1 
215.536		264.182 	 65.909007873 	 233.0647723 	 1 	 1 	 1 	 -1 
227.007		270 	 44.4460503459 	 259.259358161 	 1 	 1 	 1 	 0 
215.536		275.818 	 43.0099106454 	 251.965269875 	 0 	 0 	 1 	 0 
206.51		282.216 	 90.9140606166 	 264.986619057 	 1 	 1 	 1 	 1 
200.265		289.107 	 67.6494084836 	 281.764615158 	 1 	 1 	 1 	 -1 
197.068		296.329 	 65.5823249363 	 222.372933418 	 1 	 0 	 1 	 -1 
197.068		303.67 	 66.8882909618 	 211.885051269 	 0 	 1 	 1 	 0 
200.265		310.893 	 33.2581255315 	 296.335571785 	 1 	 1 	 1 	 1 
206.511		317.784 	 93.7696879224 	 243.146077494 	 1 	 1 	 1 	 -1 
227.008		330 	 88.5448364458 	 236.422280417 	 1 	 0 	 1 	 -1 
240.57		335.209 	 33.6547900057 	 222.779507655 	 1 	 1 	 1 	 0 
231.161		340.893 	 60.832405037 	 204.814919379 	 1 	 0 	 1 	 1 
224.195		346.996 	 52.0202619794 	 271.111944024 	 0 	 1 	 1 	 0 
219.909		353.413 	 86.066106987 	 234.741822456 	 0 	 0 	 1 	 0 
218.461		0 	 81.4896510882 	 254.964175308 	 1 	 0 	 1 	 1 
219.909		6.58678 	 90.4491427249 	 260.473353437 	 1 	 0 	 1 	 0 
224.195		13.0039 	 71.4068352849 	 274.152776001 	 0 	 0 	 1 	 1 
231.161		19.1066 	 79.4022053854 	 230.146560566 	 1 	 0 	 1 	 -1 
240.57		24.7913 	 104.11663623 	 259.025639376 	 0 	 1 	 1 	 1 
252.146		30 	 87.7889007593 	 230.49842127 	 0 	 1 	 1 	 0 
240.57		35.2087 	 94.979772954 	 261.861996343 	 0 	 1 	 1 	 1 
231.161		40.8934 	 50.9679217966 	 252.901930023 	 0 	 1 	 1 	 1 
224.195		46.9961 	 36.1762560388 	 210.435632992 	 0 	 1 	 1 	 1 
219.909		53.4132 	 49.5432478229 	 278.341051458 	 1 	 1 	 1 	 1 
218.461		60 	 93.6399177256 	 276.381461773 	 1 	 1 	 1 	 -1 
219.909		66.5868 	 58.8692439267 	 254.477717857 	 0 	 1 	 1 	 1 
224.195		73.0039 	 46.8028892566 	 241.207417297 	 1 	 0 	 1 	 1 
231.161		79.1066 	 96.046229497 	 274.443482209 	 1 	 1 	 1 	 1 
240.57		84.7913 	 63.5892680777 	 221.911562343 	 0 	 1 	 1 	 1 
240.57		95.2087 	 20.5660795841 	 216.579982043 	 0 	 1 	 1 	 0 
231.161		100.893 	 33.2042691834 	 207.09675832 	 0 	 0 	 1 	 1 
224.195		106.996 	 89.5584925019 	 238.550783177 	 1 	 0 	 1 	 -1 
219.909		113.413 	 49.1432008117 	 236.589440002 	 0 	 1 	 1 	 0 
218.461		120 	 73.2914252169 	 289.577446239 	 1 	 1 	 1 	 -1 
219.909		126.587 	 64.7062759798 	 211.59310962 	 0 	 0 	 1 	 1 
224.195		133.004 	 57.5751830791 	 248.439152391 	 1 	 1 	 1 	 -1 
231.161		139.107 	 69.7714089686 	 258.900676872 	 0 	 1 	 1 	 1 
252.146		150 	 63.9460363608 	 241.049232395 	 1 	 0 	 1 	 1 
240.57		155.209 	 64.0765257926 	 240.547646396 	 1 	 0 	 1 	 0 
231.16		160.893 	 56.3581395861 	 246.649740767 	 1 	 0 	 1 	 -1 
224.196		166.996 	 59.1072956119 	 251.074380137 	 0 	 1 	 1 	 0 
219.909		173.413 	 78.6958326279 	 257.903155102 	 0 	 0 	 1 	 0 
218.461		180 	 38.8950617815 	 246.21814582 	 1 	 0 	 1 	 -1 
219.909		186.587 	 39.2487170771 	 260.327832342 	 0 	 0 	 1 	 0 
224.196		193.004 	 49.6958800945 	 216.275890431 	 1 	 1 	 1 	 1 
231.16		199.107 	 86.7308824528 	 248.158756979 	 1 	 0 	 1 	 -1 
240.57		204.791 	 55.9817820746 	 272.463779153 	 0 	 0 	 1 	 -1 
252.146		210 	 87.9075760166 	 283.401361676 	 0 	 0 	 1 	 1 
240.57		215.209 	 60.5878961871 	 261.322358582 	 0 	 1 	 1 	 -1 
231.161		220.893 	 58.7286897625 	 255.5187602 	 1 	 0 	 1 	 -1 
224.196		226.996 	 51.437687125 	 251.225753124 	 0 	 0 	 1 	 -1 
219.909		233.413 	 59.5934701902 	 247.857303091 	 0 	 1 	 1 	 -1 
218.461		240 	 66.24730072 	 242.083159376 	 0 	 0 	 1 	 0 
219.909		246.587 	 67.483777999 	 241.324016777 	 0 	 1 	 1 	 1 
224.195		253.004 	 86.6709501372 	 240.699527796 	 0 	 0 	 1 	 1 
231.16		259.107 	 58.0749166462 	 251.852087961 	 0 	 1 	 1 	 -1 
240.57		264.791 	 73.1477104481 	 288.865725917 	 1 	 1 	 1 	 -1 
252.146		270 	 104.291965432 	 261.833870727 	 0 	 1 	 1 	 0 
240.57		275.209 	 66.2683129467 	 249.303540081 	 1 	 1 	 1 	 1 
231.16		280.893 	 52.2520330499 	 298.775151317 	 0 	 1 	 1 	 0 
224.195		286.996 	 58.7348377142 	 249.555207715 	 1 	 0 	 1 	 -1 
219.909		293.413 	 51.6861166939 	 268.89319758 	 0 	 0 	 1 	 1 
218.461		300 	 97.7108532269 	 233.573006114 	 0 	 0 	 1 	 -1 
219.909		306.587 	 54.1898062195 	 241.46700813 	 1 	 0 	 1 	 0 
224.196		313.004 	 70.3262486985 	 268.880254324 	 0 	 1 	 1 	 -1 
231.161		319.107 	 68.9314178793 	 275.4701471 	 1 	 0 	 1 	 1 
240.57		324.791 	 57.4858631955 	 249.591342454 	 0 	 0 	 1 	 1 
252.146		330 	 51.9579671383 	 223.615464008 	 1 	 1 	 1 	 1 
265.601		334.715 	 57.6543531465 	 236.46002672 	 1 	 0 	 1 	 0 
255.886		339.826 	 71.4372351297 	 287.793515942 	 1 	 0 	 1 	 1 
248.348		345.295 	 98.3744684022 	 243.743458532 	 1 	 1 	 1 	 0 
243.191		351.052 	 62.9603582929 	 266.74576196 	 0 	 1 	 1 	 -1 
240.57		356.996 	 73.6511684363 	 267.764811077 	 0 	 1 	 1 	 1 
240.57		3.00449 	 27.893074138 	 289.114122098 	 1 	 1 	 1 	 -1 
243.191		8.94827 	 58.1806811468 	 278.656744729 	 0 	 0 	 1 	 -1 
248.348		14.7047 	 85.1859360981 	 250.848885313 	 1 	 0 	 1 	 1 
255.886		20.1736 	 31.091138884 	 282.455542644 	 1 	 1 	 1 	 -1 
265.601		25.285 	 31.5237557812 	 288.102942661 	 0 	 0 	 1 	 0 
277.258		30 	 75.7363798163 	 234.033872003 	 1 	 1 	 1 	 1 
265.601		34.715 	 64.1985850818 	 263.676070409 	 0 	 0 	 1 	 0 
255.887		39.8264 	 62.5488479787 	 213.460320579 	 0 	 1 	 1 	 -1 
248.348		45.2953 	 73.0606734017 	 255.483080801 	 0 	 1 	 1 	 0 
243.191		51.0517 	 46.7071831055 	 269.330351265 	 0 	 1 	 1 	 1 
240.57		56.9955 	 45.8559205065 	 294.215224623 	 1 	 0 	 1 	 1 
240.57		63.0045 	 58.1151160127 	 226.589574935 	 0 	 1 	 1 	 1 
243.191		68.9483 	 67.5835429718 	 251.879725389 	 1 	 1 	 1 	 -1 
248.348		74.7047 	 64.4230588073 	 231.677481575 	 1 	 1 	 1 	 -1 
255.887		80.1736 	 62.0738619683 	 258.118485969 	 0 	 1 	 1 	 1 
265.601		85.285 	 74.9294276112 	 249.17147167 	 0 	 1 	 1 	 0 
277.257		90 	 53.4459141872 	 276.351857063 	 1 	 0 	 1 	 -1 
265.601		94.715 	 36.6283151472 	 272.115754094 	 1 	 0 	 1 	 0 
255.887		99.8264 	 68.9084235478 	 236.507085115 	 0 	 1 	 1 	 -1 
248.348		105.295 	 45.1511438124 	 274.629406404 	 0 	 0 	 1 	 0 
243.191		111.052 	 71.3314350411 	 237.608558926 	 1 	 0 	 1 	 1 
240.57		116.996 	 94.5977142638 	 279.419212042 	 0 	 0 	 1 	 1 
240.57		123.005 	 59.8987255054 	 252.226567922 	 1 	 0 	 1 	 1 
243.191		128.948 	 87.3305236263 	 225.820361887 	 1 	 0 	 1 	 -1 
248.348		134.705 	 61.4472300472 	 243.458288579 	 1 	 1 	 1 	 1 
255.887		140.174 	 101.137977482 	 257.863031164 	 0 	 1 	 1 	 0 
265.6		145.285 	 51.125953705 	 251.822613373 	 0 	 0 	 1 	 1 
277.257		150 	 55.729988517 	 228.263077582 	 0 	 1 	 1 	 -1 
265.601		154.715 	 36.0813229206 	 254.365048591 	 0 	 0 	 1 	 -1 
255.886		159.826 	 16.5559515324 	 279.576317711 	 0 	 1 	 1 	 1 
248.348		165.295 	 73.5123329957 	 230.940681301 	 1 	 0 	 1 	 -1 
243.191		171.052 	 83.4664396633 	 276.221487129 	 0 	 1 	 1 	 0 
240.57		176.996 	 101.20729305 	 241.15205923 	 0 	 0 	 1 	 1 
240.57		183.005 	 76.54582182 	 262.388731033 	 1 	 1 	 1 	 1 
243.191		188.948 	 54.3734888768 	 258.384506136 	 0 	 1 	 1 	 0 
248.348		194.705 	 44.4444857055 	 262.935316483 	 0 	 0 	 1 	 -1 
255.886		200.174 	 59.4076566847 	 251.888522844 	 1 	 1 	 1 	 -1 
265.601		205.285 	 83.9442304969 	 254.205530722 	 0 	 0 	 1 	 -1 
277.258		210 	 72.0798220349 	 233.092890734 	 0 	 0 	 1 	 1 
265.6		214.715 	 29.0473046147 	 213.816290171 	 0 	 1 	 1 	 0 
255.887		219.826 	 59.558606788 	 235.382616928 	 0 	 0 	 1 	 1 
248.348		225.295 	 81.432778799 	 247.375793227 	 0 	 0 	 1 	 0 
243.191		231.052 	 65.7482697583 	 295.414997899 	 1 	 1 	 1 	 0 
240.57		236.995 	 59.4631847873 	 251.639852458 	 1 	 0 	 1 	 0 
240.57		243.004 	 88.7680890313 	 243.556257391 	 1 	 1 	 1 	 0 
243.19		248.948 	 58.0455788227 	 253.101652412 	 1 	 1 	 1 	 1 
248.348		254.705 	 35.5648685014 	 253.48378718 	 1 	 1 	 1 	 0 
255.886		260.174 	 77.5564287994 	 291.404529942 	 0 	 0 	 1 	 -1 
265.601		265.285 	 35.5816301295 	 239.291793824 	 1 	 0 	 1 	 -1 
277.258		270 	 64.5291250647 	 282.77098104 	 0 	 1 	 1 	 0 
265.601		274.715 	 24.0713957964 	 236.739581557 	 0 	 0 	 1 	 -1 
255.886		279.826 	 58.1674530529 	 263.392316631 	 0 	 0 	 1 	 -1 
248.348		285.295 	 93.7723086843 	 280.024373053 	 1 	 0 	 1 	 0 
243.19		291.052 	 101.858700826 	 266.591709268 	 0 	 0 	 1 	 -1 
240.57		296.996 	 40.7453371296 	 252.450593552 	 0 	 0 	 1 	 0 
240.57		303.004 	 49.8169307658 	 261.719498384 	 0 	 0 	 1 	 0 
243.191		308.948 	 19.0924029246 	 231.936458944 	 1 	 0 	 1 	 0 
248.348		314.705 	 26.3617724891 	 247.092855108 	 1 	 0 	 1 	 0 
255.886		320.174 	 55.6087440088 	 258.388651461 	 0 	 1 	 1 	 0 
265.6		325.285 	 64.5975188192 	 282.337735607 	 0 	 1 	 1 	 -1 
277.258		330 	 56.0525227559 	 248.09362438 	 0 	 1 	 1 	 0 
290.619		334.307 	 73.9001655548 	 219.313240943 	 1 	 0 	 1 	 0 
280.659		338.948 	 72.1852627453 	 224.160163174 	 1 	 1 	 1 	 0 
272.656		343.898 	 59.9012530052 	 250.054282083 	 1 	 0 	 1 	 0 
266.79		349.107 	 57.2382307469 	 249.866938323 	 1 	 0 	 1 	 1 
263.206		354.504 	 28.0711651642 	 202.798657282 	 1 	 0 	 1 	 0 
262.001		0 	 68.4411915222 	 230.160599487 	 0 	 1 	 1 	 -1 
263.206		5.49637 	 95.6658552172 	 261.236639684 	 0 	 1 	 1 	 0 
266.79		10.8934 	 52.7357955151 	 277.285611128 	 1 	 1 	 1 	 0 
272.656		16.1021 	 66.2882231043 	 287.365564895 	 1 	 0 	 1 	 0 
280.659		21.0517 	 41.5197996178 	 239.221154959 	 1 	 1 	 1 	 1 
290.619		25.6934 	 50.3255174007 	 255.497311753 	 0 	 1 	 1 	 0 
302.34		30 	 71.1573435455 	 260.082501012 	 1 	 0 	 1 	 -1 
290.619		34.3066 	 91.0491402653 	 233.047413508 	 0 	 0 	 1 	 1 
280.659		38.9483 	 50.3296218987 	 242.797075042 	 1 	 1 	 1 	 -1 
272.656		43.8979 	 53.0349850914 	 243.768921168 	 0 	 0 	 1 	 -1 
266.789		49.1066 	 70.1143780265 	 246.346673979 	 1 	 0 	 1 	 1 
263.206		54.5036 	 107.852245714 	 243.02436559 	 0 	 0 	 1 	 -1 
262.001		60 	 72.7516927002 	 255.545673831 	 1 	 0 	 1 	 1 
263.206		65.4964 	 58.2773287614 	 257.342589544 	 0 	 0 	 1 	 1 
266.79		70.8934 	 79.4448607077 	 218.632305461 	 1 	 0 	 1 	 1 
272.656		76.1021 	 73.6465862051 	 263.123449667 	 0 	 0 	 1 	 0 
280.659		81.0517 	 38.5954985184 	 255.214572358 	 1 	 0 	 1 	 1 
290.619		85.6934 	 64.2908205964 	 272.836948986 	 0 	 0 	 1 	 1 
302.34		90 	 45.6680951783 	 255.682744544 	 0 	 1 	 1 	 0 
290.619		94.3066 	 75.0633709052 	 245.878920397 	 1 	 0 	 1 	 -1 
280.659		98.9483 	 43.6152224341 	 240.986604355 	 1 	 1 	 1 	 1 
272.655		103.898 	 57.7851256875 	 248.262735374 	 0 	 0 	 1 	 1 
266.79		109.107 	 81.5316795226 	 243.3149325 	 1 	 1 	 1 	 0 
263.206		114.504 	 103.011657256 	 262.077540735 	 0 	 1 	 1 	 1 
262		120 	 60.1371225149 	 252.586456361 	 0 	 0 	 1 	 0 
263.206		125.496 	 59.9624588851 	 232.624090548 	 1 	 1 	 1 	 1 
266.79		130.893 	 100.519973736 	 263.733127706 	 0 	 0 	 1 	 -1 
272.655		136.102 	 46.0023056013 	 251.646077788 	 0 	 1 	 1 	 1 
280.659		141.052 	 58.4750630303 	 250.445845374 	 1 	 0 	 1 	 0 
290.619		145.693 	 79.0618853305 	 274.980600034 	 0 	 1 	 1 	 -1 
302.34		150 	 49.4717915761 	 257.534819394 	 1 	 0 	 1 	 -1 
290.619		154.307 	 68.8949453602 	 268.550921874 	 1 	 1 	 1 	 0 
280.659		158.948 	 59.9847708392 	 252.305561279 	 0 	 0 	 1 	 -1 
272.656		163.898 	 46.0222392687 	 231.02785034 	 0 	 0 	 1 	 -1 
266.789		169.107 	 47.1928864009 	 278.709668065 	 1 	 0 	 1 	 1 
263.206		174.504 	 59.6399034712 	 213.718414625 	 1 	 0 	 1 	 -1 
262.001		180 	 30.9567074452 	 253.941595822 	 0 	 0 	 1 	 1 
263.206		185.496 	 68.4224383935 	 263.565031803 	 1 	 1 	 1 	 0 
266.789		190.893 	 59.9713751539 	 260.568827543 	 0 	 0 	 1 	 -1 
272.656		196.102 	 72.1799076967 	 236.088379897 	 0 	 0 	 1 	 0 
280.659		201.052 	 77.412892688 	 270.220033011 	 0 	 1 	 1 	 -1 
290.619		205.693 	 103.345501037 	 238.506101572 	 0 	 1 	 1 	 1 
302.34		210 	 55.0113241657 	 271.241813787 	 0 	 1 	 1 	 -1 
290.619		214.307 	 67.1540114654 	 251.459961121 	 1 	 1 	 1 	 0 
280.658		218.948 	 81.1630960575 	 243.547058831 	 0 	 0 	 1 	 0 
272.656		223.898 	 49.6587475911 	 244.98457044 	 0 	 0 	 1 	 1 
266.79		229.107 	 52.3475698098 	 247.241601645 	 1 	 0 	 1 	 1 
263.206		234.504 	 76.2144932931 	 251.161664244 	 1 	 0 	 1 	 0 
262		240 	 40.1043232959 	 289.456163406 	 1 	 0 	 1 	 0 
263.206		245.496 	 65.4840607802 	 272.783910676 	 1 	 0 	 1 	 0 
266.789		250.893 	 65.0914681521 	 251.011659813 	 0 	 1 	 1 	 1 
272.656		256.102 	 67.1757937783 	 250.90200511 	 1 	 0 	 1 	 0 
280.659		261.052 	 76.6844191976 	 250.06762569 	 1 	 0 	 1 	 0 
290.62		265.693 	 94.4127029587 	 267.005360264 	 0 	 1 	 1 	 -1 
302.34		270 	 18.8475516985 	 284.485087728 	 0 	 1 	 1 	 0 
290.62		274.307 	 53.5042608968 	 249.92398579 	 0 	 0 	 1 	 1 
280.659		278.948 	 33.0140788071 	 222.113717647 	 1 	 1 	 1 	 1 
272.656		283.898 	 51.6350387216 	 296.253691463 	 0 	 1 	 1 	 0 
266.789		289.107 	 80.3208767925 	 259.320860307 	 1 	 0 	 1 	 1 
263.206		294.504 	 30.652802172 	 291.3103679 	 1 	 0 	 1 	 0 
262		300 	 55.9042483051 	 247.35285447 	 1 	 1 	 1 	 0 
263.206		305.496 	 96.3264330204 	 235.898598933 	 0 	 0 	 1 	 1 
266.79		310.893 	 63.8469986 	 258.036857496 	 0 	 1 	 1 	 1 
272.656		316.102 	 36.021634597 	 241.241968991 	 1 	 1 	 1 	 1 
280.659		321.052 	 66.0989910744 	 277.238475084 	 0 	 1 	 1 	 -1 
290.619		325.693 	 37.2173354825 	 270.373975468 	 0 	 1 	 1 	 -1 
302.34		330 	 54.924192491 	 206.823579625 	 0 	 1 	 1 	 0 
315.62		333.963 	 73.3489693826 	 241.096456549 	 1 	 0 	 1 	 1 
305.457		338.213 	 60.7866787589 	 274.191893282 	 1 	 1 	 1 	 1 
297.071		342.731 	 66.9051240323 	 243.71697701 	 1 	 0 	 1 	 1 
290.619		347.48 	 76.7376106202 	 225.257615705 	 0 	 0 	 1 	 -1 
286.236		352.411 	 78.9599066734 	 274.660978431 	 1 	 0 	 1 	 1 
284.018		357.457 	 54.2700541669 	 246.542113919 	 1 	 0 	 1 	 0 
284.018		2.54292 	 63.8157213627 	 254.299051794 	 0 	 1 	 1 	 -1 
286.236		7.58909 	 54.9327697065 	 289.782915402 	 1 	 1 	 1 	 -1 
290.619		12.5198 	 43.1663835018 	 239.179005098 	 0 	 1 	 1 	 -1 
297.071		17.2695 	 68.058591394 	 249.9651982 	 1 	 1 	 1 	 1 
305.457		21.7868 	 71.0573381546 	 223.143971757 	 1 	 1 	 1 	 -1 
315.62		26.0368 	 56.0609357594 	 252.490143462 	 0 	 0 	 1 	 1 
327.39		30 	 79.2587143494 	 258.741138568 	 1 	 0 	 1 	 0 
305.457		38.2132 	 89.1432506166 	 256.475646208 	 0 	 1 	 1 	 -1 
297.071		42.7305 	 67.3673266876 	 258.694204079 	 0 	 1 	 1 	 1 
290.619		47.4802 	 58.4108117064 	 217.868402634 	 0 	 0 	 1 	 0 
286.236		52.4109 	 52.077909651 	 244.744321281 	 1 	 1 	 1 	 0 
284.018		57.4571 	 38.8876098712 	 278.768906646 	 0 	 0 	 1 	 0 
284.018		62.5429 	 48.0830628195 	 217.098747717 	 0 	 0 	 1 	 0 
286.236		67.5891 	 63.3316703125 	 252.851961741 	 0 	 1 	 1 	 1 
290.619		72.5198 	 55.8550220212 	 228.791567096 	 0 	 0 	 1 	 -1 
297.071		77.2695 	 85.0187479022 	 263.792896618 	 1 	 0 	 1 	 0 
305.457		81.7868 	 51.8678188905 	 253.674976982 	 1 	 0 	 1 	 0 
315.62		86.0368 	 77.7515194374 	 256.685854479 	 1 	 1 	 1 	 -1 
327.39		90 	 77.8326611134 	 237.292148762 	 1 	 0 	 1 	 -1 
315.62		93.9632 	 94.9083723236 	 269.979061266 	 1 	 1 	 1 	 0 
305.457		98.2132 	 90.9724096244 	 232.781553024 	 0 	 1 	 1 	 1 
297.071		102.731 	 84.2849304149 	 230.67881629 	 0 	 0 	 1 	 0 
290.619		107.48 	 14.8804338872 	 291.113196933 	 1 	 1 	 1 	 -1 
286.236		112.411 	 107.288806008 	 248.547387675 	 1 	 1 	 1 	 -1 
284.018		117.457 	 83.5702304881 	 235.388326822 	 1 	 0 	 1 	 1 
284.018		122.543 	 78.6729978904 	 247.545580938 	 0 	 1 	 1 	 0 
286.236		127.589 	 32.0086400858 	 231.260726941 	 0 	 1 	 1 	 -1 
290.62		132.52 	 79.6637241767 	 283.10960082 	 0 	 1 	 1 	 0 
297.071		137.269 	 29.9496752716 	 246.151391835 	 0 	 1 	 1 	 -1 
305.457		141.787 	 81.2495181871 	 260.373416341 	 1 	 0 	 1 	 -1 
315.62		146.037 	 39.8697517165 	 230.629835158 	 1 	 0 	 1 	 -1 
327.39		150 	 54.6482201981 	 242.582682307 	 0 	 0 	 1 	 0 
315.619		153.963 	 43.862866569 	 279.997800678 	 0 	 1 	 1 	 -1 
305.457		158.213 	 75.457717328 	 262.982736396 	 1 	 1 	 1 	 -1 
297.071		162.731 	 36.4890865564 	 299.415390895 	 0 	 0 	 1 	 -1 
290.62		167.48 	 41.9903835037 	 287.455052451 	 0 	 1 	 1 	 -1 
286.236		172.411 	 75.3839825997 	 256.273987587 	 1 	 1 	 1 	 -1 
284.019		177.457 	 94.4184715706 	 248.123841555 	 0 	 0 	 1 	 0 
284.019		182.543 	 57.9240688362 	 262.722636147 	 0 	 0 	 1 	 1 
286.236		187.589 	 78.5328396062 	 244.073621725 	 0 	 0 	 1 	 -1 
290.62		192.52 	 47.4211900411 	 253.895742422 	 0 	 1 	 1 	 1 
297.071		197.269 	 60.9492301497 	 287.640727479 	 0 	 0 	 1 	 1 
305.457		201.787 	 95.1204253997 	 253.6440943 	 0 	 0 	 1 	 0 
315.62		206.037 	 100.99760886 	 240.542510829 	 0 	 0 	 1 	 0 
327.39		210 	 77.663162781 	 256.936541623 	 0 	 0 	 1 	 1 
315.62		213.963 	 61.9658502275 	 245.044275321 	 0 	 1 	 1 	 0 
305.457		218.213 	 80.6586855663 	 262.415090279 	 1 	 0 	 1 	 -1 
297.071		222.731 	 70.6373705278 	 270.129525603 	 1 	 1 	 1 	 -1 
290.619		227.48 	 27.5280346185 	 253.113570829 	 0 	 0 	 1 	 -1 
286.236		232.411 	 46.3267079909 	 256.768558532 	 1 	 1 	 1 	 1 
284.018		237.457 	 52.2866965875 	 227.753845199 	 1 	 0 	 1 	 -1 
284.019		242.543 	 65.1222241623 	 264.359738656 	 1 	 0 	 1 	 -1 
286.236		247.589 	 70.7417279953 	 235.362590972 	 0 	 0 	 1 	 0 
290.62		252.52 	 63.958050954 	 242.995739844 	 0 	 1 	 1 	 -1 
297.071		257.269 	 44.0295801244 	 294.479616194 	 1 	 1 	 1 	 1 
305.457		261.787 	 86.7572504825 	 222.591028017 	 0 	 0 	 1 	 0 
315.62		266.037 	 63.0903535683 	 233.602648582 	 1 	 1 	 1 	 -1 
327.39		270 	 51.840748864 	 256.684578213 	 0 	 0 	 1 	 -1 
315.62		273.963 	 50.8948226882 	 244.584479334 	 1 	 0 	 1 	 0 
305.457		278.213 	 92.0793814711 	 265.580088808 	 1 	 1 	 1 	 -1 
297.071		282.731 	 76.7172535352 	 269.443312472 	 0 	 1 	 1 	 1 
290.62		287.48 	 44.1419408179 	 264.349618867 	 1 	 1 	 1 	 0 
286.236		292.411 	 66.7156851581 	 256.701887298 	 0 	 1 	 1 	 -1 
284.019		297.457 	 53.1202440182 	 246.884992407 	 1 	 1 	 1 	 0 
284.018		302.543 	 29.2293190603 	 197.643822407 	 1 	 0 	 1 	 0 
286.236		307.589 	 69.3365850602 	 247.125903913 	 1 	 1 	 1 	 1 
290.619		312.52 	 45.813563385 	 228.799542223 	 1 	 1 	 1 	 1 
297.071		317.269 	 35.1007001959 	 220.6081463 	 0 	 0 	 1 	 0 
305.457		321.787 	 74.2518179388 	 270.956750585 	 1 	 1 	 1 	 -1 
327.39		330 	 71.6468253923 	 262.120537233 	 0 	 1 	 1 	 1 
340.597		333.67 	 58.3127021561 	 284.765101767 	 1 	 1 	 1 	 -1 
330.266		337.589 	 66.7875629464 	 233.837221987 	 0 	 1 	 1 	 1 
321.56		341.742 	 96.9009242364 	 234.526548209 	 0 	 0 	 1 	 0 
314.619		346.102 	 72.6540189067 	 238.112693838 	 1 	 1 	 1 	 1 
309.563		350.633 	 47.6485058744 	 274.381928165 	 1 	 0 	 1 	 1 
306.489		355.285 	 67.5481594258 	 273.398604843 	 1 	 0 	 1 	 -1 
305.457		0 	 21.9057372313 	 288.752445438 	 1 	 1 	 1 	 0 
306.489		4.715 	 87.7157734831 	 232.511459081 	 0 	 0 	 1 	 1 
309.563		9.367 	 47.7003110898 	 271.004832765 	 0 	 1 	 1 	 1 
314.619		13.8979 	 71.1497719651 	 250.851369626 	 1 	 1 	 1 	 1 
321.56		18.2585 	 81.0759234758 	 263.734583269 	 0 	 1 	 1 	 0 
330.266		22.4109 	 47.8378500296 	 229.68304055 	 0 	 0 	 1 	 0 
340.597		26.3295 	 91.1810784454 	 223.204541938 	 1 	 0 	 1 	 -1 
352.406		30 	 92.2027851482 	 274.838224921 	 1 	 0 	 1 	 1 
340.597		33.6705 	 97.7242190751 	 267.488220385 	 0 	 1 	 1 	 1 
330.266		37.5891 	 70.530149498 	 262.88596295 	 0 	 1 	 1 	 1 
321.56		41.7415 	 94.2213435035 	 262.786083113 	 0 	 1 	 1 	 0 
314.619		46.1021 	 65.2987947094 	 281.646789261 	 1 	 1 	 1 	 0 
309.563		50.633 	 42.0878283384 	 240.920952408 	 0 	 1 	 1 	 0 
306.489		55.285 	 69.3016842608 	 254.407552133 	 1 	 0 	 1 	 1 
305.457		60 	 60.2974600499 	 288.209114657 	 0 	 0 	 1 	 -1 
306.489		64.715 	 57.0161208903 	 204.605488983 	 1 	 1 	 1 	 0 
309.563		69.367 	 64.5593413942 	 288.568510729 	 0 	 0 	 1 	 1 
314.619		73.8979 	 39.3894737925 	 243.405082965 	 0 	 1 	 1 	 -1 
321.56		78.2585 	 26.013091312 	 285.62920584 	 1 	 1 	 1 	 1 
330.266		82.4109 	 17.2293560991 	 211.230947955 	 0 	 0 	 1 	 0 
340.597		86.3295 	 91.052424743 	 250.91255621 	 0 	 0 	 1 	 0 
352.406		90 	 54.584584305 	 250.315016027 	 1 	 0 	 1 	 -1 
340.597		93.6705 	 57.6033637046 	 236.228484065 	 1 	 0 	 1 	 1 
330.266		97.5891 	 63.9092849095 	 227.294849655 	 0 	 1 	 1 	 0 
321.56		101.742 	 35.6149794071 	 246.120469316 	 0 	 1 	 1 	 -1 
314.619		106.102 	 60.2995774094 	 239.728934396 	 1 	 0 	 1 	 -1 
309.563		110.633 	 58.4661660396 	 248.202959401 	 0 	 0 	 1 	 1 
306.489		115.285 	 102.887977201 	 257.252662348 	 1 	 1 	 1 	 0 
305.457		120 	 62.6385501605 	 252.029637498 	 0 	 1 	 1 	 0 
306.489		124.715 	 39.0268154965 	 252.379981962 	 1 	 0 	 1 	 -1 
309.563		129.367 	 68.6970490041 	 248.964043409 	 0 	 1 	 1 	 0 
314.619		133.898 	 53.950082111 	 262.302166525 	 0 	 0 	 1 	 -1 
321.56		138.258 	 73.7746660387 	 238.890087696 	 1 	 0 	 1 	 0 
330.266		142.411 	 102.953862894 	 240.382193187 	 1 	 1 	 1 	 0 
340.597		146.329 	 54.9422412719 	 260.352141671 	 1 	 1 	 1 	 0 
352.406		150 	 54.7035006189 	 272.86745644 	 1 	 0 	 1 	 0 
340.597		153.671 	 61.5688920023 	 288.203331885 	 0 	 1 	 1 	 -1 
330.266		157.589 	 45.0480621456 	 215.475731651 	 1 	 0 	 1 	 1 
321.561		161.742 	 57.4043029006 	 253.314817932 	 0 	 1 	 1 	 0 
314.618		166.102 	 62.6739121746 	 206.593462854 	 1 	 0 	 1 	 0 
309.563		170.633 	 68.4053984115 	 218.885586346 	 1 	 1 	 1 	 1 
306.488		175.285 	 60.406347438 	 248.858526294 	 0 	 0 	 1 	 -1 
305.457		180 	 18.6445462033 	 234.358011746 	 1 	 1 	 1 	 1 
306.488		184.715 	 94.0766087053 	 244.444290419 	 0 	 1 	 1 	 0 
309.563		189.367 	 71.3789474747 	 224.844491381 	 0 	 0 	 1 	 0 
314.618		193.898 	 64.3719794276 	 256.910470752 	 1 	 1 	 1 	 0 
321.561		198.258 	 78.1118368922 	 253.870546183 	 1 	 0 	 1 	 1 
330.266		202.411 	 62.9326183499 	 255.606877035 	 1 	 0 	 1 	 -1 
340.597		206.329 	 64.172389781 	 247.585144186 	 1 	 0 	 1 	 0 
352.406		210 	 108.776657812 	 250.746948524 	 1 	 1 	 1 	 -1 
330.266		217.589 	 45.5281170029 	 208.242267976 	 0 	 1 	 1 	 1 
321.56		221.742 	 52.9133804592 	 216.00477788 	 0 	 1 	 1 	 1 
314.619		226.102 	 58.5047916302 	 252.463496365 	 1 	 1 	 1 	 1 
309.563		230.633 	 90.4823999382 	 268.757364822 	 0 	 1 	 1 	 1 
306.489		235.285 	 55.8806628662 	 220.311397979 	 1 	 1 	 1 	 0 
305.456		240 	 97.5880671015 	 230.383663247 	 1 	 0 	 1 	 1 
306.488		244.715 	 39.990936047 	 254.025535433 	 0 	 1 	 1 	 0 
309.563		249.367 	 89.0800386608 	 278.968776705 	 0 	 1 	 1 	 0 
314.619		253.898 	 64.0350754876 	 218.021872923 	 0 	 0 	 1 	 0 
321.56		258.258 	 37.8445445175 	 267.563872513 	 0 	 0 	 1 	 0 
330.266		262.411 	 62.6932624458 	 251.021581623 	 1 	 0 	 1 	 1 
340.597		266.33 	 37.9333044641 	 227.990400774 	 1 	 0 	 1 	 1 
340.597		273.671 	 47.1855512811 	 240.511190838 	 0 	 0 	 1 	 1 
330.266		277.589 	 58.3490928724 	 247.72180424 	 0 	 0 	 1 	 1 
321.56		281.742 	 36.6879445737 	 258.456273746 	 0 	 0 	 1 	 0 
314.619		286.102 	 56.8902213193 	 252.121041746 	 0 	 0 	 1 	 0 
309.563		290.633 	 92.9498584243 	 245.120672434 	 1 	 0 	 1 	 -1 
306.488		295.285 	 77.9237934098 	 257.009999233 	 1 	 1 	 1 	 0 
305.457		300 	 39.2034450102 	 202.974504309 	 1 	 0 	 1 	 1 
306.489		304.715 	 102.93705112 	 235.55418562 	 1 	 0 	 1 	 -1 
309.563		309.367 	 86.869458064 	 277.052176175 	 0 	 1 	 1 	 -1 
314.619		313.898 	 102.271267145 	 267.108110685 	 1 	 0 	 1 	 1 
321.56		318.258 	 82.1095998475 	 251.988048037 	 1 	 1 	 1 	 -1 
330.266		322.411 	 94.306906299 	 280.014385877 	 1 	 0 	 1 	 0 
340.597		326.33 	 83.8353329448 	 256.834383608 	 1 	 0 	 1 	 -1 
352.406		330 	 71.3567263903 	 261.870988502 	 1 	 0 	 1 	 -1 
365.546		333.418 	 28.6618118719 	 297.744147963 	 0 	 0 	 1 	 1 
355.074		337.053 	 59.1959196681 	 279.920322687 	 0 	 1 	 1 	 -1 
346.099		340.893 	 98.0394404651 	 248.330353137 	 1 	 0 	 1 	 -1 
338.742		344.921 	 40.1123254092 	 265.456838147 	 1 	 0 	 1 	 -1 
333.116		349.107 	 68.9943536324 	 287.78353717 	 0 	 1 	 1 	 -1 
329.31		353.413 	 59.860219479 	 248.437210769 	 0 	 0 	 1 	 -1 
327.39		357.796 	 58.8320346308 	 256.621034806 	 0 	 1 	 1 	 0 
327.39		2.20423 	 93.1676523543 	 230.129464085 	 0 	 0 	 1 	 0 
329.31		6.58678 	 59.5933706296 	 267.823865368 	 0 	 0 	 1 	 1 
333.116		10.8934 	 76.49437006 	 287.909035393 	 1 	 1 	 1 	 -1 
338.742		15.0791 	 56.2889101685 	 248.050273644 	 1 	 0 	 1 	 1 
346.099		19.1066 	 64.9025867417 	 263.222615834 	 0 	 1 	 1 	 1 
355.074		22.9473 	 39.7699020456 	 220.454040797 	 0 	 0 	 1 	 -1 
365.546		26.582 	 77.012776144 	 254.479374904 	 1 	 0 	 1 	 -1 
377.385		30 	 56.6709161578 	 249.16824816 	 1 	 0 	 1 	 -1 
365.546		33.418 	 67.3231637221 	 256.142349211 	 0 	 1 	 1 	 -1 
355.074		37.0527 	 96.7032245497 	 227.500141684 	 1 	 0 	 1 	 -1 
346.099		40.8934 	 77.3397588698 	 258.276976693 	 0 	 0 	 1 	 0 
338.743		44.9209 	 54.2049484142 	 244.6680402 	 1 	 0 	 1 	 -1 
333.116		49.1066 	 95.7183369532 	 258.718623965 	 0 	 0 	 1 	 0 
329.31		53.4132 	 83.7166441172 	 246.232612699 	 1 	 1 	 1 	 0 
327.39		57.7958 	 50.1231280226 	 249.152441823 	 0 	 1 	 1 	 -1 
327.39		62.2042 	 51.2741474141 	 279.388460002 	 1 	 1 	 1 	 0 
329.31		66.5868 	 60.7132574478 	 233.885866035 	 0 	 0 	 1 	 0 
333.116		70.8934 	 79.9162850377 	 235.131021023 	 0 	 0 	 1 	 0 
338.742		75.0791 	 59.3636433253 	 252.678346085 	 1 	 0 	 1 	 1 
346.099		79.1066 	 73.5811749908 	 283.804739577 	 0 	 1 	 1 	 0 
355.074		82.9473 	 99.3906831405 	 257.287902085 	 1 	 1 	 1 	 1 
