25.2587		30 	 113.295410192 	 -64.1991614259 	 1 	 0 	 1 	 -1 
25.2587		90 	 322.200274766 	 179.78983501 	 1 	 0 	 1 	 -1 
25.2587		150 	 244.959497144 	 -59.7185138229 	 1 	 0 	 1 	 1 
25.2587		210 	 8.38439644724 	 -170.038408404 	 1 	 0 	 1 	 0 
25.2587		270 	 190.359355302 	 -85.3001576506 	 1 	 0 	 1 	 -1 
43.7478		0 	 24.2409064484 	 -90.6148781336 	 1 	 0 	 1 	 0 
50.5147		30 	 318.811329458 	 -159.241258384 	 0 	 1 	 1 	 1 
43.7478		60 	 69.3481388459 	 -81.9184890707 	 0 	 1 	 1 	 1 
50.5147		90 	 89.2359158253 	 -124.96495182 	 1 	 0 	 1 	 -1 
43.7478		120 	 310.993688697 	 33.444506017 	 1 	 0 	 1 	 1 
50.5147		150 	 310.396511192 	 110.665666054 	 1 	 0 	 1 	 0 
43.7478		180 	 129.917288455 	 -131.67097661 	 0 	 1 	 1 	 1 
50.5147		210 	 143.621913948 	 -109.379009095 	 0 	 1 	 1 	 0 
43.7478		240 	 62.0835097333 	 -15.9590992896 	 1 	 0 	 1 	 0 
43.7478		300 	 42.0177823767 	 37.3628840868 	 1 	 0 	 1 	 1 
50.5148		330 	 179.847322666 	 48.2587916985 	 1 	 0 	 1 	 -1 
66.8212		349.107 	 150.658185696 	 -72.364281051 	 0 	 1 	 1 	 -1 
66.8212		10.8934 	 93.2771566177 	 -164.943007492 	 1 	 0 	 1 	 -1 
75.7654		30 	 180.078546346 	 -108.331681278 	 0 	 1 	 1 	 0 
66.8212		49.1066 	 68.9933545082 	 -83.0363847456 	 0 	 1 	 1 	 0 
66.8212		70.8934 	 26.9585852824 	 136.84726312 	 0 	 1 	 1 	 1 
75.7654		90 	 31.549173621 	 55.6525798328 	 1 	 0 	 1 	 1 
66.8212		109.107 	 114.559210414 	 177.308020347 	 0 	 1 	 1 	 0 
66.8212		130.893 	 244.636220622 	 44.4864286346 	 0 	 1 	 1 	 0 
75.7654		150 	 206.419336693 	 -171.716277062 	 1 	 0 	 1 	 0 
66.8212		169.107 	 295.162587449 	 162.369030208 	 1 	 0 	 1 	 0 
66.8212		190.893 	 248.071629635 	 -45.5738256523 	 0 	 1 	 1 	 0 
66.8212		229.107 	 127.263772217 	 1.03473670775 	 1 	 0 	 1 	 -1 
66.8212		250.893 	 293.175038213 	 -177.355629653 	 0 	 1 	 1 	 0 
75.7654		270 	 120.568583491 	 -79.3852296288 	 1 	 0 	 1 	 1 
66.8212		289.107 	 242.194968726 	 -123.455845611 	 1 	 0 	 1 	 1 
66.8212		310.893 	 192.44073449 	 -118.928923125 	 0 	 1 	 1 	 -1 
75.7654		330 	 118.639003439 	 -140.500399693 	 1 	 0 	 1 	 0 
91.0523		343.898 	 189.758414201 	 -92.1329849832 	 0 	 1 	 1 	 0 
87.4818		0 	 315.442776695 	 30.4144937504 	 0 	 1 	 1 	 0 
91.0523		16.1021 	 133.218776363 	 134.276362791 	 1 	 0 	 1 	 -1 
101.008		30 	 272.9760632 	 137.479494273 	 0 	 1 	 1 	 1 
91.0523		43.8979 	 170.334923851 	 155.120692165 	 0 	 1 	 1 	 -1 
87.4818		60 	 57.5599545291 	 -51.1399306484 	 1 	 0 	 1 	 0 
91.0523		76.1021 	 233.67769834 	 50.3496180704 	 1 	 0 	 1 	 -1 
91.0523		103.898 	 228.16924417 	 -96.2901405475 	 0 	 1 	 1 	 0 
87.4818		120 	 108.374608411 	 26.4052504609 	 1 	 0 	 1 	 0 
91.0523		136.102 	 87.7632549804 	 -28.9549665975 	 0 	 1 	 1 	 -1 
91.0523		163.898 	 302.682592118 	 -53.1074893409 	 1 	 0 	 1 	 0 
87.4818		180 	 136.731176362 	 -10.1475650521 	 0 	 1 	 1 	 -1 
91.0523		196.102 	 281.240632103 	 57.5273899066 	 1 	 0 	 1 	 -1 
101.008		210 	 173.898885826 	 -111.797759312 	 0 	 1 	 1 	 0 
91.0523		223.898 	 240.207469251 	 -113.815267361 	 0 	 1 	 1 	 1 
87.4818		240 	 239.359768047 	 -136.881746223 	 0 	 1 	 1 	 -1 
91.0523		256.102 	 303.35417302 	 134.531256117 	 0 	 1 	 1 	 1 
101.008		270 	 11.4941691649 	 -125.473918074 	 1 	 0 	 1 	 -1 
91.0523		283.898 	 96.1511574286 	 139.721202691 	 1 	 0 	 1 	 0 
87.4817		300 	 12.9427772528 	 148.521687919 	 1 	 0 	 1 	 0 
91.0523		316.102 	 269.959110728 	 -64.5269373398 	 1 	 0 	 1 	 1 
101.008		330 	 151.669421959 	 -4.54764824542 	 1 	 0 	 1 	 -1 
115.709		340.893 	 164.739752548 	 -104.328806624 	 1 	 0 	 1 	 -1 
110.065		353.413 	 115.8888236 	 143.384169487 	 0 	 1 	 1 	 1 
110.065		6.58677 	 147.57780362 	 84.7484990242 	 0 	 1 	 1 	 1 
115.709		19.1066 	 55.2368391575 	 100.833199123 	 0 	 1 	 1 	 0 
126.24		30 	 212.003948472 	 -179.989911511 	 1 	 0 	 1 	 0 
115.709		40.8934 	 135.462987372 	 29.1223775714 	 1 	 0 	 1 	 0 
110.065		53.4132 	 23.2976799957 	 -75.638115714 	 1 	 0 	 1 	 0 
110.065		66.5868 	 117.94152896 	 -119.43542645 	 0 	 1 	 1 	 -1 
115.709		79.1066 	 86.8108065082 	 -87.3334829183 	 1 	 0 	 1 	 1 
126.24		90 	 188.274798148 	 31.2023092527 	 1 	 0 	 1 	 0 
115.709		100.893 	 195.272659431 	 151.135859636 	 1 	 0 	 1 	 0 
110.065		113.413 	 298.959293159 	 153.472316434 	 0 	 1 	 1 	 -1 
110.065		126.587 	 197.609321463 	 -176.91094139 	 0 	 1 	 1 	 -1 
115.709		139.107 	 60.7278419699 	 -99.8065595613 	 1 	 0 	 1 	 0 
126.24		150 	 296.109934619 	 147.713042496 	 1 	 0 	 1 	 0 
115.709		160.893 	 142.822954951 	 -74.3252891784 	 1 	 0 	 1 	 -1 
110.066		173.413 	 80.0282824311 	 174.717390793 	 1 	 0 	 1 	 0 
110.066		186.587 	 196.854662293 	 -164.948805666 	 0 	 1 	 1 	 -1 
115.709		199.107 	 92.8808936451 	 15.8320613468 	 1 	 0 	 1 	 0 
126.24		210 	 148.847281932 	 59.569974659 	 0 	 1 	 1 	 -1 
115.709		220.893 	 166.429116283 	 12.7371194053 	 1 	 0 	 1 	 1 
110.065		233.413 	 301.86284597 	 -28.9254773558 	 1 	 0 	 1 	 -1 
110.065		246.587 	 122.184054129 	 88.627826546 	 0 	 1 	 1 	 0 
115.709		259.107 	 167.537627987 	 -46.9118333504 	 0 	 1 	 1 	 0 
126.24		270 	 32.0511522456 	 94.0529829932 	 1 	 0 	 1 	 -1 
115.709		280.893 	 36.6458608252 	 -23.4432969082 	 1 	 0 	 1 	 -1 
110.065		293.413 	 228.632950579 	 153.992003525 	 1 	 0 	 1 	 -1 
110.065		306.587 	 97.7024257378 	 25.9726149268 	 0 	 1 	 1 	 1 
115.709		319.107 	 196.065571178 	 -171.232698479 	 0 	 1 	 1 	 0 
126.24		330 	 151.813582565 	 73.3195288188 	 1 	 0 	 1 	 0 
140.56		338.948 	 100.551574281 	 97.4675054662 	 0 	 1 	 1 	 0 
133.593		349.107 	 294.965100937 	 -134.377889643 	 1 	 0 	 1 	 0 
131.188		0 	 273.778480305 	 117.429260559 	 1 	 0 	 1 	 1 
133.593		10.8934 	 49.8735414978 	 -110.847532074 	 1 	 0 	 1 	 1 
140.56		21.0517 	 192.31523283 	 46.0033018124 	 0 	 1 	 1 	 1 
151.459		30 	 81.2448366241 	 -179.379541085 	 1 	 0 	 1 	 0 
140.56		38.9483 	 235.80077949 	 -147.837020805 	 0 	 1 	 1 	 0 
133.593		49.1066 	 85.7548090179 	 -24.4241941159 	 1 	 0 	 1 	 -1 
131.188		60 	 202.055594091 	 139.744620221 	 0 	 1 	 1 	 -1 
133.593		70.8934 	 137.409571944 	 -94.8810113892 	 1 	 0 	 1 	 1 
140.56		81.0517 	 316.942734703 	 4.08984537803 	 1 	 0 	 1 	 1 
151.459		90 	 29.3879582237 	 -31.072633833 	 0 	 1 	 1 	 1 
140.56		98.9483 	 113.568814637 	 145.444951038 	 0 	 1 	 1 	 1 
133.593		109.107 	 289.72031406 	 118.791403731 	 1 	 0 	 1 	 -1 
131.188		120 	 1.52435821685 	 96.2114775871 	 1 	 0 	 1 	 1 
133.593		130.893 	 120.16650191 	 149.487190384 	 0 	 1 	 1 	 1 
140.56		141.052 	 130.667923775 	 -23.6868564967 	 0 	 1 	 1 	 -1 
151.459		150 	 60.9441725928 	 160.760320118 	 1 	 0 	 1 	 -1 
140.56		158.948 	 314.349132908 	 -60.2368720961 	 1 	 0 	 1 	 0 
133.593		169.107 	 195.021126613 	 3.24175302517 	 0 	 1 	 1 	 -1 
131.188		180 	 177.469688466 	 -11.6572146395 	 1 	 0 	 1 	 -1 
133.593		190.893 	 162.397905255 	 -30.8232908186 	 0 	 1 	 1 	 0 
140.56		201.052 	 83.106733955 	 -148.952759583 	 1 	 0 	 1 	 0 
151.459		210 	 54.5721991561 	 -120.041221946 	 0 	 1 	 1 	 -1 
140.56		218.948 	 198.330602106 	 50.4421037975 	 1 	 0 	 1 	 -1 
133.593		229.107 	 196.713356081 	 45.9205894688 	 0 	 1 	 1 	 1 
131.188		240 	 46.9109998525 	 -14.0896073796 	 0 	 1 	 1 	 0 
133.592		250.893 	 247.917009938 	 57.2531488166 	 0 	 1 	 1 	 -1 
140.56		261.052 	 82.8442510907 	 99.6728042178 	 1 	 0 	 1 	 0 
151.459		270 	 118.550260259 	 53.6649188883 	 0 	 1 	 1 	 0 
140.56		278.948 	 106.199115894 	 -57.7591962702 	 0 	 1 	 1 	 1 
133.592		289.107 	 284.239464714 	 1.68185133387 	 1 	 0 	 1 	 1 
131.188		300 	 273.133530605 	 173.882015507 	 1 	 0 	 1 	 -1 
133.593		310.893 	 319.81758645 	 -178.210701951 	 1 	 0 	 1 	 1 
140.56		321.052 	 152.100463895 	 -68.5100029022 	 0 	 1 	 1 	 -1 
151.459		330 	 4.86728032609 	 -129.748516697 	 1 	 0 	 1 	 -1 
165.51		337.589 	 29.9954039755 	 -86.7212545079 	 0 	 1 	 1 	 -1 
157.635		346.102 	 20.5373439954 	 98.7305680805 	 0 	 1 	 1 	 1 
153.545		355.285 	 143.32944476 	 -15.7728915195 	 0 	 1 	 1 	 0 
153.545		4.715 	 93.008850213 	 -2.89060535452 	 1 	 0 	 1 	 1 
157.635		13.8979 	 261.30376735 	 173.65166163 	 0 	 1 	 1 	 -1 
165.51		22.4109 	 71.6616586187 	 161.151780236 	 1 	 0 	 1 	 0 
176.661		30 	 234.10208933 	 150.634034984 	 1 	 0 	 1 	 -1 
165.51		37.5891 	 114.5915748 	 -62.6290830593 	 0 	 1 	 1 	 -1 
157.635		46.1021 	 90.3900820242 	 69.0942304635 	 1 	 0 	 1 	 1 
153.545		55.285 	 322.275802873 	 150.372568843 	 0 	 1 	 1 	 1 
153.545		64.715 	 114.526157819 	 -132.463391619 	 1 	 0 	 1 	 -1 
157.635		73.8979 	 90.1779611204 	 -63.3451354804 	 0 	 1 	 1 	 1 
165.51		82.4109 	 69.2155602174 	 175.813873882 	 1 	 0 	 1 	 1 
176.661		90 	 172.758350734 	 -53.284816508 	 1 	 0 	 1 	 -1 
165.51		97.5891 	 222.656329493 	 -21.1366157441 	 1 	 0 	 1 	 0 
157.635		106.102 	 238.045402441 	 123.267964417 	 0 	 1 	 1 	 1 
153.545		115.285 	 264.171889602 	 -139.872037712 	 0 	 1 	 1 	 -1 
153.545		124.715 	 143.948016888 	 -46.117842997 	 0 	 1 	 1 	 -1 
157.635		133.898 	 216.660149423 	 -128.089872136 	 1 	 0 	 1 	 0 
165.51		142.411 	 288.930867987 	 -5.02884562951 	 1 	 0 	 1 	 0 
176.661		150 	 28.1329749658 	 108.718806313 	 1 	 0 	 1 	 1 
165.509		157.589 	 298.824582502 	 -152.221336738 	 1 	 0 	 1 	 1 
157.635		166.102 	 308.331983554 	 -41.8229405226 	 1 	 0 	 1 	 0 
153.546		175.285 	 256.176526573 	 129.41891226 	 1 	 0 	 1 	 -1 
153.546		184.715 	 214.319232635 	 124.221375426 	 0 	 1 	 1 	 1 
157.635		193.898 	 178.893175979 	 137.618133342 	 0 	 1 	 1 	 -1 
165.509		202.411 	 258.691006085 	 135.768098157 	 0 	 1 	 1 	 0 
165.51		217.589 	 218.498641537 	 86.5561643001 	 1 	 0 	 1 	 -1 
157.635		226.102 	 51.1793160779 	 167.898198295 	 1 	 0 	 1 	 1 
153.545		235.285 	 315.318773072 	 126.891206592 	 0 	 1 	 1 	 0 
153.545		244.715 	 121.30308259 	 139.507246523 	 0 	 1 	 1 	 0 
157.635		253.898 	 106.921581747 	 90.1308669446 	 0 	 1 	 1 	 0 
165.51		262.411 	 72.3586274525 	 154.549614378 	 1 	 0 	 1 	 -1 
176.661		270 	 206.391985917 	 -18.2971204852 	 1 	 0 	 1 	 0 
165.51		277.589 	 240.499288625 	 54.2865989726 	 1 	 0 	 1 	 -1 
157.635		286.102 	 14.4612659053 	 113.244324931 	 1 	 0 	 1 	 -1 
153.545		295.285 	 80.9453215731 	 -15.2774107079 	 1 	 0 	 1 	 1 
153.545		304.715 	 37.2484315219 	 51.033478527 	 1 	 0 	 1 	 0 
157.635		313.898 	 147.867263729 	 150.147407829 	 0 	 1 	 1 	 1 
165.51		322.411 	 140.694811455 	 -88.6917853197 	 1 	 0 	 1 	 -1 
176.661		330 	 77.457498884 	 -63.1376378474 	 0 	 1 	 1 	 1 
190.511		336.587 	 39.3742511225 	 102.351411279 	 1 	 0 	 1 	 0 
181.979		343.898 	 210.557032152 	 60.6781948803 	 0 	 1 	 1 	 0 
176.661		351.787 	 274.916828123 	 34.4690500778 	 1 	 0 	 1 	 0 
174.852		0 	 95.4766299079 	 49.8648402359 	 0 	 1 	 1 	 0 
176.661		8.21321 	 23.5363396873 	 -79.1461893301 	 1 	 0 	 1 	 0 
181.979		16.1021 	 45.3886437128 	 -71.439384389 	 0 	 1 	 1 	 -1 
190.511		23.4132 	 168.715552766 	 122.122996952 	 0 	 1 	 1 	 1 
201.845		30 	 49.8251056105 	 -123.561675058 	 1 	 0 	 1 	 0 
181.979		43.8979 	 305.348548042 	 -75.7376572772 	 1 	 0 	 1 	 1 
176.661		51.7868 	 82.5178028075 	 163.585496309 	 0 	 1 	 1 	 1 
174.852		60 	 296.259847534 	 131.309583367 	 0 	 1 	 1 	 -1 
176.661		68.2132 	 294.667782922 	 111.817506268 	 0 	 1 	 1 	 1 
181.979		76.1021 	 196.933999178 	 -94.4855134695 	 1 	 0 	 1 	 -1 
190.511		83.4132 	 291.411718071 	 -157.497895311 	 1 	 0 	 1 	 1 
201.845		90 	 71.1718620114 	 99.0168374143 	 0 	 1 	 1 	 0 
190.511		96.5868 	 1.66131599005 	 -145.06241023 	 1 	 0 	 1 	 0 
181.979		103.898 	 226.547956124 	 -92.9058865345 	 0 	 1 	 1 	 1 
176.661		111.787 	 174.488469343 	 -169.261853222 	 0 	 1 	 1 	 1 
174.852		120 	 80.6348406679 	 69.0559270063 	 0 	 1 	 1 	 0 
176.661		128.213 	 201.702781995 	 -76.5558592931 	 0 	 1 	 1 	 -1 
181.979		136.102 	 304.664835348 	 -169.274710486 	 1 	 0 	 1 	 1 
190.51		143.413 	 61.6818833928 	 172.841556107 	 1 	 0 	 1 	 -1 
201.845		150 	 244.252184519 	 -60.3729539017 	 0 	 1 	 1 	 -1 
190.511		156.587 	 32.014199753 	 35.8228852554 	 1 	 0 	 1 	 -1 
181.979		163.898 	 257.681071105 	 -19.1100891803 	 0 	 1 	 1 	 1 
176.661		171.787 	 59.91869495 	 155.825589513 	 1 	 0 	 1 	 0 
174.852		180 	 308.308441744 	 -21.9596335937 	 1 	 0 	 1 	 0 
176.661		188.213 	 47.3186033689 	 53.4607982047 	 0 	 1 	 1 	 -1 
181.979		196.102 	 57.411346675 	 -51.318405107 	 0 	 1 	 1 	 0 
190.511		203.413 	 294.829654645 	 -39.2409251053 	 0 	 1 	 1 	 0 
201.845		210 	 302.559906384 	 30.4196824469 	 0 	 1 	 1 	 -1 
190.51		216.587 	 275.661203433 	 21.1603332806 	 1 	 0 	 1 	 0 
181.979		223.898 	 264.947647352 	 -123.956619622 	 1 	 0 	 1 	 1 
176.661		231.787 	 228.637771645 	 -26.3919458157 	 1 	 0 	 1 	 -1 
174.853		240 	 282.035740541 	 142.924108438 	 1 	 0 	 1 	 -1 
176.662		248.213 	 60.0536612408 	 85.8041999373 	 0 	 1 	 1 	 -1 
181.979		256.102 	 86.4559356493 	 134.973606979 	 1 	 0 	 1 	 -1 
190.511		263.413 	 84.5814682933 	 174.596663651 	 0 	 1 	 1 	 1 
190.511		276.587 	 244.94029517 	 -86.2648157497 	 0 	 1 	 1 	 -1 
181.979		283.898 	 42.2939499878 	 -4.15067680079 	 0 	 1 	 1 	 1 
176.662		291.787 	 294.461117306 	 4.06974127504 	 0 	 1 	 1 	 0 
174.853		300 	 31.8535502057 	 12.905761041 	 0 	 1 	 1 	 1 
176.661		308.213 	 145.367706775 	 -67.2580527487 	 0 	 1 	 1 	 -1 
181.979		316.102 	 146.596177007 	 -65.2996749112 	 1 	 0 	 1 	 -1 
190.511		323.413 	 26.6955230356 	 37.4142689644 	 1 	 0 	 1 	 1 
201.845		330 	 269.115524953 	 143.835797882 	 1 	 0 	 1 	 0 
215.536		335.818 	 306.75997773 	 27.3638678554 	 0 	 1 	 1 	 0 
206.511		342.216 	 7.07972619313 	 145.239655417 	 1 	 0 	 1 	 0 
200.265		349.107 	 18.2110224524 	 45.9972453253 	 0 	 1 	 1 	 1 
197.068		356.329 	 64.4764233283 	 124.912615492 	 1 	 0 	 1 	 -1 
197.068		3.6705 	 110.868228359 	 -115.11398826 	 1 	 0 	 1 	 0 
200.265		10.8934 	 188.772132778 	 -59.5494101387 	 0 	 1 	 1 	 1 
206.511		17.7836 	 88.5774534533 	 32.3385540724 	 0 	 1 	 1 	 0 
215.536		24.1825 	 168.701076436 	 65.1612556294 	 1 	 0 	 1 	 -1 
227.007		30 	 57.1515386407 	 -68.9782668366 	 0 	 1 	 1 	 0 
215.536		35.8175 	 123.405757311 	 -173.157388081 	 1 	 0 	 1 	 1 
206.511		42.2164 	 227.095396817 	 135.342396176 	 1 	 0 	 1 	 0 
200.265		49.1066 	 148.001154071 	 145.472588634 	 1 	 0 	 1 	 0 
197.068		56.3295 	 128.503507399 	 -170.635064514 	 0 	 1 	 1 	 -1 
197.068		63.6705 	 112.691793927 	 -124.96945411 	 0 	 1 	 1 	 0 
200.265		70.8934 	 41.5338900314 	 -28.3428170532 	 1 	 0 	 1 	 0 
206.511		77.7836 	 111.924413269 	 32.997748142 	 0 	 1 	 1 	 -1 
215.536		84.1825 	 279.419252324 	 -111.381854621 	 0 	 1 	 1 	 0 
227.007		90 	 70.2919292301 	 5.18366308515 	 0 	 1 	 1 	 1 
215.536		95.8175 	 316.116853948 	 178.127088575 	 1 	 0 	 1 	 -1 
206.511		102.216 	 321.722007042 	 -58.4133067016 	 0 	 1 	 1 	 0 
200.265		109.107 	 287.162228203 	 38.527853932 	 0 	 1 	 1 	 0 
197.068		116.33 	 110.968356057 	 -72.8270804849 	 1 	 0 	 1 	 -1 
197.068		123.671 	 82.7574212266 	 90.3832988009 	 0 	 1 	 1 	 -1 
200.265		130.893 	 149.807281475 	 -77.800513964 	 1 	 0 	 1 	 0 
206.51		137.784 	 114.389147604 	 99.3128215266 	 0 	 1 	 1 	 -1 
215.536		144.182 	 105.424962668 	 126.698027931 	 1 	 0 	 1 	 -1 
227.007		150 	 311.341031902 	 2.1602156984 	 1 	 0 	 1 	 0 
215.536		155.818 	 188.39071358 	 -115.384723185 	 1 	 0 	 1 	 -1 
206.511		162.216 	 315.904031616 	 140.853410256 	 1 	 0 	 1 	 -1 
200.266		169.107 	 180.013239939 	 -91.0779693581 	 1 	 0 	 1 	 -1 
197.068		176.33 	 231.483286377 	 123.235744585 	 1 	 0 	 1 	 0 
197.068		183.671 	 121.128445766 	 115.799120679 	 0 	 1 	 1 	 0 
200.266		190.893 	 306.462911873 	 -74.4899349445 	 1 	 0 	 1 	 1 
206.511		197.784 	 232.910073436 	 -13.1584400556 	 1 	 0 	 1 	 -1 
215.536		204.182 	 148.273164833 	 154.597831178 	 1 	 0 	 1 	 1 
227.007		210 	 81.8926900295 	 41.4113603916 	 1 	 0 	 1 	 0 
215.536		215.818 	 129.936718738 	 106.589178662 	 1 	 0 	 1 	 1 
206.51		222.216 	 113.12129653 	 112.08322203 	 0 	 1 	 1 	 0 
200.265		229.107 	 140.895339988 	 105.366001414 	 0 	 1 	 1 	 0 
197.068		236.329 	 34.9152595212 	 145.117128695 	 1 	 0 	 1 	 1 
197.068		243.671 	 173.465837863 	 63.3702187109 	 0 	 1 	 1 	 1 
200.265		250.893 	 234.605714928 	 -118.699647183 	 0 	 1 	 1 	 0 
206.51		257.784 	 3.4453643747 	 -159.645993424 	 0 	 1 	 1 	 0 
215.536		264.182 	 209.141605301 	 149.754572964 	 1 	 0 	 1 	 1 
227.007		270 	 227.505702925 	 -177.525549913 	 0 	 1 	 1 	 -1 
215.536		275.818 	 128.580200576 	 -27.3115871685 	 0 	 1 	 1 	 1 
206.51		282.216 	 171.859951381 	 -131.680508994 	 0 	 1 	 1 	 -1 
200.265		289.107 	 270.549233736 	 -54.5955810145 	 0 	 1 	 1 	 1 
197.068		296.329 	 180.997355449 	 24.5940434516 	 1 	 0 	 1 	 0 
197.068		303.67 	 61.4251663037 	 53.9021580394 	 1 	 0 	 1 	 -1 
200.265		310.893 	 172.87066055 	 35.5546523409 	 0 	 1 	 1 	 1 
206.511		317.784 	 104.39001732 	 74.3808443662 	 0 	 1 	 1 	 0 
227.008		330 	 91.5208340199 	 123.270159558 	 1 	 0 	 1 	 0 
240.57		335.209 	 280.71955927 	 -81.8245371704 	 1 	 0 	 1 	 -1 
231.161		340.893 	 106.555994525 	 -66.2857942579 	 1 	 0 	 1 	 0 
224.195		346.996 	 160.091066638 	 153.995118763 	 1 	 0 	 1 	 0 
219.909		353.413 	 145.227044469 	 -38.8139615005 	 1 	 0 	 1 	 -1 
218.461		0 	 118.170396188 	 68.5410508702 	 1 	 0 	 1 	 1 
219.909		6.58678 	 84.0040210594 	 124.185895468 	 1 	 0 	 1 	 1 
224.195		13.0039 	 296.494976589 	 125.532398304 	 0 	 1 	 1 	 -1 
231.161		19.1066 	 77.7295452797 	 53.4251930101 	 1 	 0 	 1 	 -1 
240.57		24.7913 	 261.64912824 	 -82.0255220542 	 0 	 1 	 1 	 -1 
252.146		30 	 219.327158645 	 -89.4203417146 	 0 	 1 	 1 	 1 
240.57		35.2087 	 145.029599487 	 94.5816194134 	 1 	 0 	 1 	 1 
231.161		40.8934 	 127.28864631 	 -59.6446910979 	 0 	 1 	 1 	 0 
224.195		46.9961 	 98.3620129552 	 -16.0462083329 	 1 	 0 	 1 	 0 
219.909		53.4132 	 12.6278183373 	 -49.0331915191 	 1 	 0 	 1 	 0 
218.461		60 	 6.31513873571 	 -155.71820904 	 0 	 1 	 1 	 0 
219.909		66.5868 	 97.3898876829 	 -94.4159095947 	 1 	 0 	 1 	 -1 
224.195		73.0039 	 240.835412787 	 -177.555446576 	 1 	 0 	 1 	 0 
231.161		79.1066 	 106.33538473 	 -149.312407404 	 1 	 0 	 1 	 0 
240.57		84.7913 	 176.691704448 	 -119.287186117 	 1 	 0 	 1 	 1 
240.57		95.2087 	 68.3715570211 	 -6.36433564774 	 1 	 0 	 1 	 -1 
231.161		100.893 	 130.349104962 	 -51.2465332245 	 0 	 1 	 1 	 0 
224.195		106.996 	 170.042184174 	 85.7675112633 	 1 	 0 	 1 	 -1 
219.909		113.413 	 149.412743666 	 16.3328714745 	 0 	 1 	 1 	 -1 
218.461		120 	 204.31645768 	 -172.036739822 	 1 	 0 	 1 	 0 
219.909		126.587 	 204.260835572 	 140.216189776 	 1 	 0 	 1 	 0 
224.195		133.004 	 11.2513421358 	 77.8497294411 	 1 	 0 	 1 	 -1 
231.161		139.107 	 40.6460680211 	 153.993746137 	 1 	 0 	 1 	 -1 
252.146		150 	 162.779605801 	 -153.378220288 	 1 	 0 	 1 	 0 
240.57		155.209 	 35.5441462067 	 -112.862165375 	 1 	 0 	 1 	 1 
231.16		160.893 	 201.831295404 	 35.7316509835 	 0 	 1 	 1 	 -1 
224.196		166.996 	 233.623007899 	 -6.5869639731 	 1 	 0 	 1 	 -1 
219.909		173.413 	 312.873770392 	 -55.8765671555 	 1 	 0 	 1 	 0 
218.461		180 	 110.250402419 	 -175.104567268 	 1 	 0 	 1 	 0 
219.909		186.587 	 166.041159839 	 130.225909695 	 1 	 0 	 1 	 -1 
224.196		193.004 	 41.2627958708 	 -14.0635825986 	 1 	 0 	 1 	 -1 
231.16		199.107 	 250.156043985 	 -159.938346315 	 0 	 1 	 1 	 -1 
240.57		204.791 	 277.191138378 	 107.784769386 	 0 	 1 	 1 	 1 
252.146		210 	 135.85069814 	 -18.9132501268 	 0 	 1 	 1 	 0 
240.57		215.209 	 277.783417308 	 -156.250197965 	 0 	 1 	 1 	 1 
231.161		220.893 	 243.820661724 	 -81.8023004513 	 1 	 0 	 1 	 0 
224.196		226.996 	 253.008946563 	 33.4419452728 	 1 	 0 	 1 	 0 
219.909		233.413 	 196.428482497 	 -54.3498986074 	 1 	 0 	 1 	 -1 
218.461		240 	 72.9720882401 	 66.6474545891 	 0 	 1 	 1 	 -1 
219.909		246.587 	 204.606430979 	 -123.4080204 	 1 	 0 	 1 	 0 
224.195		253.004 	 230.565909765 	 22.6324637178 	 0 	 1 	 1 	 -1 
231.16		259.107 	 121.644189055 	 -25.8905336522 	 0 	 1 	 1 	 1 
240.57		264.791 	 22.5801238252 	 -154.425277722 	 0 	 1 	 1 	 1 
252.146		270 	 27.2741251054 	 57.8833659184 	 1 	 0 	 1 	 0 
240.57		275.209 	 117.293952461 	 178.026136002 	 0 	 1 	 1 	 -1 
231.16		280.893 	 276.577799468 	 -14.4938566289 	 0 	 1 	 1 	 -1 
224.195		286.996 	 287.336560967 	 -156.088251196 	 1 	 0 	 1 	 -1 
219.909		293.413 	 72.3082614535 	 79.8655677142 	 1 	 0 	 1 	 1 
218.461		300 	 211.710773381 	 101.442866755 	 0 	 1 	 1 	 0 
219.909		306.587 	 310.250761779 	 -97.2915950122 	 0 	 1 	 1 	 1 
224.196		313.004 	 176.107860075 	 35.7366569688 	 1 	 0 	 1 	 -1 
231.161		319.107 	 86.7291508687 	 112.792140629 	 0 	 1 	 1 	 0 
240.57		324.791 	 176.122312361 	 -10.0323358746 	 1 	 0 	 1 	 0 
252.146		330 	 314.024927239 	 46.9285425512 	 1 	 0 	 1 	 0 
265.601		334.715 	 239.726401612 	 127.57348667 	 0 	 1 	 1 	 0 
255.886		339.826 	 98.0153928037 	 -147.676518048 	 0 	 1 	 1 	 0 
248.348		345.295 	 173.865156978 	 -85.9975013635 	 1 	 0 	 1 	 1 
243.191		351.052 	 283.668953234 	 -151.844913874 	 0 	 1 	 1 	 -1 
240.57		356.996 	 56.8743617456 	 0.266843630612 	 1 	 0 	 1 	 0 
240.57		3.00449 	 22.1715206066 	 -170.870967714 	 0 	 1 	 1 	 0 
243.191		8.94827 	 302.096825966 	 -42.5299124405 	 0 	 1 	 1 	 1 
248.348		14.7047 	 319.544999414 	 -148.873136 	 1 	 0 	 1 	 1 
255.886		20.1736 	 250.981196918 	 -55.603064473 	 1 	 0 	 1 	 -1 
265.601		25.285 	 238.722242405 	 50.6617854339 	 0 	 1 	 1 	 1 
277.258		30 	 246.904338495 	 -125.842799297 	 1 	 0 	 1 	 1 
265.601		34.715 	 131.812611684 	 102.004959838 	 0 	 1 	 1 	 0 
255.887		39.8264 	 57.8657438431 	 161.165051938 	 1 	 0 	 1 	 0 
248.348		45.2953 	 312.352476746 	 54.1480624467 	 0 	 1 	 1 	 0 
243.191		51.0517 	 41.5067001969 	 -110.356579835 	 0 	 1 	 1 	 -1 
240.57		56.9955 	 124.271332055 	 -178.889126886 	 0 	 1 	 1 	 0 
240.57		63.0045 	 21.9883826213 	 49.6925513587 	 1 	 0 	 1 	 -1 
243.191		68.9483 	 310.163411778 	 -124.286164567 	 1 	 0 	 1 	 1 
248.348		74.7047 	 173.100380736 	 23.0039974652 	 0 	 1 	 1 	 1 
255.887		80.1736 	 180.727739802 	 43.5081988063 	 1 	 0 	 1 	 1 
265.601		85.285 	 16.3430506962 	 -51.8376353741 	 0 	 1 	 1 	 -1 
277.257		90 	 259.289813648 	 38.6183305544 	 1 	 0 	 1 	 1 
265.601		94.715 	 207.378785383 	 -168.725460708 	 1 	 0 	 1 	 -1 
255.887		99.8264 	 218.421633845 	 -160.590282781 	 0 	 1 	 1 	 -1 
248.348		105.295 	 17.1987476765 	 148.030010753 	 0 	 1 	 1 	 1 
243.191		111.052 	 252.678773338 	 10.3282119762 	 0 	 1 	 1 	 0 
240.57		116.996 	 32.8423730413 	 110.276984159 	 1 	 0 	 1 	 1 
240.57		123.005 	 232.562530779 	 140.023172149 	 0 	 1 	 1 	 -1 
243.191		128.948 	 145.616659728 	 -29.3804747268 	 1 	 0 	 1 	 0 
248.348		134.705 	 70.9842927416 	 -166.096183965 	 0 	 1 	 1 	 1 
255.887		140.174 	 146.0701981 	 -35.8815537418 	 0 	 1 	 1 	 -1 
265.6		145.285 	 188.221805341 	 -90.605893728 	 0 	 1 	 1 	 1 
277.257		150 	 51.3870696581 	 6.56481334335 	 0 	 1 	 1 	 1 
265.601		154.715 	 152.35006781 	 -94.5848379826 	 0 	 1 	 1 	 1 
255.886		159.826 	 68.3506499929 	 154.121317252 	 0 	 1 	 1 	 1 
248.348		165.295 	 64.9749425731 	 27.3602762679 	 0 	 1 	 1 	 1 
243.191		171.052 	 306.525755477 	 80.6187854553 	 1 	 0 	 1 	 1 
240.57		176.996 	 264.288974647 	 79.4134957259 	 1 	 0 	 1 	 1 
240.57		183.005 	 275.617482683 	 31.2057619072 	 1 	 0 	 1 	 0 
243.191		188.948 	 60.8749336398 	 -159.095630688 	 0 	 1 	 1 	 0 
248.348		194.705 	 89.5765836309 	 22.2958909299 	 0 	 1 	 1 	 0 
255.886		200.174 	 319.075717745 	 -5.94822508152 	 0 	 1 	 1 	 1 
265.601		205.285 	 248.372186921 	 88.1220159085 	 1 	 0 	 1 	 1 
277.258		210 	 4.31619441192 	 85.2371165691 	 1 	 0 	 1 	 -1 
265.6		214.715 	 1.69204535476 	 -24.3521418593 	 1 	 0 	 1 	 0 
255.887		219.826 	 285.719179057 	 -156.314667081 	 1 	 0 	 1 	 1 
248.348		225.295 	 17.4864401682 	 -45.5590373072 	 0 	 1 	 1 	 0 
243.191		231.052 	 206.470043577 	 -121.355824553 	 1 	 0 	 1 	 1 
240.57		236.995 	 226.696471692 	 -53.9367167197 	 0 	 1 	 1 	 0 
240.57		243.004 	 314.706650337 	 111.396638277 	 1 	 0 	 1 	 -1 
243.19		248.948 	 267.587976508 	 10.3695377613 	 0 	 1 	 1 	 0 
248.348		254.705 	 181.056736323 	 5.87244908375 	 1 	 0 	 1 	 0 
255.886		260.174 	 257.793688304 	 108.028251674 	 0 	 1 	 1 	 1 
265.601		265.285 	 177.575399847 	 -51.8104071946 	 0 	 1 	 1 	 0 
277.258		270 	 204.323230583 	 81.9309848503 	 1 	 0 	 1 	 1 
265.601		274.715 	 230.998778184 	 -147.963225542 	 0 	 1 	 1 	 0 
255.886		279.826 	 62.6103707378 	 99.5840504206 	 0 	 1 	 1 	 -1 
248.348		285.295 	 153.307794041 	 166.673322317 	 1 	 0 	 1 	 -1 
243.19		291.052 	 220.100835344 	 -149.750766827 	 1 	 0 	 1 	 0 
240.57		296.996 	 135.318007474 	 49.2803702319 	 1 	 0 	 1 	 -1 
240.57		303.004 	 221.601782975 	 -144.311003719 	 1 	 0 	 1 	 0 
243.191		308.948 	 291.476048267 	 45.4367102617 	 1 	 0 	 1 	 1 
248.348		314.705 	 225.763798492 	 62.1437257519 	 0 	 1 	 1 	 0 
255.886		320.174 	 135.922833094 	 120.447680819 	 0 	 1 	 1 	 1 
265.6		325.285 	 279.517578413 	 28.3642332684 	 1 	 0 	 1 	 0 
277.258		330 	 272.11649332 	 -43.5289101583 	 0 	 1 	 1 	 0 
290.619		334.307 	 166.323743043 	 -14.0549501114 	 1 	 0 	 1 	 -1 
280.659		338.948 	 3.82819627763 	 157.786692424 	 1 	 0 	 1 	 1 
272.656		343.898 	 60.9476492992 	 115.964875526 	 0 	 1 	 1 	 1 
266.79		349.107 	 154.411812686 	 27.7222021803 	 0 	 1 	 1 	 -1 
263.206		354.504 	 250.289857914 	 -164.240579735 	 1 	 0 	 1 	 0 
262.001		0 	 88.8441295406 	 45.2189400594 	 0 	 1 	 1 	 0 
263.206		5.49637 	 70.9539709415 	 -29.0521595086 	 0 	 1 	 1 	 -1 
266.79		10.8934 	 308.019134113 	 -34.5477962925 	 0 	 1 	 1 	 -1 
272.656		16.1021 	 23.1558632745 	 -143.57089608 	 0 	 1 	 1 	 -1 
280.659		21.0517 	 132.040061342 	 -122.554200985 	 1 	 0 	 1 	 1 
290.619		25.6934 	 89.4428413335 	 -100.44292004 	 1 	 0 	 1 	 -1 
302.34		30 	 100.375415783 	 117.244805238 	 1 	 0 	 1 	 0 
290.619		34.3066 	 45.2729344653 	 178.199426798 	 1 	 0 	 1 	 1 
280.659		38.9483 	 65.4219233349 	 -139.051156713 	 1 	 0 	 1 	 -1 
272.656		43.8979 	 288.57617581 	 179.387122347 	 1 	 0 	 1 	 -1 
266.789		49.1066 	 246.070347762 	 -59.6622490287 	 1 	 0 	 1 	 1 
263.206		54.5036 	 99.3005344126 	 100.269148154 	 0 	 1 	 1 	 1 
262.001		60 	 231.177966241 	 -69.0764521981 	 1 	 0 	 1 	 -1 
263.206		65.4964 	 311.419471276 	 -113.855642463 	 1 	 0 	 1 	 -1 
266.79		70.8934 	 306.191654759 	 -70.1165436167 	 0 	 1 	 1 	 -1 
272.656		76.1021 	 320.279962185 	 -24.3410193776 	 0 	 1 	 1 	 1 
280.659		81.0517 	 206.452611225 	 34.223574696 	 1 	 0 	 1 	 -1 
290.619		85.6934 	 243.898349456 	 158.72704678 	 0 	 1 	 1 	 0 
302.34		90 	 136.017049364 	 -151.87001153 	 0 	 1 	 1 	 1 
290.619		94.3066 	 42.8352567106 	 3.39006028225 	 1 	 0 	 1 	 1 
280.659		98.9483 	 84.6505950071 	 -100.414449581 	 1 	 0 	 1 	 -1 
272.655		103.898 	 125.076434266 	 131.545520528 	 1 	 0 	 1 	 1 
266.79		109.107 	 52.8282704219 	 127.985756603 	 0 	 1 	 1 	 -1 
263.206		114.504 	 232.709254521 	 5.69086438063 	 1 	 0 	 1 	 -1 
262		120 	 318.891231306 	 -90.2759155557 	 0 	 1 	 1 	 0 
263.206		125.496 	 54.576646118 	 -52.9457254688 	 0 	 1 	 1 	 -1 
266.79		130.893 	 252.909098978 	 -109.948955947 	 1 	 0 	 1 	 1 
272.655		136.102 	 84.0817659848 	 -83.5491989321 	 0 	 1 	 1 	 0 
280.659		141.052 	 300.511476303 	 25.2170442504 	 0 	 1 	 1 	 1 
290.619		145.693 	 187.57443534 	 -53.9562250034 	 1 	 0 	 1 	 0 
302.34		150 	 192.800855572 	 -68.6559360074 	 0 	 1 	 1 	 -1 
290.619		154.307 	 275.532835272 	 -160.956967039 	 0 	 1 	 1 	 0 
280.659		158.948 	 207.481269211 	 79.1612379851 	 1 	 0 	 1 	 0 
272.656		163.898 	 24.016070558 	 12.5827109535 	 0 	 1 	 1 	 0 
266.789		169.107 	 314.996850229 	 -109.125601039 	 1 	 0 	 1 	 -1 
263.206		174.504 	 14.1838192899 	 127.022569664 	 1 	 0 	 1 	 -1 
262.001		180 	 251.451611743 	 -83.8349406558 	 1 	 0 	 1 	 0 
263.206		185.496 	 145.131056255 	 -149.642589721 	 1 	 0 	 1 	 1 
266.789		190.893 	 166.686363848 	 133.548400822 	 1 	 0 	 1 	 0 
272.656		196.102 	 280.914353082 	 -71.6106314246 	 0 	 1 	 1 	 1 
280.659		201.052 	 18.7211383908 	 145.738235749 	 1 	 0 	 1 	 1 
290.619		205.693 	 229.491041659 	 -158.592084408 	 1 	 0 	 1 	 0 
302.34		210 	 133.25138185 	 -53.8539601788 	 0 	 1 	 1 	 0 
290.619		214.307 	 297.860511151 	 -8.88872063128 	 1 	 0 	 1 	 0 
280.658		218.948 	 41.367169534 	 3.70775150599 	 1 	 0 	 1 	 1 
272.656		223.898 	 166.968216013 	 -162.94108407 	 1 	 0 	 1 	 0 
266.79		229.107 	 101.870708856 	 -57.1761752771 	 0 	 1 	 1 	 -1 
263.206		234.504 	 29.9073069934 	 69.9477121369 	 1 	 0 	 1 	 0 
262		240 	 68.5632190119 	 -51.5667557886 	 0 	 1 	 1 	 1 
263.206		245.496 	 255.195044871 	 -141.033081008 	 1 	 0 	 1 	 1 
266.789		250.893 	 214.862881387 	 101.191861254 	 0 	 1 	 1 	 1 
272.656		256.102 	 211.431573348 	 -38.4071742077 	 1 	 0 	 1 	 -1 
280.659		261.052 	 264.865092041 	 113.579833545 	 1 	 0 	 1 	 -1 
290.62		265.693 	 278.24052161 	 120.562533765 	 0 	 1 	 1 	 0 
302.34		270 	 30.5677682669 	 -89.960749862 	 1 	 0 	 1 	 0 
290.62		274.307 	 255.077277515 	 -105.422195716 	 1 	 0 	 1 	 -1 
280.659		278.948 	 161.299444907 	 -36.7897679074 	 0 	 1 	 1 	 1 
272.656		283.898 	 136.501181314 	 -89.0202211431 	 1 	 0 	 1 	 0 
266.789		289.107 	 233.008763371 	 -107.135291105 	 1 	 0 	 1 	 1 
263.206		294.504 	 121.319395284 	 -22.6400050879 	 0 	 1 	 1 	 0 
262		300 	 318.84959013 	 -73.2985320479 	 0 	 1 	 1 	 -1 
263.206		305.496 	 178.573400527 	 5.3922047353 	 1 	 0 	 1 	 -1 
266.79		310.893 	 27.5090606653 	 7.88648969226 	 0 	 1 	 1 	 0 
272.656		316.102 	 276.743511632 	 -51.1878992786 	 1 	 0 	 1 	 0 
280.659		321.052 	 121.396684535 	 -60.3108214285 	 0 	 1 	 1 	 0 
290.619		325.693 	 208.971460107 	 75.6963645775 	 0 	 1 	 1 	 -1 
302.34		330 	 22.4342195289 	 -10.6728949182 	 0 	 1 	 1 	 0 
315.62		333.963 	 205.039175155 	 -0.63891769744 	 1 	 0 	 1 	 1 
305.457		338.213 	 316.829730867 	 52.3453479969 	 1 	 0 	 1 	 1 
297.071		342.731 	 174.849759531 	 21.6627498304 	 1 	 0 	 1 	 0 
290.619		347.48 	 4.12886849127 	 -53.5527293442 	 0 	 1 	 1 	 1 
286.236		352.411 	 199.247126946 	 -61.7774709418 	 1 	 0 	 1 	 0 
284.018		357.457 	 211.203541928 	 -33.9165389287 	 1 	 0 	 1 	 1 
284.018		2.54292 	 215.623762655 	 -38.1425743304 	 1 	 0 	 1 	 0 
286.236		7.58909 	 308.87754543 	 38.5617483584 	 0 	 1 	 1 	 1 
290.619		12.5198 	 223.130389368 	 70.5921934674 	 1 	 0 	 1 	 0 
297.071		17.2695 	 196.007622146 	 -125.614751168 	 0 	 1 	 1 	 1 
305.457		21.7868 	 301.720940321 	 -15.5380480706 	 0 	 1 	 1 	 0 
315.62		26.0368 	 179.730353596 	 -135.80645935 	 0 	 1 	 1 	 -1 
327.39		30 	 170.874682569 	 171.507444971 	 1 	 0 	 1 	 -1 
305.457		38.2132 	 33.1563102888 	 25.248044551 	 0 	 1 	 1 	 -1 
297.071		42.7305 	 122.045687091 	 -97.4780941573 	 0 	 1 	 1 	 -1 
290.619		47.4802 	 253.075773539 	 -122.714650523 	 1 	 0 	 1 	 0 
286.236		52.4109 	 286.051344399 	 147.991915733 	 1 	 0 	 1 	 -1 
284.018		57.4571 	 249.261402582 	 170.487453167 	 1 	 0 	 1 	 0 
284.018		62.5429 	 193.256473226 	 43.5275512493 	 1 	 0 	 1 	 -1 
286.236		67.5891 	 172.387524257 	 112.460338145 	 0 	 1 	 1 	 1 
290.619		72.5198 	 102.878399889 	 -169.760844954 	 0 	 1 	 1 	 1 
297.071		77.2695 	 125.400050277 	 151.940322597 	 1 	 0 	 1 	 1 
305.457		81.7868 	 263.316597761 	 116.269079234 	 1 	 0 	 1 	 1 
315.62		86.0368 	 321.071397727 	 168.835517804 	 1 	 0 	 1 	 1 
327.39		90 	 100.472840167 	 -117.8759062 	 0 	 1 	 1 	 0 
315.62		93.9632 	 161.447219818 	 -46.2183199699 	 1 	 0 	 1 	 0 
305.457		98.2132 	 195.200629989 	 -81.3512072952 	 1 	 0 	 1 	 -1 
297.071		102.731 	 147.311210855 	 -122.858224062 	 1 	 0 	 1 	 0 
290.619		107.48 	 38.6644312777 	 -105.10983647 	 1 	 0 	 1 	 0 
286.236		112.411 	 198.581344939 	 36.0370005396 	 0 	 1 	 1 	 0 
284.018		117.457 	 178.106107621 	 -7.74335398266 	 0 	 1 	 1 	 -1 
284.018		122.543 	 299.122599707 	 73.4511688385 	 0 	 1 	 1 	 1 
286.236		127.589 	 285.099506054 	 116.541798792 	 0 	 1 	 1 	 0 
290.62		132.52 	 140.292288023 	 -27.8814252077 	 0 	 1 	 1 	 1 
297.071		137.269 	 261.90894554 	 -12.9580831391 	 1 	 0 	 1 	 0 
305.457		141.787 	 205.289053612 	 -133.99634672 	 0 	 1 	 1 	 -1 
315.62		146.037 	 28.2223856997 	 -152.845108843 	 0 	 1 	 1 	 -1 
327.39		150 	 309.515154003 	 -125.44352305 	 1 	 0 	 1 	 1 
315.619		153.963 	 174.397399798 	 65.1062837138 	 1 	 0 	 1 	 0 
305.457		158.213 	 172.664395159 	 -162.593605179 	 1 	 0 	 1 	 1 
297.071		162.731 	 115.598040187 	 100.384010594 	 0 	 1 	 1 	 -1 
290.62		167.48 	 143.71926151 	 31.7766267419 	 1 	 0 	 1 	 -1 
286.236		172.411 	 107.79775525 	 68.9698198298 	 0 	 1 	 1 	 -1 
284.019		177.457 	 220.03839524 	 73.9926064053 	 1 	 0 	 1 	 1 
284.019		182.543 	 64.0248884896 	 -18.9421959571 	 0 	 1 	 1 	 0 
286.236		187.589 	 308.298111967 	 -98.7959741342 	 1 	 0 	 1 	 -1 
290.62		192.52 	 283.507009558 	 26.3848883214 	 0 	 1 	 1 	 -1 
297.071		197.269 	 174.762416329 	 -66.1888463088 	 0 	 1 	 1 	 -1 
305.457		201.787 	 36.9202303673 	 85.4436296557 	 0 	 1 	 1 	 1 
315.62		206.037 	 12.303544711 	 142.370399958 	 0 	 1 	 1 	 0 
327.39		210 	 196.480165411 	 -17.3838580048 	 0 	 1 	 1 	 1 
315.62		213.963 	 259.17712926 	 -156.657078013 	 0 	 1 	 1 	 1 
305.457		218.213 	 71.2611284367 	 154.976521618 	 0 	 1 	 1 	 0 
297.071		222.731 	 246.35485264 	 -33.2511050468 	 0 	 1 	 1 	 -1 
290.619		227.48 	 272.965832889 	 84.1156772532 	 1 	 0 	 1 	 -1 
286.236		232.411 	 21.6740270548 	 -10.9747528972 	 1 	 0 	 1 	 -1 
284.018		237.457 	 315.981334991 	 127.627082088 	 1 	 0 	 1 	 -1 
284.019		242.543 	 50.2487734675 	 172.932824397 	 0 	 1 	 1 	 -1 
286.236		247.589 	 79.2623949663 	 125.962069797 	 0 	 1 	 1 	 -1 
290.62		252.52 	 322.136520468 	 95.5326805656 	 1 	 0 	 1 	 0 
297.071		257.269 	 53.1249319563 	 114.423671972 	 0 	 1 	 1 	 -1 
305.457		261.787 	 217.240267402 	 78.0733026974 	 0 	 1 	 1 	 0 
315.62		266.037 	 87.7621609445 	 -59.3099097077 	 0 	 1 	 1 	 0 
327.39		270 	 225.109483406 	 -20.8106549599 	 1 	 0 	 1 	 1 
315.62		273.963 	 89.0704850563 	 53.9125660848 	 1 	 0 	 1 	 -1 
305.457		278.213 	 9.40308175984 	 102.112308395 	 1 	 0 	 1 	 -1 
297.071		282.731 	 218.989479243 	 72.2834389183 	 1 	 0 	 1 	 1 
290.62		287.48 	 200.057567956 	 -98.4177113534 	 1 	 0 	 1 	 0 
286.236		292.411 	 129.367483459 	 76.4434284354 	 0 	 1 	 1 	 1 
284.019		297.457 	 63.3876504865 	 23.1247121807 	 1 	 0 	 1 	 1 
284.018		302.543 	 176.857669297 	 35.3486282012 	 0 	 1 	 1 	 0 
286.236		307.589 	 162.043658932 	 157.300919746 	 1 	 0 	 1 	 1 
290.619		312.52 	 34.8073206042 	 -99.09104282 	 1 	 0 	 1 	 0 
297.071		317.269 	 115.04557721 	 -27.978459065 	 0 	 1 	 1 	 0 
305.457		321.787 	 308.225046096 	 -9.706506133 	 0 	 1 	 1 	 -1 
327.39		330 	 309.036791506 	 164.432951953 	 1 	 0 	 1 	 -1 
340.597		333.67 	 177.69597787 	 32.6874999933 	 0 	 1 	 1 	 1 
330.266		337.589 	 41.3508466989 	 33.4104822563 	 0 	 1 	 1 	 1 
321.56		341.742 	 37.3150246841 	 3.53001446282 	 0 	 1 	 1 	 1 
314.619		346.102 	 247.077022988 	 -146.775655875 	 0 	 1 	 1 	 1 
309.563		350.633 	 14.6990577115 	 125.519297605 	 0 	 1 	 1 	 0 
306.489		355.285 	 83.4760419133 	 50.9058410597 	 0 	 1 	 1 	 -1 
305.457		0 	 247.714207322 	 10.9285079134 	 0 	 1 	 1 	 1 
306.489		4.715 	 60.2080222571 	 -55.3533495136 	 1 	 0 	 1 	 0 
309.563		9.367 	 223.711007429 	 12.8182709576 	 1 	 0 	 1 	 1 
314.619		13.8979 	 321.726807007 	 74.0734597597 	 1 	 0 	 1 	 0 
321.56		18.2585 	 280.918020111 	 152.805060233 	 1 	 0 	 1 	 1 
330.266		22.4109 	 303.857652926 	 -59.6432161172 	 1 	 0 	 1 	 -1 
340.597		26.3295 	 281.051985471 	 -63.1968298441 	 1 	 0 	 1 	 0 
352.406		30 	 57.0648710627 	 -136.672969703 	 1 	 0 	 1 	 0 
340.597		33.6705 	 230.156106714 	 0.208869369175 	 0 	 1 	 1 	 0 
330.266		37.5891 	 114.121759631 	 -1.89501937203 	 0 	 1 	 1 	 0 
321.56		41.7415 	 280.175185319 	 30.9027999779 	 1 	 0 	 1 	 1 
314.619		46.1021 	 110.654402705 	 -6.56571346695 	 1 	 0 	 1 	 0 
309.563		50.633 	 285.471645331 	 -169.536132412 	 0 	 1 	 1 	 1 
306.489		55.285 	 221.313887627 	 -76.4879946624 	 0 	 1 	 1 	 0 
305.457		60 	 85.6646630554 	 159.398775008 	 1 	 0 	 1 	 -1 
306.489		64.715 	 81.2727728644 	 175.235846639 	 0 	 1 	 1 	 -1 
309.563		69.367 	 64.0668307796 	 103.059957993 	 0 	 1 	 1 	 -1 
314.619		73.8979 	 316.746417015 	 37.0373895251 	 1 	 0 	 1 	 1 
321.56		78.2585 	 56.7490685759 	 89.9407762693 	 0 	 1 	 1 	 -1 
330.266		82.4109 	 257.844009737 	 -71.5381299163 	 0 	 1 	 1 	 1 
340.597		86.3295 	 74.8813434072 	 160.183086808 	 0 	 1 	 1 	 1 
352.406		90 	 284.932471953 	 90.804330684 	 1 	 0 	 1 	 1 
340.597		93.6705 	 214.202716335 	 162.047113712 	 0 	 1 	 1 	 1 
330.266		97.5891 	 104.853129198 	 119.679499921 	 1 	 0 	 1 	 0 
321.56		101.742 	 62.3523119926 	 -107.390423809 	 0 	 1 	 1 	 0 
314.619		106.102 	 72.3985979706 	 -94.951411705 	 1 	 0 	 1 	 -1 
309.563		110.633 	 41.1553023984 	 -99.192375567 	 0 	 1 	 1 	 0 
306.489		115.285 	 201.189762482 	 47.1448164139 	 1 	 0 	 1 	 1 
305.457		120 	 288.551261497 	 111.126673855 	 1 	 0 	 1 	 1 
306.489		124.715 	 98.1199409475 	 -125.960250907 	 1 	 0 	 1 	 1 
309.563		129.367 	 101.635616554 	 108.949114989 	 1 	 0 	 1 	 1 
314.619		133.898 	 303.579018041 	 139.445884021 	 1 	 0 	 1 	 -1 
321.56		138.258 	 121.769353676 	 -35.4186625933 	 0 	 1 	 1 	 1 
330.266		142.411 	 291.380803302 	 -162.367314597 	 1 	 0 	 1 	 1 
340.597		146.329 	 272.668100433 	 166.374673758 	 1 	 0 	 1 	 1 
352.406		150 	 7.02542110231 	 54.2513347087 	 1 	 0 	 1 	 1 
340.597		153.671 	 253.990477434 	 150.677743539 	 1 	 0 	 1 	 0 
330.266		157.589 	 152.326836879 	 -106.351664572 	 1 	 0 	 1 	 -1 
321.561		161.742 	 121.701614174 	 148.269948745 	 0 	 1 	 1 	 1 
314.618		166.102 	 320.027065472 	 -92.5671176349 	 0 	 1 	 1 	 0 
309.563		170.633 	 115.012695325 	 -122.109993847 	 1 	 0 	 1 	 -1 
306.488		175.285 	 318.570967711 	 23.0688623836 	 0 	 1 	 1 	 1 
305.457		180 	 64.7062283016 	 27.554241489 	 1 	 0 	 1 	 0 
306.488		184.715 	 92.699455294 	 -97.3462383432 	 0 	 1 	 1 	 1 
309.563		189.367 	 192.321875372 	 143.365690175 	 0 	 1 	 1 	 0 
314.618		193.898 	 22.8157413002 	 -109.276377431 	 1 	 0 	 1 	 -1 
321.561		198.258 	 228.158712915 	 -31.4805848306 	 0 	 1 	 1 	 -1 
330.266		202.411 	 61.9679976929 	 74.2860635139 	 0 	 1 	 1 	 0 
340.597		206.329 	 77.5427253955 	 -133.11893698 	 0 	 1 	 1 	 1 
352.406		210 	 191.489157649 	 93.3897142477 	 1 	 0 	 1 	 -1 
330.266		217.589 	 66.5573274027 	 134.667864249 	 0 	 1 	 1 	 -1 
321.56		221.742 	 181.45953959 	 -31.7233179199 	 0 	 1 	 1 	 1 
314.619		226.102 	 90.4642540099 	 47.459041956 	 1 	 0 	 1 	 0 
309.563		230.633 	 322.704682566 	 95.1941445977 	 1 	 0 	 1 	 0 
306.489		235.285 	 171.576369347 	 -163.125758248 	 1 	 0 	 1 	 1 
305.456		240 	 152.205027861 	 172.639713467 	 1 	 0 	 1 	 -1 
306.488		244.715 	 275.1215867 	 130.336921134 	 0 	 1 	 1 	 -1 
309.563		249.367 	 136.977467767 	 80.7758537943 	 0 	 1 	 1 	 0 
314.619		253.898 	 126.881237189 	 -148.765464233 	 0 	 1 	 1 	 0 
321.56		258.258 	 111.110207794 	 -143.771005822 	 0 	 1 	 1 	 -1 
330.266		262.411 	 164.63526386 	 45.9191139092 	 0 	 1 	 1 	 1 
340.597		266.33 	 124.180829354 	 47.5357089441 	 0 	 1 	 1 	 0 
340.597		273.671 	 213.979053128 	 -12.1836435594 	 1 	 0 	 1 	 0 
330.266		277.589 	 161.412934984 	 -82.2624145495 	 1 	 0 	 1 	 0 
321.56		281.742 	 132.588544384 	 59.0410762136 	 0 	 1 	 1 	 0 
314.619		286.102 	 34.7415731778 	 22.89373495 	 0 	 1 	 1 	 1 
309.563		290.633 	 75.2167408211 	 -131.282321789 	 1 	 0 	 1 	 -1 
306.488		295.285 	 233.703942058 	 110.832124649 	 1 	 0 	 1 	 -1 
305.457		300 	 111.087715851 	 72.3883544293 	 1 	 0 	 1 	 1 
306.489		304.715 	 265.394872666 	 -160.877944295 	 1 	 0 	 1 	 1 
309.563		309.367 	 119.015970653 	 -107.684149402 	 0 	 1 	 1 	 0 
314.619		313.898 	 141.55333314 	 -5.43603342151 	 1 	 0 	 1 	 -1 
321.56		318.258 	 296.249360253 	 125.320048528 	 1 	 0 	 1 	 -1 
330.266		322.411 	 52.3147821951 	 -92.5381139585 	 1 	 0 	 1 	 -1 
340.597		326.33 	 255.925805949 	 -15.5425256333 	 1 	 0 	 1 	 1 
352.406		330 	 124.149223236 	 -18.8713666032 	 0 	 1 	 1 	 0 
365.546		333.418 	 200.320586144 	 68.6052728156 	 1 	 0 	 1 	 0 
355.074		337.053 	 134.940737398 	 -162.566633104 	 0 	 1 	 1 	 0 
346.099		340.893 	 85.4313445074 	 44.2255636465 	 0 	 1 	 1 	 0 
338.742		344.921 	 206.130255502 	 147.751977551 	 0 	 1 	 1 	 1 
333.116		349.107 	 22.5310737182 	 -146.373516193 	 1 	 0 	 1 	 1 
329.31		353.413 	 247.157770065 	 131.885271921 	 1 	 0 	 1 	 0 
327.39		357.796 	 60.4932663729 	 -66.9506544972 	 1 	 0 	 1 	 1 
327.39		2.20423 	 75.8035797513 	 45.1247990409 	 1 	 0 	 1 	 -1 
329.31		6.58678 	 314.0139499 	 -41.204689553 	 0 	 1 	 1 	 0 
333.116		10.8934 	 275.976336701 	 -62.8528352725 	 0 	 1 	 1 	 0 
338.742		15.0791 	 51.6000973493 	 -118.76528906 	 0 	 1 	 1 	 0 
346.099		19.1066 	 243.617854095 	 -168.510082996 	 1 	 0 	 1 	 -1 
355.074		22.9473 	 241.482119313 	 87.7477394313 	 0 	 1 	 1 	 -1 
365.546		26.582 	 284.14616451 	 1.58502772172 	 1 	 0 	 1 	 1 
377.385		30 	 99.7194006035 	 25.1835733744 	 0 	 1 	 1 	 0 
365.546		33.418 	 272.751978129 	 160.985235706 	 0 	 1 	 1 	 0 
355.074		37.0527 	 32.323966688 	 95.2107861877 	 0 	 1 	 1 	 0 
346.099		40.8934 	 70.8574569154 	 -86.6128938423 	 0 	 1 	 1 	 0 
338.743		44.9209 	 280.593733445 	 -122.078585798 	 0 	 1 	 1 	 -1 
333.116		49.1066 	 212.921790512 	 118.99793547 	 1 	 0 	 1 	 1 
329.31		53.4132 	 26.4348994677 	 -73.6869123784 	 1 	 0 	 1 	 0 
327.39		57.7958 	 132.507332352 	 -57.4944656824 	 1 	 0 	 1 	 1 
327.39		62.2042 	 5.36867765277 	 81.2312449827 	 0 	 1 	 1 	 0 
329.31		66.5868 	 44.6682189492 	 67.2556504538 	 0 	 1 	 1 	 0 
333.116		70.8934 	 127.971499745 	 -36.9950824259 	 1 	 0 	 1 	 -1 
338.742		75.0791 	 41.9083621 	 -146.763546259 	 0 	 1 	 1 	 0 
346.099		79.1066 	 243.471216985 	 -13.9738959263 	 0 	 1 	 1 	 0 
355.074		82.9473 	 147.592799271 	 94.0477733132 	 1 	 0 	 1 	 1 
