25.2587		30 	 247.515400639 	 23.6109472844 	 1 	 0 	 1 	 1 
25.2587		90 	 224.012356594 	 13.1751014555 	 0 	 1 	 1 	 1 
25.2587		150 	 232.704815819 	 8.56710761273 	 1 	 1 	 1 	 -1 
25.2587		210 	 224.845924993 	 13.5480087339 	 0 	 0 	 1 	 -1 
25.2587		270 	 233.723183314 	 18.9394967916 	 0 	 1 	 1 	 -1 
43.7478		0 	 228.754477981 	 13.2554394314 	 0 	 0 	 1 	 -1 
50.5147		30 	 238.013441163 	 16.2612633609 	 1 	 1 	 1 	 1 
43.7478		60 	 221.144638508 	 16.7842316674 	 1 	 1 	 1 	 1 
50.5147		90 	 262.047248121 	 19.1002734985 	 1 	 1 	 1 	 0 
43.7478		120 	 233.410343488 	 23.3801157747 	 1 	 0 	 1 	 0 
50.5147		150 	 271.713507127 	 19.9032095563 	 1 	 1 	 1 	 0 
43.7478		180 	 284.102118088 	 17.6854602271 	 1 	 1 	 1 	 1 
50.5147		210 	 256.646613675 	 18.1572011864 	 0 	 0 	 1 	 1 
43.7478		240 	 250.298345164 	 14.6715901286 	 1 	 0 	 1 	 1 
43.7478		300 	 265.893983035 	 15.8674031974 	 0 	 1 	 1 	 1 
50.5148		330 	 264.895449368 	 16.3524406075 	 0 	 1 	 1 	 -1 
66.8212		349.107 	 233.760660112 	 15.5897552145 	 0 	 1 	 1 	 -1 
66.8212		10.8934 	 278.45317781 	 21.2665167214 	 0 	 1 	 1 	 0 
75.7654		30 	 214.132720728 	 25.953601338 	 1 	 0 	 1 	 -1 
66.8212		49.1066 	 192.779393445 	 21.8350711527 	 1 	 0 	 1 	 0 
66.8212		70.8934 	 251.836301581 	 16.8816435795 	 1 	 1 	 1 	 0 
75.7654		90 	 235.702372537 	 15.8947064724 	 1 	 1 	 1 	 -1 
66.8212		109.107 	 257.340954373 	 8.29376218252 	 1 	 0 	 1 	 1 
66.8212		130.893 	 261.87257401 	 18.9167897389 	 1 	 0 	 1 	 0 
75.7654		150 	 223.543919164 	 14.8603617159 	 0 	 0 	 1 	 0 
66.8212		169.107 	 239.089970742 	 19.5122410035 	 0 	 1 	 1 	 0 
66.8212		190.893 	 224.358634202 	 16.6705691373 	 0 	 0 	 1 	 0 
66.8212		229.107 	 269.790368085 	 21.164743762 	 1 	 1 	 1 	 0 
66.8212		250.893 	 244.136431033 	 15.4440151353 	 0 	 1 	 1 	 0 
75.7654		270 	 237.20764203 	 12.9827324437 	 1 	 0 	 1 	 1 
66.8212		289.107 	 228.008829943 	 12.2288035566 	 1 	 1 	 1 	 1 
66.8212		310.893 	 221.330887591 	 18.6020848769 	 0 	 1 	 1 	 -1 
75.7654		330 	 214.738667785 	 21.7957769781 	 0 	 0 	 1 	 1 
91.0523		343.898 	 211.943290431 	 12.2214496517 	 1 	 0 	 1 	 1 
87.4818		0 	 225.930350116 	 16.0541763229 	 1 	 1 	 1 	 -1 
91.0523		16.1021 	 208.484552011 	 7.17120639316 	 0 	 0 	 1 	 1 
101.008		30 	 221.438391225 	 14.2504413241 	 1 	 1 	 1 	 -1 
91.0523		43.8979 	 238.886585232 	 15.4813409391 	 1 	 0 	 1 	 0 
87.4818		60 	 253.368839043 	 13.9188121779 	 0 	 0 	 1 	 1 
91.0523		76.1021 	 254.750582477 	 17.4959037937 	 0 	 0 	 1 	 1 
91.0523		103.898 	 250.774051231 	 17.5514279746 	 0 	 0 	 1 	 1 
87.4818		120 	 212.272845839 	 22.8399319877 	 1 	 0 	 1 	 1 
91.0523		136.102 	 275.820010739 	 17.8603922237 	 0 	 0 	 1 	 -1 
91.0523		163.898 	 247.255319955 	 11.6505629056 	 1 	 0 	 1 	 0 
87.4818		180 	 283.45666703 	 15.2978598026 	 1 	 0 	 1 	 0 
91.0523		196.102 	 244.800202545 	 16.2540662066 	 0 	 1 	 1 	 1 
101.008		210 	 243.050583919 	 20.212751433 	 0 	 1 	 1 	 1 
91.0523		223.898 	 229.001268951 	 15.3865896863 	 1 	 0 	 1 	 0 
87.4818		240 	 261.683848614 	 12.1971972241 	 0 	 1 	 1 	 0 
91.0523		256.102 	 247.249978351 	 19.8358812463 	 1 	 0 	 1 	 -1 
101.008		270 	 237.02727217 	 15.1332175732 	 1 	 0 	 1 	 0 
91.0523		283.898 	 279.243327896 	 18.8383719885 	 0 	 0 	 1 	 -1 
87.4817		300 	 218.428198135 	 12.8971637214 	 0 	 1 	 1 	 1 
91.0523		316.102 	 267.032001875 	 23.4707476151 	 1 	 0 	 1 	 1 
101.008		330 	 206.60577505 	 8.15084346398 	 1 	 0 	 1 	 0 
115.709		340.893 	 255.720228572 	 18.5963570759 	 1 	 0 	 1 	 1 
110.065		353.413 	 209.331096037 	 17.7259109441 	 0 	 1 	 1 	 1 
110.065		6.58677 	 278.344732023 	 14.2336243085 	 1 	 1 	 1 	 1 
115.709		19.1066 	 234.428974442 	 13.6369089814 	 1 	 0 	 1 	 0 
126.24		30 	 240.103090661 	 15.1853356667 	 0 	 1 	 1 	 -1 
115.709		40.8934 	 226.349236974 	 24.499522712 	 1 	 1 	 1 	 1 
110.065		53.4132 	 218.530635628 	 11.5380377573 	 0 	 0 	 1 	 -1 
110.065		66.5868 	 224.447680502 	 20.2940592969 	 1 	 1 	 1 	 -1 
115.709		79.1066 	 252.952448624 	 17.3514024689 	 0 	 1 	 1 	 0 
126.24		90 	 249.636541003 	 22.0765912699 	 0 	 1 	 1 	 -1 
115.709		100.893 	 213.686284516 	 17.8053703325 	 0 	 1 	 1 	 0 
110.065		113.413 	 234.858058499 	 11.9987289008 	 1 	 1 	 1 	 -1 
110.065		126.587 	 226.708272164 	 15.0809253824 	 0 	 1 	 1 	 1 
115.709		139.107 	 265.546444974 	 18.1453103962 	 0 	 0 	 1 	 1 
126.24		150 	 240.302055794 	 6.73876559797 	 1 	 0 	 1 	 0 
115.709		160.893 	 253.153737519 	 10.7367160547 	 1 	 1 	 1 	 1 
110.066		173.413 	 283.710291047 	 14.382073617 	 1 	 0 	 1 	 -1 
110.066		186.587 	 272.090800425 	 7.94950506199 	 0 	 0 	 1 	 -1 
115.709		199.107 	 234.320754427 	 14.485101933 	 1 	 1 	 1 	 1 
126.24		210 	 240.801947839 	 15.5961650145 	 0 	 1 	 1 	 -1 
115.709		220.893 	 222.797052589 	 5.28451004471 	 0 	 1 	 1 	 -1 
110.065		233.413 	 232.280725846 	 19.7700099955 	 1 	 1 	 1 	 -1 
110.065		246.587 	 222.373068895 	 20.3035843996 	 0 	 0 	 1 	 0 
115.709		259.107 	 239.687502522 	 14.431888367 	 0 	 0 	 1 	 -1 
126.24		270 	 203.257157617 	 11.3090814634 	 0 	 1 	 1 	 -1 
115.709		280.893 	 221.943582141 	 14.0379586308 	 0 	 1 	 1 	 0 
110.065		293.413 	 216.326943937 	 21.4309825611 	 1 	 1 	 1 	 1 
110.065		306.587 	 251.318846231 	 20.2186475006 	 0 	 1 	 1 	 0 
115.709		319.107 	 239.448063629 	 15.3623361764 	 1 	 1 	 1 	 1 
126.24		330 	 234.712886045 	 15.4920396729 	 1 	 1 	 1 	 0 
140.56		338.948 	 238.210278264 	 16.5687034413 	 0 	 1 	 1 	 0 
133.593		349.107 	 223.972116987 	 15.5467915142 	 0 	 1 	 1 	 1 
131.188		0 	 246.791248263 	 10.6998871088 	 0 	 1 	 1 	 1 
133.593		10.8934 	 229.214521454 	 23.1846207896 	 1 	 0 	 1 	 -1 
140.56		21.0517 	 275.310059259 	 13.6279448972 	 0 	 0 	 1 	 0 
151.459		30 	 230.631715827 	 14.7101417574 	 1 	 0 	 1 	 1 
140.56		38.9483 	 238.952169025 	 16.9169144324 	 0 	 0 	 1 	 0 
133.593		49.1066 	 237.507078974 	 15.4274323528 	 1 	 1 	 1 	 -1 
131.188		60 	 219.815830536 	 18.7825135732 	 0 	 0 	 1 	 -1 
133.593		70.8934 	 199.571128144 	 10.2752208374 	 0 	 0 	 1 	 0 
140.56		81.0517 	 267.606624133 	 9.18335297253 	 1 	 0 	 1 	 -1 
151.459		90 	 224.582276055 	 11.1669733216 	 1 	 0 	 1 	 0 
140.56		98.9483 	 224.292418797 	 7.45949755119 	 1 	 1 	 1 	 0 
133.593		109.107 	 224.793075801 	 12.0418967176 	 1 	 0 	 1 	 -1 
131.188		120 	 255.172091231 	 14.9016723721 	 1 	 1 	 1 	 1 
133.593		130.893 	 256.468720083 	 11.0823088457 	 0 	 0 	 1 	 1 
140.56		141.052 	 245.079888269 	 16.1294335701 	 0 	 0 	 1 	 1 
151.459		150 	 241.175549606 	 7.91150415152 	 1 	 1 	 1 	 -1 
140.56		158.948 	 214.481816065 	 13.1083472254 	 1 	 0 	 1 	 -1 
133.593		169.107 	 240.004914668 	 17.1727858561 	 1 	 0 	 1 	 0 
131.188		180 	 188.930834892 	 14.8949824437 	 1 	 0 	 1 	 0 
133.593		190.893 	 191.72827755 	 18.2675386108 	 0 	 1 	 1 	 0 
140.56		201.052 	 225.639120161 	 13.6775150882 	 0 	 0 	 1 	 1 
151.459		210 	 216.563382333 	 15.4732842851 	 1 	 1 	 1 	 0 
140.56		218.948 	 237.287825161 	 16.0299662091 	 0 	 1 	 1 	 0 
133.593		229.107 	 256.205997193 	 15.1036405956 	 1 	 0 	 1 	 -1 
131.188		240 	 220.291458607 	 15.763964726 	 0 	 1 	 1 	 0 
133.592		250.893 	 234.853161297 	 15.583678841 	 0 	 0 	 1 	 0 
140.56		261.052 	 242.181170328 	 20.4412938589 	 1 	 1 	 1 	 0 
151.459		270 	 237.33201458 	 15.8720377106 	 0 	 1 	 1 	 1 
140.56		278.948 	 235.606050582 	 23.3387857998 	 0 	 0 	 1 	 1 
133.592		289.107 	 212.517618917 	 18.928510442 	 1 	 0 	 1 	 -1 
131.188		300 	 226.265227927 	 18.1122037425 	 0 	 1 	 1 	 0 
133.593		310.893 	 280.369894044 	 15.287178558 	 0 	 1 	 1 	 0 
140.56		321.052 	 231.557726202 	 23.1730155417 	 1 	 1 	 1 	 -1 
151.459		330 	 188.671284555 	 12.7094975474 	 1 	 0 	 1 	 0 
165.51		337.589 	 246.028467518 	 12.6267885361 	 1 	 0 	 1 	 -1 
157.635		346.102 	 248.253379604 	 4.53684806693 	 0 	 1 	 1 	 0 
153.545		355.285 	 196.606365542 	 13.7315697004 	 1 	 1 	 1 	 1 
153.545		4.715 	 237.981998764 	 22.2040683483 	 1 	 0 	 1 	 1 
157.635		13.8979 	 209.855051812 	 23.7154388975 	 0 	 0 	 1 	 0 
165.51		22.4109 	 219.153799388 	 6.2394784212 	 1 	 0 	 1 	 -1 
176.661		30 	 270.451477405 	 22.5607024783 	 1 	 1 	 1 	 -1 
165.51		37.5891 	 279.262009558 	 13.5189380967 	 0 	 1 	 1 	 1 
157.635		46.1021 	 253.060340312 	 15.3233174718 	 0 	 1 	 1 	 0 
153.545		55.285 	 278.752984417 	 11.4500004337 	 0 	 1 	 1 	 1 
153.545		64.715 	 255.741839032 	 14.9671017212 	 0 	 0 	 1 	 -1 
157.635		73.8979 	 236.277313319 	 15.1344047712 	 0 	 1 	 1 	 -1 
165.51		82.4109 	 220.090823946 	 22.4418828154 	 0 	 1 	 1 	 -1 
176.661		90 	 238.59669239 	 15.6785746575 	 1 	 1 	 1 	 0 
165.51		97.5891 	 226.553323721 	 17.6752241651 	 1 	 1 	 1 	 -1 
157.635		106.102 	 247.906928348 	 11.7780551514 	 1 	 0 	 1 	 1 
153.545		115.285 	 244.75164461 	 10.9192181141 	 1 	 1 	 1 	 1 
153.545		124.715 	 250.136191823 	 17.4464020943 	 1 	 0 	 1 	 0 
157.635		133.898 	 267.602601639 	 7.65162723292 	 0 	 0 	 1 	 1 
165.51		142.411 	 232.904359216 	 19.7444900547 	 1 	 1 	 1 	 0 
176.661		150 	 252.162023504 	 22.0498321587 	 1 	 0 	 1 	 0 
165.509		157.589 	 249.778761191 	 4.31700046409 	 0 	 0 	 1 	 0 
157.635		166.102 	 266.220638324 	 23.855525965 	 0 	 1 	 1 	 1 
153.546		175.285 	 231.400425921 	 20.728773995 	 1 	 0 	 1 	 1 
153.546		184.715 	 254.405587947 	 14.6953609172 	 1 	 1 	 1 	 1 
157.635		193.898 	 230.736619072 	 15.087323693 	 1 	 0 	 1 	 -1 
165.509		202.411 	 239.72647258 	 14.5362984281 	 0 	 1 	 1 	 1 
165.51		217.589 	 234.842602443 	 25.5385909664 	 0 	 0 	 1 	 0 
157.635		226.102 	 265.525117226 	 6.70255513928 	 0 	 0 	 1 	 1 
153.545		235.285 	 230.964524348 	 10.9015279389 	 0 	 0 	 1 	 1 
153.545		244.715 	 256.465513289 	 12.7518684787 	 0 	 1 	 1 	 -1 
157.635		253.898 	 240.100746438 	 14.4276831254 	 1 	 0 	 1 	 1 
165.51		262.411 	 234.246047328 	 20.9396010804 	 1 	 1 	 1 	 0 
176.661		270 	 232.559369162 	 9.65235894546 	 1 	 1 	 1 	 0 
165.51		277.589 	 280.377999975 	 16.8562467039 	 1 	 0 	 1 	 0 
157.635		286.102 	 238.612254662 	 12.2068473089 	 0 	 0 	 1 	 0 
153.545		295.285 	 281.333374589 	 15.9055976406 	 1 	 1 	 1 	 1 
153.545		304.715 	 252.631674953 	 19.8543997044 	 0 	 0 	 1 	 -1 
157.635		313.898 	 265.377099442 	 14.1832787335 	 1 	 1 	 1 	 0 
165.51		322.411 	 238.370718374 	 10.5620439577 	 0 	 1 	 1 	 -1 
176.661		330 	 274.166006299 	 17.8639895458 	 0 	 0 	 1 	 1 
190.511		336.587 	 222.973147938 	 20.2028345068 	 0 	 1 	 1 	 0 
181.979		343.898 	 240.427595537 	 16.9310810745 	 1 	 0 	 1 	 -1 
176.661		351.787 	 240.160070866 	 6.09040105689 	 0 	 1 	 1 	 1 
174.852		0 	 252.912070443 	 8.47464504567 	 1 	 0 	 1 	 -1 
176.661		8.21321 	 246.538501649 	 8.18128879607 	 1 	 0 	 1 	 -1 
181.979		16.1021 	 234.075951456 	 24.736712994 	 1 	 1 	 1 	 -1 
190.511		23.4132 	 238.070318356 	 15.1778721608 	 0 	 1 	 1 	 0 
201.845		30 	 251.32077539 	 7.21877626484 	 1 	 1 	 1 	 -1 
181.979		43.8979 	 232.938829925 	 21.2787659909 	 1 	 0 	 1 	 -1 
176.661		51.7868 	 239.043634531 	 17.7549281206 	 1 	 0 	 1 	 -1 
174.852		60 	 236.97732479 	 16.1285385086 	 1 	 0 	 1 	 1 
176.661		68.2132 	 244.932497427 	 13.5298209711 	 1 	 0 	 1 	 -1 
181.979		76.1021 	 244.727482117 	 20.2293088973 	 1 	 1 	 1 	 1 
190.511		83.4132 	 240.76325113 	 13.4027913738 	 1 	 0 	 1 	 1 
201.845		90 	 213.156729989 	 11.8088057185 	 1 	 1 	 1 	 0 
190.511		96.5868 	 223.382717088 	 16.9845861604 	 0 	 0 	 1 	 0 
181.979		103.898 	 238.488427517 	 8.22180191752 	 0 	 0 	 1 	 1 
176.661		111.787 	 200.306802978 	 15.2297570895 	 1 	 0 	 1 	 0 
174.852		120 	 230.970299733 	 8.98317322421 	 0 	 1 	 1 	 -1 
176.661		128.213 	 230.871662822 	 14.244734167 	 1 	 0 	 1 	 0 
181.979		136.102 	 234.694087423 	 15.7879647114 	 1 	 1 	 1 	 1 
190.51		143.413 	 202.699321903 	 23.6065435637 	 1 	 1 	 1 	 1 
201.845		150 	 236.190041551 	 14.7972935793 	 1 	 0 	 1 	 0 
190.511		156.587 	 265.496969456 	 15.1729742059 	 1 	 0 	 1 	 0 
181.979		163.898 	 259.364704293 	 17.0692084722 	 0 	 1 	 1 	 1 
176.661		171.787 	 242.65220822 	 17.077590121 	 0 	 1 	 1 	 -1 
174.852		180 	 249.718221566 	 19.4352631019 	 1 	 0 	 1 	 0 
176.661		188.213 	 232.269703209 	 12.6879350238 	 1 	 1 	 1 	 0 
181.979		196.102 	 249.578631861 	 11.2042851768 	 0 	 0 	 1 	 1 
190.511		203.413 	 234.569635897 	 17.9081184645 	 1 	 1 	 1 	 1 
201.845		210 	 259.864821477 	 15.122278167 	 1 	 0 	 1 	 1 
190.51		216.587 	 237.263885518 	 9.15628685843 	 1 	 1 	 1 	 -1 
181.979		223.898 	 277.474413316 	 15.9532960075 	 0 	 1 	 1 	 1 
176.661		231.787 	 225.991732701 	 26.5036679966 	 1 	 0 	 1 	 0 
174.853		240 	 223.674034866 	 19.2944259316 	 0 	 0 	 1 	 1 
176.662		248.213 	 207.603584649 	 9.92641556508 	 1 	 1 	 1 	 0 
181.979		256.102 	 239.307066044 	 11.4826670341 	 1 	 0 	 1 	 1 
190.511		263.413 	 238.333320229 	 19.2194786719 	 0 	 1 	 1 	 1 
190.511		276.587 	 238.144896466 	 15.5523197625 	 1 	 0 	 1 	 -1 
181.979		283.898 	 249.258930053 	 16.9667929928 	 0 	 0 	 1 	 1 
176.662		291.787 	 253.212240976 	 21.0219742661 	 0 	 0 	 1 	 0 
174.853		300 	 224.823754088 	 19.4954022765 	 1 	 0 	 1 	 -1 
176.661		308.213 	 252.627991509 	 23.2329138753 	 1 	 1 	 1 	 0 
181.979		316.102 	 242.612634688 	 15.3883354178 	 0 	 1 	 1 	 -1 
190.511		323.413 	 200.75416472 	 10.5227161922 	 0 	 1 	 1 	 1 
201.845		330 	 233.993703562 	 13.3511632177 	 0 	 1 	 1 	 -1 
215.536		335.818 	 284.039126888 	 13.4970900672 	 0 	 0 	 1 	 0 
206.511		342.216 	 271.330221931 	 15.5761215788 	 1 	 1 	 1 	 0 
200.265		349.107 	 258.081433868 	 12.4373347797 	 0 	 1 	 1 	 0 
197.068		356.329 	 244.613809057 	 11.5571582577 	 0 	 1 	 1 	 1 
197.068		3.6705 	 221.665408945 	 9.17942580862 	 1 	 1 	 1 	 0 
200.265		10.8934 	 237.108419069 	 12.2710209596 	 1 	 1 	 1 	 0 
206.511		17.7836 	 228.33154084 	 9.92909242661 	 1 	 1 	 1 	 0 
215.536		24.1825 	 227.831414489 	 18.5844139453 	 0 	 0 	 1 	 0 
227.007		30 	 226.787766458 	 24.0649668275 	 0 	 0 	 1 	 1 
215.536		35.8175 	 249.512271788 	 9.36985248327 	 0 	 0 	 1 	 0 
206.511		42.2164 	 252.623904006 	 24.2434704705 	 0 	 1 	 1 	 1 
200.265		49.1066 	 193.211023045 	 21.22263201 	 0 	 0 	 1 	 0 
197.068		56.3295 	 223.847662197 	 11.1551894985 	 0 	 0 	 1 	 1 
197.068		63.6705 	 241.313479287 	 16.1342311819 	 0 	 1 	 1 	 0 
200.265		70.8934 	 263.111876356 	 18.1264501662 	 1 	 0 	 1 	 1 
206.511		77.7836 	 209.304491433 	 16.541065713 	 1 	 1 	 1 	 0 
215.536		84.1825 	 239.019454299 	 15.2456500075 	 1 	 0 	 1 	 1 
227.007		90 	 238.264663684 	 9.95412445498 	 1 	 0 	 1 	 1 
215.536		95.8175 	 209.404517224 	 11.5119613737 	 1 	 0 	 1 	 -1 
206.511		102.216 	 250.332021385 	 11.5627121593 	 1 	 1 	 1 	 1 
200.265		109.107 	 277.519743297 	 14.1146986113 	 1 	 0 	 1 	 0 
197.068		116.33 	 241.672092946 	 13.4397209175 	 1 	 0 	 1 	 1 
197.068		123.671 	 221.556662427 	 16.3162335591 	 1 	 0 	 1 	 1 
200.265		130.893 	 240.460308648 	 17.1964132549 	 0 	 1 	 1 	 -1 
206.51		137.784 	 281.78961556 	 16.9384162498 	 1 	 1 	 1 	 1 
215.536		144.182 	 235.029443716 	 15.844612903 	 1 	 0 	 1 	 0 
227.007		150 	 206.879878223 	 19.5049017568 	 0 	 0 	 1 	 -1 
215.536		155.818 	 232.631752774 	 20.4208741291 	 1 	 0 	 1 	 0 
206.511		162.216 	 255.516163211 	 9.28082253157 	 0 	 0 	 1 	 0 
200.266		169.107 	 282.595635472 	 14.1670768977 	 0 	 1 	 1 	 0 
197.068		176.33 	 212.342344911 	 24.8174591171 	 1 	 0 	 1 	 0 
197.068		183.671 	 255.800463224 	 22.0447568753 	 0 	 1 	 1 	 -1 
200.266		190.893 	 229.885384247 	 24.7483183982 	 1 	 0 	 1 	 1 
206.511		197.784 	 222.404054236 	 9.85096713861 	 0 	 0 	 1 	 1 
215.536		204.182 	 280.385091042 	 15.3527385499 	 0 	 1 	 1 	 0 
227.007		210 	 277.790903562 	 19.5445291702 	 1 	 0 	 1 	 1 
215.536		215.818 	 237.129743909 	 9.1530562446 	 1 	 1 	 1 	 1 
206.51		222.216 	 249.034091192 	 13.9541380125 	 0 	 0 	 1 	 -1 
200.265		229.107 	 239.538137987 	 19.8018194973 	 0 	 1 	 1 	 1 
197.068		236.329 	 243.814211239 	 20.7961834302 	 1 	 1 	 1 	 1 
197.068		243.671 	 242.672931675 	 15.501247501 	 1 	 1 	 1 	 -1 
200.265		250.893 	 282.490496365 	 16.4563508561 	 0 	 1 	 1 	 -1 
206.51		257.784 	 254.462271254 	 22.4516522475 	 1 	 1 	 1 	 0 
215.536		264.182 	 234.92263901 	 7.37442564681 	 1 	 0 	 1 	 -1 
227.007		270 	 245.032018015 	 12.772326036 	 0 	 1 	 1 	 0 
215.536		275.818 	 257.114673757 	 5.49927123117 	 1 	 0 	 1 	 -1 
206.51		282.216 	 213.105971778 	 25.5677523424 	 0 	 0 	 1 	 0 
200.265		289.107 	 259.256377508 	 23.8105561834 	 1 	 1 	 1 	 -1 
197.068		296.329 	 268.042955317 	 12.4377131458 	 1 	 1 	 1 	 0 
197.068		303.67 	 207.352645549 	 25.2150177759 	 1 	 1 	 1 	 1 
200.265		310.893 	 229.788950703 	 14.9763646544 	 0 	 1 	 1 	 1 
206.511		317.784 	 232.872851486 	 4.92300657399 	 1 	 1 	 1 	 -1 
227.008		330 	 214.823998504 	 4.40963765786 	 1 	 0 	 1 	 -1 
240.57		335.209 	 221.637523347 	 21.3962932752 	 0 	 0 	 1 	 0 
231.161		340.893 	 245.495094309 	 12.0679259841 	 1 	 0 	 1 	 1 
224.195		346.996 	 243.970020993 	 13.7710033857 	 0 	 0 	 1 	 0 
219.909		353.413 	 236.256866463 	 27.0313382656 	 0 	 0 	 1 	 0 
218.461		0 	 247.119411862 	 23.268262638 	 0 	 1 	 1 	 1 
219.909		6.58678 	 236.164990332 	 15.5851993045 	 0 	 0 	 1 	 -1 
224.195		13.0039 	 206.737463553 	 10.7324977417 	 1 	 1 	 1 	 1 
231.161		19.1066 	 190.460519933 	 11.1568498411 	 0 	 1 	 1 	 -1 
240.57		24.7913 	 250.314054732 	 5.89520181277 	 1 	 0 	 1 	 1 
252.146		30 	 238.644968345 	 27.4107663974 	 0 	 1 	 1 	 0 
240.57		35.2087 	 249.711942897 	 13.1417638376 	 0 	 1 	 1 	 0 
231.161		40.8934 	 249.39034958 	 18.3812564562 	 0 	 1 	 1 	 0 
224.195		46.9961 	 279.329302266 	 15.6625137667 	 0 	 0 	 1 	 -1 
219.909		53.4132 	 251.73373064 	 15.3632575295 	 1 	 1 	 1 	 0 
218.461		60 	 230.749453247 	 13.934109248 	 0 	 1 	 1 	 0 
219.909		66.5868 	 227.761791435 	 19.3041585571 	 0 	 1 	 1 	 1 
224.195		73.0039 	 234.639343685 	 14.4967818157 	 1 	 0 	 1 	 -1 
231.161		79.1066 	 219.36615412 	 21.3643105817 	 0 	 0 	 1 	 1 
240.57		84.7913 	 192.332441406 	 12.2727697649 	 0 	 0 	 1 	 1 
240.57		95.2087 	 226.833347746 	 7.87072764142 	 1 	 1 	 1 	 0 
231.161		100.893 	 214.355118419 	 15.8286929053 	 1 	 0 	 1 	 1 
224.195		106.996 	 229.846246167 	 20.3776939371 	 1 	 1 	 1 	 0 
219.909		113.413 	 230.176320355 	 21.5259322539 	 0 	 1 	 1 	 0 
218.461		120 	 233.791530518 	 15.1855685144 	 1 	 0 	 1 	 -1 
219.909		126.587 	 215.476465487 	 16.8434138606 	 1 	 1 	 1 	 -1 
224.195		133.004 	 211.10761092 	 20.0748243017 	 0 	 0 	 1 	 1 
231.161		139.107 	 265.886909821 	 23.6034117346 	 1 	 0 	 1 	 1 
252.146		150 	 237.73388898 	 20.3026951886 	 1 	 1 	 1 	 -1 
240.57		155.209 	 267.47536072 	 17.4135046364 	 0 	 1 	 1 	 1 
231.16		160.893 	 242.58510681 	 13.5630031677 	 1 	 0 	 1 	 -1 
224.196		166.996 	 274.116266882 	 11.2681334359 	 0 	 0 	 1 	 0 
219.909		173.413 	 233.217015057 	 16.5591881596 	 0 	 1 	 1 	 -1 
218.461		180 	 252.096959147 	 25.3001540265 	 0 	 0 	 1 	 -1 
219.909		186.587 	 247.326360993 	 19.591587863 	 1 	 1 	 1 	 1 
224.196		193.004 	 208.940169951 	 17.5213281234 	 0 	 1 	 1 	 1 
231.16		199.107 	 256.22512272 	 10.6376272392 	 1 	 0 	 1 	 1 
240.57		204.791 	 193.920275413 	 21.0293501086 	 1 	 1 	 1 	 1 
252.146		210 	 262.486694344 	 20.3490869336 	 1 	 0 	 1 	 1 
240.57		215.209 	 234.724599175 	 20.7311840046 	 1 	 0 	 1 	 -1 
231.161		220.893 	 235.664920729 	 21.5709844247 	 0 	 0 	 1 	 0 
224.196		226.996 	 277.324282897 	 20.9029835289 	 0 	 1 	 1 	 0 
219.909		233.413 	 232.398057745 	 16.0786277612 	 1 	 1 	 1 	 -1 
218.461		240 	 209.857446605 	 17.1501550128 	 1 	 1 	 1 	 0 
219.909		246.587 	 223.804271081 	 10.0665247545 	 1 	 0 	 1 	 0 
224.195		253.004 	 218.247203436 	 10.6984699854 	 0 	 1 	 1 	 0 
231.16		259.107 	 260.424993363 	 13.2422734075 	 1 	 1 	 1 	 -1 
240.57		264.791 	 253.867755155 	 20.5077581476 	 1 	 1 	 1 	 -1 
252.146		270 	 241.795181683 	 15.4210364356 	 1 	 1 	 1 	 0 
240.57		275.209 	 233.797321201 	 18.1545277331 	 0 	 0 	 1 	 -1 
231.16		280.893 	 252.450067135 	 14.7288866164 	 1 	 0 	 1 	 1 
224.195		286.996 	 203.553600585 	 7.55325767588 	 0 	 1 	 1 	 1 
219.909		293.413 	 231.817317162 	 21.5392932818 	 1 	 1 	 1 	 1 
218.461		300 	 252.442539534 	 23.0273594334 	 1 	 1 	 1 	 1 
219.909		306.587 	 235.889534007 	 14.7161472528 	 0 	 1 	 1 	 -1 
224.196		313.004 	 257.09355312 	 19.0582700397 	 0 	 1 	 1 	 -1 
231.161		319.107 	 221.617265147 	 21.8015220512 	 0 	 1 	 1 	 -1 
240.57		324.791 	 196.128768998 	 22.3918013469 	 1 	 0 	 1 	 1 
252.146		330 	 234.79836236 	 15.4468284765 	 0 	 0 	 1 	 -1 
265.601		334.715 	 265.36110065 	 21.4897435239 	 1 	 0 	 1 	 -1 
255.886		339.826 	 274.09461559 	 9.82874811774 	 0 	 0 	 1 	 1 
248.348		345.295 	 242.433313252 	 15.0653955464 	 1 	 1 	 1 	 -1 
243.191		351.052 	 266.212465825 	 9.71606982466 	 0 	 1 	 1 	 0 
240.57		356.996 	 218.755377577 	 6.26446991983 	 0 	 1 	 1 	 1 
240.57		3.00449 	 260.332361138 	 25.1741441703 	 0 	 1 	 1 	 1 
243.191		8.94827 	 254.359736593 	 12.5192789952 	 0 	 1 	 1 	 1 
248.348		14.7047 	 235.889485092 	 15.2539966769 	 0 	 1 	 1 	 1 
255.886		20.1736 	 270.619476336 	 12.9173095311 	 1 	 1 	 1 	 1 
265.601		25.285 	 266.245779951 	 15.2144472851 	 0 	 1 	 1 	 -1 
277.258		30 	 198.366832946 	 16.7708575618 	 0 	 0 	 1 	 0 
265.601		34.715 	 207.394453078 	 5.6184757461 	 0 	 1 	 1 	 0 
255.887		39.8264 	 252.789490669 	 21.1779845493 	 1 	 1 	 1 	 -1 
248.348		45.2953 	 243.565120711 	 22.5664568993 	 0 	 0 	 1 	 1 
243.191		51.0517 	 232.557756295 	 13.2543951043 	 1 	 0 	 1 	 0 
240.57		56.9955 	 240.996387733 	 14.9398069393 	 1 	 1 	 1 	 1 
240.57		63.0045 	 225.466573045 	 10.4789236155 	 0 	 1 	 1 	 1 
243.191		68.9483 	 246.027470279 	 24.54604759 	 1 	 0 	 1 	 0 
248.348		74.7047 	 218.91608286 	 14.5863191206 	 0 	 0 	 1 	 -1 
255.887		80.1736 	 246.040157668 	 24.8421252746 	 0 	 1 	 1 	 0 
265.601		85.285 	 211.164683449 	 9.47875803395 	 0 	 1 	 1 	 -1 
277.257		90 	 241.986213056 	 15.8848332399 	 0 	 0 	 1 	 -1 
265.601		94.715 	 237.478037548 	 15.4814534453 	 0 	 0 	 1 	 1 
255.887		99.8264 	 253.304254726 	 14.2107509646 	 1 	 1 	 1 	 -1 
248.348		105.295 	 259.904394096 	 14.5138495875 	 0 	 1 	 1 	 -1 
243.191		111.052 	 233.864790608 	 14.7264371426 	 0 	 1 	 1 	 0 
240.57		116.996 	 238.130126953 	 16.1163584799 	 0 	 1 	 1 	 -1 
240.57		123.005 	 265.804392546 	 13.3600776187 	 0 	 0 	 1 	 1 
243.191		128.948 	 251.855225227 	 18.9118143389 	 0 	 0 	 1 	 0 
248.348		134.705 	 187.552048409 	 14.0255836665 	 1 	 1 	 1 	 -1 
255.887		140.174 	 282.191425231 	 19.0415463263 	 1 	 1 	 1 	 0 
265.6		145.285 	 271.519025164 	 9.12880845473 	 0 	 0 	 1 	 0 
277.257		150 	 241.912140658 	 16.9624321453 	 1 	 0 	 1 	 1 
265.601		154.715 	 241.942869987 	 25.5600822014 	 0 	 0 	 1 	 -1 
255.886		159.826 	 205.234297193 	 14.4393718913 	 1 	 1 	 1 	 1 
248.348		165.295 	 236.756504606 	 10.1557672884 	 0 	 0 	 1 	 0 
243.191		171.052 	 244.634803459 	 6.21197868714 	 0 	 0 	 1 	 1 
240.57		176.996 	 200.438794369 	 9.54751753856 	 1 	 1 	 1 	 0 
240.57		183.005 	 210.128340627 	 6.58283752897 	 0 	 0 	 1 	 -1 
243.191		188.948 	 235.256376853 	 15.1697774379 	 1 	 1 	 1 	 0 
248.348		194.705 	 207.150890988 	 10.5302856371 	 1 	 1 	 1 	 0 
255.886		200.174 	 267.938218341 	 16.8109029043 	 1 	 1 	 1 	 1 
265.601		205.285 	 261.420030517 	 25.3163868445 	 1 	 1 	 1 	 1 
277.258		210 	 233.159394815 	 17.2485229562 	 1 	 0 	 1 	 -1 
265.6		214.715 	 260.195214255 	 16.7038158417 	 0 	 0 	 1 	 0 
255.887		219.826 	 229.375664819 	 14.836892811 	 1 	 0 	 1 	 1 
248.348		225.295 	 213.563329133 	 21.0895987228 	 0 	 1 	 1 	 1 
243.191		231.052 	 215.271462491 	 20.9537757169 	 0 	 0 	 1 	 1 
240.57		236.995 	 220.976549288 	 11.9760759516 	 1 	 0 	 1 	 0 
240.57		243.004 	 251.28922427 	 15.320490551 	 0 	 1 	 1 	 -1 
243.19		248.948 	 243.677454624 	 16.1903867567 	 1 	 1 	 1 	 0 
248.348		254.705 	 203.344925698 	 6.09456586568 	 0 	 0 	 1 	 0 
255.886		260.174 	 235.920401938 	 16.1492194681 	 0 	 1 	 1 	 -1 
265.601		265.285 	 233.993647061 	 8.02513065426 	 0 	 0 	 1 	 0 
277.258		270 	 247.730996156 	 16.4778618318 	 1 	 0 	 1 	 -1 
265.601		274.715 	 238.930865694 	 18.067117779 	 1 	 0 	 1 	 -1 
255.886		279.826 	 255.013973103 	 20.0729673859 	 0 	 1 	 1 	 -1 
248.348		285.295 	 214.379291843 	 9.28597195886 	 1 	 0 	 1 	 1 
243.19		291.052 	 233.627812179 	 14.6874533072 	 1 	 1 	 1 	 0 
240.57		296.996 	 238.674782765 	 15.1413975319 	 1 	 0 	 1 	 1 
240.57		303.004 	 240.524372869 	 14.0766175577 	 1 	 1 	 1 	 0 
243.191		308.948 	 236.690425257 	 15.3627972382 	 0 	 0 	 1 	 0 
248.348		314.705 	 273.550660371 	 9.07097242988 	 1 	 1 	 1 	 0 
255.886		320.174 	 257.294895402 	 19.2359669989 	 0 	 1 	 1 	 0 
265.6		325.285 	 248.915294329 	 22.7564176765 	 0 	 1 	 1 	 1 
277.258		330 	 259.380361107 	 13.0817826497 	 0 	 0 	 1 	 0 
290.619		334.307 	 242.212933617 	 11.592869726 	 0 	 0 	 1 	 -1 
280.659		338.948 	 230.843722549 	 11.75324496 	 1 	 0 	 1 	 1 
272.656		343.898 	 196.598032975 	 20.5538020887 	 0 	 1 	 1 	 1 
266.79		349.107 	 218.240209651 	 12.7318053903 	 1 	 1 	 1 	 1 
263.206		354.504 	 260.40660718 	 8.54458949406 	 0 	 0 	 1 	 0 
262.001		0 	 233.359627929 	 16.0691949003 	 1 	 1 	 1 	 1 
263.206		5.49637 	 245.692172816 	 15.0516585158 	 1 	 1 	 1 	 -1 
266.79		10.8934 	 229.248599184 	 9.64335923058 	 0 	 1 	 1 	 0 
272.656		16.1021 	 243.900637899 	 14.8872453544 	 0 	 0 	 1 	 1 
280.659		21.0517 	 241.915561403 	 10.9427129603 	 1 	 0 	 1 	 0 
290.619		25.6934 	 280.278554354 	 18.1784924292 	 1 	 0 	 1 	 0 
302.34		30 	 240.921751947 	 9.69406015269 	 1 	 0 	 1 	 1 
290.619		34.3066 	 221.403274141 	 9.02712764945 	 1 	 1 	 1 	 0 
280.659		38.9483 	 252.776761655 	 6.65521766682 	 0 	 1 	 1 	 0 
272.656		43.8979 	 228.044105613 	 21.5099177722 	 1 	 0 	 1 	 -1 
266.789		49.1066 	 228.067805632 	 10.6004026398 	 1 	 0 	 1 	 -1 
263.206		54.5036 	 247.483987198 	 13.616874879 	 0 	 0 	 1 	 -1 
262.001		60 	 259.571137277 	 24.9572804818 	 1 	 1 	 1 	 0 
263.206		65.4964 	 280.646823651 	 10.8261678555 	 1 	 1 	 1 	 -1 
266.79		70.8934 	 231.062545871 	 12.4689841275 	 1 	 0 	 1 	 1 
272.656		76.1021 	 273.423286025 	 12.8993641709 	 0 	 0 	 1 	 1 
280.659		81.0517 	 227.300182547 	 18.0280157209 	 0 	 0 	 1 	 1 
290.619		85.6934 	 217.136651456 	 13.2603398034 	 1 	 0 	 1 	 -1 
302.34		90 	 211.559418088 	 25.2230114652 	 0 	 1 	 1 	 1 
290.619		94.3066 	 236.501885298 	 15.4167248006 	 0 	 1 	 1 	 -1 
280.659		98.9483 	 196.348221428 	 8.64120769218 	 0 	 0 	 1 	 -1 
272.655		103.898 	 205.328046967 	 19.1030816419 	 0 	 1 	 1 	 1 
266.79		109.107 	 237.644166153 	 16.1601627056 	 1 	 1 	 1 	 0 
263.206		114.504 	 236.292543272 	 15.4922400029 	 0 	 1 	 1 	 1 
262		120 	 236.614503289 	 15.0769437163 	 1 	 1 	 1 	 0 
263.206		125.496 	 251.430618483 	 9.14318790699 	 0 	 0 	 1 	 -1 
266.79		130.893 	 205.723362819 	 17.5092203107 	 0 	 0 	 1 	 0 
272.655		136.102 	 204.956163704 	 10.0278379931 	 0 	 1 	 1 	 -1 
280.659		141.052 	 231.796262397 	 16.8627208167 	 0 	 0 	 1 	 0 
290.619		145.693 	 242.301818102 	 12.7746778825 	 1 	 1 	 1 	 -1 
302.34		150 	 235.504410619 	 20.4797254197 	 1 	 0 	 1 	 1 
290.619		154.307 	 211.033419783 	 6.03773863959 	 1 	 0 	 1 	 1 
280.659		158.948 	 208.606626843 	 20.7805787363 	 1 	 1 	 1 	 1 
272.656		163.898 	 263.226431868 	 16.2766385993 	 1 	 0 	 1 	 -1 
266.789		169.107 	 275.53324345 	 21.8294661023 	 1 	 0 	 1 	 1 
263.206		174.504 	 227.961554229 	 9.31337737323 	 1 	 1 	 1 	 1 
262.001		180 	 257.695073645 	 10.3463852932 	 1 	 0 	 1 	 0 
263.206		185.496 	 237.985017859 	 12.2764355565 	 0 	 0 	 1 	 1 
266.789		190.893 	 211.443242233 	 22.4926626544 	 0 	 0 	 1 	 1 
272.656		196.102 	 247.681512998 	 20.2452979548 	 1 	 1 	 1 	 1 
280.659		201.052 	 239.171053343 	 15.1405730872 	 0 	 1 	 1 	 -1 
290.619		205.693 	 236.256762579 	 16.4973679081 	 1 	 1 	 1 	 0 
302.34		210 	 241.098492058 	 14.5457836553 	 0 	 1 	 1 	 1 
290.619		214.307 	 253.647361957 	 5.56029671785 	 0 	 0 	 1 	 -1 
280.658		218.948 	 240.379553972 	 15.2450049305 	 0 	 1 	 1 	 0 
272.656		223.898 	 233.936509192 	 15.0702371296 	 0 	 0 	 1 	 1 
266.79		229.107 	 235.523698758 	 17.8555271405 	 0 	 0 	 1 	 1 
263.206		234.504 	 254.557213494 	 17.7846222942 	 1 	 0 	 1 	 0 
262		240 	 237.502385645 	 19.3809683425 	 0 	 0 	 1 	 1 
263.206		245.496 	 275.787171234 	 16.8573593551 	 1 	 0 	 1 	 -1 
266.789		250.893 	 228.649149145 	 18.369945719 	 0 	 0 	 1 	 -1 
272.656		256.102 	 242.861438758 	 17.3955860063 	 0 	 1 	 1 	 0 
280.659		261.052 	 268.886910848 	 18.4244332671 	 1 	 0 	 1 	 -1 
290.62		265.693 	 207.894109175 	 15.5205640214 	 1 	 1 	 1 	 -1 
302.34		270 	 207.786058261 	 5.53567479524 	 0 	 1 	 1 	 -1 
290.62		274.307 	 224.091396983 	 23.1246055716 	 1 	 0 	 1 	 -1 
280.659		278.948 	 194.422459526 	 21.5887601333 	 1 	 0 	 1 	 -1 
272.656		283.898 	 247.799213826 	 14.3136236101 	 1 	 1 	 1 	 -1 
266.789		289.107 	 205.600569076 	 9.03710503984 	 1 	 1 	 1 	 1 
263.206		294.504 	 245.984560852 	 17.4931268215 	 0 	 1 	 1 	 1 
262		300 	 239.353949833 	 15.2997819297 	 0 	 0 	 1 	 0 
263.206		305.496 	 242.136043344 	 5.86984280512 	 0 	 0 	 1 	 1 
266.79		310.893 	 238.368375716 	 15.2361736095 	 1 	 0 	 1 	 1 
272.656		316.102 	 245.186861887 	 18.7946525832 	 0 	 0 	 1 	 -1 
280.659		321.052 	 208.621676529 	 5.65385980419 	 0 	 1 	 1 	 0 
290.619		325.693 	 240.76881312 	 10.4387401914 	 1 	 1 	 1 	 1 
302.34		330 	 238.540655261 	 12.5693562644 	 0 	 0 	 1 	 0 
315.62		333.963 	 279.053664102 	 16.5130214916 	 0 	 0 	 1 	 1 
305.457		338.213 	 240.270457146 	 15.2391732281 	 1 	 0 	 1 	 -1 
297.071		342.731 	 222.275645523 	 22.4079782648 	 1 	 1 	 1 	 -1 
290.619		347.48 	 242.138479999 	 17.6880127118 	 1 	 1 	 1 	 0 
286.236		352.411 	 244.734714952 	 15.8636493352 	 1 	 0 	 1 	 0 
284.018		357.457 	 252.890667375 	 19.6109426443 	 0 	 0 	 1 	 0 
284.018		2.54292 	 190.867719752 	 12.8312616601 	 1 	 0 	 1 	 1 
286.236		7.58909 	 235.466484921 	 14.8543483864 	 1 	 0 	 1 	 1 
290.619		12.5198 	 231.689709505 	 15.6850323207 	 1 	 0 	 1 	 1 
297.071		17.2695 	 224.157655199 	 5.93503339215 	 1 	 1 	 1 	 1 
305.457		21.7868 	 204.916396368 	 17.0824122438 	 0 	 1 	 1 	 1 
315.62		26.0368 	 202.796933875 	 7.72468184778 	 1 	 1 	 1 	 -1 
327.39		30 	 235.704215465 	 16.1921755964 	 0 	 0 	 1 	 0 
305.457		38.2132 	 264.352303068 	 10.9169602573 	 1 	 0 	 1 	 -1 
297.071		42.7305 	 228.250841076 	 5.60529424796 	 1 	 0 	 1 	 1 
290.619		47.4802 	 233.841728274 	 15.4844663625 	 0 	 0 	 1 	 1 
286.236		52.4109 	 247.306816783 	 10.082591234 	 1 	 0 	 1 	 1 
284.018		57.4571 	 235.378385356 	 15.2357850002 	 0 	 0 	 1 	 0 
284.018		62.5429 	 236.295800529 	 15.4125368582 	 0 	 0 	 1 	 1 
286.236		67.5891 	 239.973073188 	 14.744186619 	 1 	 0 	 1 	 1 
290.619		72.5198 	 213.189937395 	 12.3489124641 	 1 	 1 	 1 	 0 
297.071		77.2695 	 243.16239587 	 18.9932791958 	 0 	 1 	 1 	 1 
305.457		81.7868 	 216.562459817 	 14.7594954756 	 1 	 1 	 1 	 0 
315.62		86.0368 	 238.150178745 	 15.290627521 	 0 	 0 	 1 	 1 
327.39		90 	 210.655150196 	 20.7618628394 	 0 	 1 	 1 	 0 
315.62		93.9632 	 238.64416412 	 16.8204391863 	 1 	 0 	 1 	 -1 
305.457		98.2132 	 201.347813926 	 11.149666768 	 1 	 0 	 1 	 0 
297.071		102.731 	 231.561913965 	 12.2173800973 	 0 	 1 	 1 	 -1 
290.619		107.48 	 236.812980222 	 8.56314374211 	 0 	 0 	 1 	 -1 
286.236		112.411 	 217.65374141 	 5.31757375874 	 1 	 0 	 1 	 1 
284.018		117.457 	 247.334194997 	 24.0699895612 	 1 	 1 	 1 	 -1 
284.018		122.543 	 221.242033075 	 12.4377275918 	 0 	 0 	 1 	 -1 
286.236		127.589 	 205.452087667 	 11.3787709189 	 0 	 0 	 1 	 -1 
290.62		132.52 	 274.969376972 	 17.7213092141 	 0 	 0 	 1 	 0 
297.071		137.269 	 236.234234443 	 18.451459416 	 1 	 0 	 1 	 0 
305.457		141.787 	 266.364206825 	 16.0273249987 	 0 	 0 	 1 	 0 
315.62		146.037 	 240.30546704 	 14.6722200414 	 1 	 1 	 1 	 -1 
327.39		150 	 235.451642559 	 14.8852589145 	 1 	 0 	 1 	 0 
315.619		153.963 	 219.552559708 	 11.6068448216 	 0 	 1 	 1 	 0 
305.457		158.213 	 217.460495402 	 9.68754667083 	 0 	 1 	 1 	 -1 
297.071		162.731 	 237.641871631 	 19.9385306015 	 0 	 0 	 1 	 0 
290.62		167.48 	 194.862407445 	 15.4061683854 	 0 	 1 	 1 	 0 
286.236		172.411 	 200.586672557 	 13.286670385 	 1 	 1 	 1 	 0 
284.019		177.457 	 204.90742957 	 12.5241794369 	 1 	 1 	 1 	 0 
284.019		182.543 	 230.315807264 	 20.4559723061 	 1 	 0 	 1 	 -1 
286.236		187.589 	 240.417519468 	 18.7801459864 	 0 	 1 	 1 	 0 
290.62		192.52 	 212.036098697 	 14.572732744 	 1 	 1 	 1 	 -1 
297.071		197.269 	 194.653380756 	 16.9866707106 	 0 	 0 	 1 	 0 
305.457		201.787 	 234.052791027 	 19.4249954663 	 1 	 1 	 1 	 1 
315.62		206.037 	 239.363483971 	 14.7560907914 	 1 	 0 	 1 	 -1 
327.39		210 	 250.581473217 	 14.7132893425 	 1 	 0 	 1 	 0 
315.62		213.963 	 235.778643118 	 12.1335786308 	 1 	 0 	 1 	 0 
305.457		218.213 	 224.120216976 	 10.7520916381 	 0 	 1 	 1 	 -1 
297.071		222.731 	 222.770743273 	 10.3247872444 	 0 	 1 	 1 	 -1 
290.619		227.48 	 225.613300105 	 18.4851089004 	 1 	 1 	 1 	 1 
286.236		232.411 	 233.661736745 	 18.8422935191 	 0 	 0 	 1 	 1 
284.018		237.457 	 261.867798907 	 20.4162946185 	 0 	 1 	 1 	 -1 
284.019		242.543 	 272.05696172 	 20.6264186941 	 0 	 0 	 1 	 1 
286.236		247.589 	 271.272801072 	 20.0272491981 	 0 	 1 	 1 	 1 
290.62		252.52 	 276.231397604 	 14.8364271644 	 0 	 0 	 1 	 0 
297.071		257.269 	 253.603587185 	 14.549769249 	 1 	 1 	 1 	 1 
305.457		261.787 	 233.418548381 	 12.7883036639 	 0 	 0 	 1 	 -1 
315.62		266.037 	 284.54428851 	 17.9581449719 	 1 	 1 	 1 	 0 
327.39		270 	 270.038817586 	 23.5503195424 	 0 	 1 	 1 	 1 
315.62		273.963 	 284.024869684 	 13.5180022206 	 1 	 1 	 1 	 -1 
305.457		278.213 	 220.157126459 	 21.6109373237 	 0 	 1 	 1 	 0 
297.071		282.731 	 222.620818199 	 15.9402606721 	 1 	 0 	 1 	 -1 
290.62		287.48 	 213.087975303 	 22.0191564168 	 1 	 0 	 1 	 0 
286.236		292.411 	 211.368118784 	 11.1046529484 	 1 	 1 	 1 	 1 
284.019		297.457 	 254.611096125 	 12.5623512782 	 0 	 0 	 1 	 0 
284.018		302.543 	 239.185759758 	 16.3942129348 	 0 	 1 	 1 	 1 
286.236		307.589 	 216.230441704 	 24.3396000328 	 0 	 1 	 1 	 -1 
290.619		312.52 	 209.367831568 	 6.98280113074 	 1 	 0 	 1 	 0 
297.071		317.269 	 208.124110182 	 10.0314846303 	 1 	 1 	 1 	 -1 
305.457		321.787 	 225.34815375 	 25.1132923397 	 0 	 1 	 1 	 1 
327.39		330 	 202.992766881 	 5.80302547454 	 0 	 1 	 1 	 -1 
340.597		333.67 	 216.103269317 	 10.2942005652 	 0 	 1 	 1 	 1 
330.266		337.589 	 229.083007183 	 26.4393078941 	 1 	 0 	 1 	 1 
321.56		341.742 	 228.552323379 	 10.7190078583 	 1 	 0 	 1 	 0 
314.619		346.102 	 206.424082936 	 14.1124467562 	 1 	 1 	 1 	 1 
309.563		350.633 	 253.02840868 	 15.9333527607 	 1 	 1 	 1 	 0 
306.489		355.285 	 238.941590117 	 16.8018515142 	 1 	 1 	 1 	 1 
305.457		0 	 220.005216776 	 6.15886252576 	 0 	 0 	 1 	 0 
306.489		4.715 	 244.519188794 	 17.0577246592 	 1 	 1 	 1 	 1 
309.563		9.367 	 231.532689345 	 9.80093510477 	 0 	 0 	 1 	 0 
314.619		13.8979 	 269.011454732 	 12.583113081 	 0 	 0 	 1 	 0 
321.56		18.2585 	 239.325993008 	 17.0161106873 	 0 	 1 	 1 	 0 
330.266		22.4109 	 207.850169059 	 10.266729834 	 1 	 0 	 1 	 -1 
340.597		26.3295 	 202.265995792 	 12.4832044117 	 1 	 0 	 1 	 -1 
352.406		30 	 237.076035464 	 16.3214149231 	 0 	 1 	 1 	 0 
340.597		33.6705 	 250.188924405 	 5.04529975823 	 1 	 0 	 1 	 1 
330.266		37.5891 	 224.920153685 	 16.051957799 	 0 	 0 	 1 	 -1 
321.56		41.7415 	 233.466554095 	 7.89576060451 	 1 	 0 	 1 	 1 
314.619		46.1021 	 247.091350577 	 21.5878289127 	 0 	 0 	 1 	 0 
309.563		50.633 	 272.871651232 	 11.2058222835 	 1 	 1 	 1 	 0 
306.489		55.285 	 233.800897502 	 22.753572661 	 0 	 0 	 1 	 0 
305.457		60 	 232.530381711 	 8.91681617736 	 1 	 0 	 1 	 0 
306.489		64.715 	 269.462235921 	 20.1736329993 	 0 	 1 	 1 	 -1 
309.563		69.367 	 217.584017643 	 12.1632832981 	 0 	 1 	 1 	 -1 
314.619		73.8979 	 230.431032016 	 14.7232013658 	 1 	 1 	 1 	 -1 
321.56		78.2585 	 212.380757593 	 7.52192963918 	 1 	 0 	 1 	 0 
330.266		82.4109 	 251.843857913 	 12.4592351852 	 0 	 1 	 1 	 0 
340.597		86.3295 	 238.834183623 	 16.1971540075 	 1 	 0 	 1 	 1 
352.406		90 	 235.037511747 	 19.9288838083 	 1 	 1 	 1 	 -1 
340.597		93.6705 	 274.598642803 	 19.5853611573 	 1 	 1 	 1 	 0 
330.266		97.5891 	 213.471600745 	 10.2811649012 	 0 	 1 	 1 	 1 
321.56		101.742 	 241.625660076 	 20.187815253 	 0 	 1 	 1 	 0 
314.619		106.102 	 259.308660502 	 5.30068454769 	 0 	 0 	 1 	 1 
309.563		110.633 	 226.953543476 	 7.91895771198 	 1 	 0 	 1 	 0 
306.489		115.285 	 240.70901899 	 6.51280922638 	 1 	 1 	 1 	 1 
305.457		120 	 235.043198203 	 14.9501580079 	 0 	 1 	 1 	 -1 
306.489		124.715 	 272.305329684 	 17.5069805483 	 1 	 0 	 1 	 0 
309.563		129.367 	 233.112593203 	 15.9844109305 	 1 	 0 	 1 	 0 
314.619		133.898 	 235.16397755 	 13.2355787147 	 1 	 0 	 1 	 0 
321.56		138.258 	 220.575475793 	 11.5593789515 	 1 	 0 	 1 	 1 
330.266		142.411 	 266.185489553 	 12.3083368883 	 0 	 1 	 1 	 1 
340.597		146.329 	 235.21854822 	 5.51868437659 	 0 	 0 	 1 	 -1 
352.406		150 	 236.999385917 	 15.7964954478 	 0 	 0 	 1 	 0 
340.597		153.671 	 231.513454161 	 16.2021972321 	 0 	 0 	 1 	 1 
330.266		157.589 	 274.535513293 	 20.7619084005 	 1 	 1 	 1 	 1 
321.561		161.742 	 202.525583703 	 21.6865515944 	 0 	 0 	 1 	 1 
314.618		166.102 	 222.98759773 	 13.4240171036 	 0 	 1 	 1 	 1 
309.563		170.633 	 244.529616801 	 9.63729076015 	 1 	 1 	 1 	 0 
306.488		175.285 	 230.774874175 	 10.7873434765 	 1 	 0 	 1 	 1 
305.457		180 	 269.738730443 	 8.99157511021 	 1 	 0 	 1 	 -1 
306.488		184.715 	 250.013143042 	 15.0642548159 	 1 	 1 	 1 	 1 
309.563		189.367 	 239.982243259 	 15.0599631529 	 1 	 1 	 1 	 -1 
314.618		193.898 	 259.616673923 	 10.4998451975 	 0 	 1 	 1 	 -1 
321.561		198.258 	 240.863144256 	 24.3935091614 	 1 	 1 	 1 	 1 
330.266		202.411 	 238.281167949 	 20.0067760742 	 0 	 0 	 1 	 1 
340.597		206.329 	 226.575724262 	 5.17655650588 	 0 	 1 	 1 	 -1 
352.406		210 	 274.603153794 	 18.4731135736 	 1 	 1 	 1 	 -1 
330.266		217.589 	 231.799129613 	 16.190806816 	 0 	 1 	 1 	 -1 
321.56		221.742 	 241.009706829 	 7.92343380117 	 0 	 0 	 1 	 -1 
314.619		226.102 	 197.004695926 	 19.7526634445 	 0 	 0 	 1 	 -1 
309.563		230.633 	 200.235217935 	 12.7186203512 	 1 	 0 	 1 	 1 
306.489		235.285 	 273.354642035 	 15.413263907 	 1 	 1 	 1 	 0 
305.456		240 	 253.706423946 	 13.6661926547 	 1 	 0 	 1 	 1 
306.488		244.715 	 225.157074391 	 25.7020023808 	 1 	 0 	 1 	 -1 
309.563		249.367 	 249.193441225 	 13.9814197818 	 0 	 0 	 1 	 1 
314.619		253.898 	 190.878096798 	 18.8515488942 	 1 	 0 	 1 	 -1 
321.56		258.258 	 254.694977499 	 18.7406741312 	 1 	 0 	 1 	 0 
330.266		262.411 	 251.030407667 	 26.448641509 	 0 	 0 	 1 	 0 
340.597		266.33 	 227.139492625 	 17.0129143228 	 0 	 1 	 1 	 0 
340.597		273.671 	 234.639053372 	 14.9364115715 	 1 	 1 	 1 	 1 
330.266		277.589 	 232.748940103 	 22.1725850664 	 0 	 1 	 1 	 1 
321.56		281.742 	 252.44271927 	 12.8491779234 	 1 	 0 	 1 	 -1 
314.619		286.102 	 197.720086986 	 10.1843616512 	 1 	 0 	 1 	 0 
309.563		290.633 	 225.171614317 	 8.25683774816 	 0 	 0 	 1 	 -1 
306.488		295.285 	 232.234286606 	 16.596974648 	 0 	 1 	 1 	 0 
305.457		300 	 255.017760018 	 16.721636748 	 1 	 1 	 1 	 0 
306.489		304.715 	 234.160759446 	 11.2584991302 	 1 	 1 	 1 	 -1 
309.563		309.367 	 230.171325479 	 25.3814220978 	 0 	 0 	 1 	 -1 
314.619		313.898 	 225.848572347 	 10.7189302827 	 1 	 0 	 1 	 -1 
321.56		318.258 	 254.06254032 	 14.8803878675 	 0 	 1 	 1 	 1 
330.266		322.411 	 262.273472654 	 16.7622456135 	 1 	 0 	 1 	 -1 
340.597		326.33 	 212.204554024 	 16.1058278929 	 1 	 0 	 1 	 1 
352.406		330 	 206.056706426 	 20.1655501615 	 1 	 1 	 1 	 0 
365.546		333.418 	 220.07408838 	 12.6443255469 	 0 	 0 	 1 	 1 
355.074		337.053 	 260.990398367 	 7.60287104107 	 1 	 1 	 1 	 -1 
346.099		340.893 	 260.378478725 	 24.3184909371 	 1 	 0 	 1 	 -1 
338.742		344.921 	 238.427039884 	 14.5470654278 	 1 	 1 	 1 	 -1 
333.116		349.107 	 237.251258757 	 15.4337880379 	 0 	 1 	 1 	 1 
329.31		353.413 	 235.173060429 	 15.0491963371 	 0 	 0 	 1 	 -1 
327.39		357.796 	 259.612248425 	 14.3700814148 	 1 	 0 	 1 	 -1 
327.39		2.20423 	 237.869362287 	 16.2374315911 	 1 	 1 	 1 	 1 
329.31		6.58678 	 224.301802352 	 5.71385543128 	 1 	 0 	 1 	 0 
333.116		10.8934 	 238.132157555 	 16.6090462476 	 1 	 0 	 1 	 -1 
338.742		15.0791 	 255.769526797 	 25.486252481 	 0 	 1 	 1 	 1 
346.099		19.1066 	 189.546959062 	 17.5463504353 	 0 	 1 	 1 	 0 
355.074		22.9473 	 243.927490217 	 14.1300346601 	 1 	 1 	 1 	 0 
365.546		26.582 	 267.090158214 	 18.0257410583 	 0 	 1 	 1 	 1 
377.385		30 	 238.815376258 	 18.0666770132 	 1 	 1 	 1 	 1 
365.546		33.418 	 210.157130309 	 26.1602476854 	 0 	 0 	 1 	 1 
355.074		37.0527 	 257.447811578 	 8.26015617482 	 1 	 0 	 1 	 -1 
346.099		40.8934 	 264.063451554 	 6.54172847399 	 0 	 0 	 1 	 1 
338.743		44.9209 	 242.80638501 	 11.4182980037 	 0 	 1 	 1 	 0 
333.116		49.1066 	 239.118805056 	 16.8046557025 	 0 	 1 	 1 	 -1 
329.31		53.4132 	 222.070275899 	 19.6037441793 	 0 	 0 	 1 	 -1 
327.39		57.7958 	 232.935696259 	 14.5769117126 	 0 	 0 	 1 	 1 
327.39		62.2042 	 254.689744633 	 16.3366494677 	 0 	 1 	 1 	 0 
329.31		66.5868 	 235.619843612 	 16.9563899813 	 1 	 1 	 1 	 0 
333.116		70.8934 	 230.670938951 	 16.7024200433 	 0 	 0 	 1 	 -1 
338.742		75.0791 	 269.819981106 	 18.1004473946 	 0 	 0 	 1 	 1 
346.099		79.1066 	 220.168624792 	 26.9557855891 	 0 	 1 	 1 	 -1 
355.074		82.9473 	 226.505688258 	 23.8751808128 	 0 	 0 	 1 	 1 
