25.2587		30 	 38.9045215559 	 16.8163199228 	 1 	 0 	 1 	 0 
25.2587		90 	 18.3117642819 	 72.1415589616 	 0 	 0 	 1 	 1 
25.2587		150 	 16.9128264728 	 174.599278243 	 0 	 0 	 1 	 -1 
25.2587		210 	 31.8267486037 	 -112.207442853 	 0 	 1 	 1 	 -1 
25.2587		270 	 13.9861251435 	 -85.5668829401 	 1 	 1 	 1 	 1 
43.7478		0 	 58.2712495972 	 -0.726249188894 	 0 	 0 	 1 	 1 
50.5147		30 	 64.572384825 	 22.1272578962 	 0 	 0 	 1 	 0 
43.7478		60 	 38.336560566 	 45.5761137615 	 1 	 1 	 1 	 0 
50.5147		90 	 60.3686250429 	 82.7812803685 	 0 	 1 	 1 	 1 
43.7478		120 	 53.3492867731 	 116.280187355 	 0 	 1 	 1 	 0 
50.5147		150 	 55.9565909889 	 165.050149667 	 1 	 0 	 1 	 0 
43.7478		180 	 49.5878118742 	 -159.009274278 	 1 	 0 	 1 	 0 
50.5147		210 	 61.5364358021 	 -155.465642181 	 1 	 1 	 1 	 0 
43.7478		240 	 35.6259775692 	 -125.163428933 	 1 	 0 	 1 	 1 
43.7478		300 	 50.1333133867 	 -51.1051116109 	 0 	 0 	 1 	 0 
50.5148		330 	 53.1279939805 	 -46.4692296236 	 0 	 0 	 1 	 0 
66.8212		349.107 	 48.1708964554 	 -18.4320110983 	 0 	 0 	 1 	 0 
66.8212		10.8934 	 77.3517756642 	 10.4288157228 	 0 	 0 	 1 	 0 
75.7654		30 	 79.4161742714 	 35.2490654815 	 0 	 0 	 1 	 -1 
66.8212		49.1066 	 67.237772216 	 55.9264104675 	 1 	 0 	 1 	 -1 
66.8212		70.8934 	 56.1425093539 	 58.8182236055 	 1 	 0 	 1 	 1 
75.7654		90 	 97.1910806931 	 94.0579059766 	 0 	 1 	 1 	 0 
66.8212		109.107 	 77.5040875041 	 101.9750695 	 0 	 0 	 1 	 -1 
66.8212		130.893 	 78.5201307709 	 136.53319486 	 0 	 1 	 1 	 0 
75.7654		150 	 72.1230713549 	 144.515650233 	 1 	 1 	 1 	 1 
66.8212		169.107 	 59.8051440336 	 174.309622953 	 1 	 0 	 1 	 -1 
66.8212		190.893 	 65.9754820755 	 -154.660150909 	 1 	 0 	 1 	 1 
66.8212		229.107 	 53.1460843959 	 -122.317555374 	 0 	 0 	 1 	 1 
66.8212		250.893 	 49.22948634 	 -97.4256497966 	 0 	 1 	 1 	 -1 
75.7654		270 	 79.5301699808 	 -101.815350855 	 1 	 0 	 1 	 -1 
66.8212		289.107 	 73.0052953097 	 -75.1899528616 	 0 	 0 	 1 	 1 
66.8212		310.893 	 82.3488486027 	 -58.8171514095 	 1 	 1 	 1 	 1 
75.7654		330 	 60.4568048168 	 -26.6025480678 	 1 	 0 	 1 	 -1 
91.0523		343.898 	 106.732157528 	 -18.2094288234 	 0 	 0 	 1 	 -1 
87.4818		0 	 79.8645098392 	 9.76226269141 	 0 	 1 	 1 	 1 
91.0523		16.1021 	 82.1791189787 	 17.0129116788 	 0 	 0 	 1 	 -1 
101.008		30 	 109.207644272 	 30.0737731379 	 0 	 1 	 1 	 -1 
91.0523		43.8979 	 101.964253167 	 33.0074484115 	 1 	 0 	 1 	 0 
87.4818		60 	 90.0895181859 	 49.0001784796 	 0 	 1 	 1 	 -1 
91.0523		76.1021 	 88.3423648561 	 69.2074147672 	 1 	 1 	 1 	 1 
91.0523		103.898 	 99.7694966389 	 101.468214052 	 0 	 0 	 1 	 0 
87.4818		120 	 99.2090353083 	 120.144621346 	 1 	 1 	 1 	 -1 
91.0523		136.102 	 90.0115159666 	 143.730355699 	 0 	 1 	 1 	 1 
91.0523		163.898 	 108.695982595 	 160.78467735 	 0 	 0 	 1 	 1 
87.4818		180 	 88.5951089734 	 170.49360108 	 1 	 0 	 1 	 1 
91.0523		196.102 	 75.9492765981 	 -165.706924046 	 0 	 0 	 1 	 0 
101.008		210 	 109.00719281 	 -144.201723511 	 0 	 0 	 1 	 1 
91.0523		223.898 	 94.9448282258 	 -131.662664776 	 0 	 1 	 1 	 -1 
87.4818		240 	 76.1530395097 	 -121.625322481 	 1 	 0 	 1 	 1 
91.0523		256.102 	 86.5623277697 	 -97.437543084 	 1 	 1 	 1 	 -1 
101.008		270 	 100.389780839 	 -85.2424073602 	 0 	 0 	 1 	 1 
91.0523		283.898 	 94.9611599508 	 -82.3433818391 	 0 	 0 	 1 	 1 
87.4817		300 	 79.2049569702 	 -62.4942153813 	 0 	 1 	 1 	 -1 
91.0523		316.102 	 83.5442272784 	 -57.4542938649 	 0 	 0 	 1 	 0 
101.008		330 	 92.4408560151 	 -36.4347401184 	 1 	 1 	 1 	 1 
115.709		340.893 	 112.369694967 	 -24.3311315819 	 0 	 1 	 1 	 -1 
110.065		353.413 	 114.615515904 	 -15.9171415592 	 1 	 1 	 1 	 1 
110.065		6.58677 	 99.9268796204 	 -3.72208245091 	 1 	 0 	 1 	 0 
115.709		19.1066 	 110.255812077 	 10.5854267991 	 0 	 0 	 1 	 0 
126.24		30 	 121.222041629 	 39.1721666946 	 0 	 1 	 1 	 -1 
115.709		40.8934 	 118.210945105 	 47.4533576741 	 0 	 1 	 1 	 -1 
110.065		53.4132 	 108.971840997 	 47.3345153302 	 1 	 1 	 1 	 1 
110.065		66.5868 	 92.7779614832 	 69.7600908718 	 1 	 1 	 1 	 0 
115.709		79.1066 	 113.472919007 	 74.7387346753 	 0 	 0 	 1 	 1 
126.24		90 	 127.000017505 	 94.9118515069 	 1 	 1 	 1 	 0 
115.709		100.893 	 137.454818895 	 98.5215976184 	 1 	 1 	 1 	 -1 
110.065		113.413 	 118.270974201 	 105.897075781 	 0 	 0 	 1 	 0 
110.065		126.587 	 105.103413261 	 118.438326721 	 1 	 0 	 1 	 0 
115.709		139.107 	 124.620228912 	 145.981003499 	 1 	 1 	 1 	 -1 
126.24		150 	 141.028717269 	 150.655276973 	 0 	 1 	 1 	 1 
115.709		160.893 	 123.666536843 	 164.095507176 	 0 	 0 	 1 	 -1 
110.066		173.413 	 101.271365538 	 -175.835582791 	 1 	 0 	 1 	 1 
110.066		186.587 	 97.7432604551 	 -164.606375785 	 1 	 1 	 1 	 1 
115.709		199.107 	 129.795551112 	 -159.986063663 	 0 	 0 	 1 	 0 
126.24		210 	 130.190032696 	 -145.024986436 	 0 	 1 	 1 	 0 
115.709		220.893 	 125.006581689 	 -135.350365884 	 1 	 0 	 1 	 -1 
110.065		233.413 	 95.2977331438 	 -125.88609327 	 1 	 1 	 1 	 -1 
110.065		246.587 	 102.971121618 	 -118.285976068 	 1 	 1 	 1 	 -1 
115.709		259.107 	 129.402933389 	 -94.1431321648 	 1 	 0 	 1 	 0 
126.24		270 	 138.479099913 	 -97.6257138748 	 0 	 1 	 1 	 0 
115.709		280.893 	 132.527439381 	 -79.513856122 	 0 	 1 	 1 	 0 
110.065		293.413 	 120.119827755 	 -74.4716930161 	 1 	 0 	 1 	 -1 
110.065		306.587 	 117.86220683 	 -49.863545822 	 0 	 1 	 1 	 1 
115.709		319.107 	 106.844702666 	 -33.9095911994 	 1 	 0 	 1 	 -1 
126.24		330 	 122.584922143 	 -33.6561063203 	 0 	 0 	 1 	 0 
140.56		338.948 	 120.968124643 	 -24.2069232322 	 0 	 1 	 1 	 1 
133.593		349.107 	 128.849173996 	 -19.3994088338 	 1 	 1 	 1 	 -1 
131.188		0 	 131.633305498 	 7.59483032784 	 1 	 0 	 1 	 0 
133.593		10.8934 	 143.528646239 	 12.2845859304 	 1 	 0 	 1 	 0 
140.56		21.0517 	 153.058722101 	 15.2823343572 	 1 	 1 	 1 	 0 
151.459		30 	 135.844066148 	 27.8060897759 	 0 	 0 	 1 	 -1 
140.56		38.9483 	 157.085819426 	 38.0377043015 	 0 	 1 	 1 	 0 
133.593		49.1066 	 129.638008669 	 40.9001843614 	 0 	 0 	 1 	 -1 
131.188		60 	 132.568333776 	 67.9595527387 	 1 	 0 	 1 	 0 
133.593		70.8934 	 139.829568539 	 73.907993797 	 1 	 0 	 1 	 -1 
140.56		81.0517 	 141.382653331 	 85.214410111 	 0 	 0 	 1 	 -1 
151.459		90 	 145.287151107 	 95.921338788 	 0 	 1 	 1 	 -1 
140.56		98.9483 	 155.497059339 	 96.3798060114 	 1 	 1 	 1 	 -1 
133.593		109.107 	 132.250107521 	 105.31675327 	 0 	 1 	 1 	 1 
131.188		120 	 126.724187632 	 123.541759885 	 0 	 0 	 1 	 -1 
133.593		130.893 	 120.790075192 	 130.475097256 	 1 	 0 	 1 	 0 
140.56		141.052 	 152.397895666 	 142.970898741 	 1 	 0 	 1 	 -1 
151.459		150 	 139.361296548 	 157.397689478 	 1 	 1 	 1 	 0 
140.56		158.948 	 146.595514892 	 155.405027111 	 0 	 1 	 1 	 -1 
133.593		169.107 	 127.051502837 	 165.563153854 	 0 	 0 	 1 	 -1 
131.188		180 	 117.738002211 	 -173.555410623 	 1 	 0 	 1 	 -1 
133.593		190.893 	 145.540222234 	 -168.056350485 	 1 	 1 	 1 	 0 
140.56		201.052 	 156.495703695 	 -159.290636427 	 1 	 1 	 1 	 1 
151.459		210 	 167.277661191 	 -146.607369679 	 1 	 1 	 1 	 1 
140.56		218.948 	 150.203598474 	 -145.798719851 	 0 	 0 	 1 	 0 
133.593		229.107 	 131.604640313 	 -121.453945087 	 0 	 1 	 1 	 -1 
131.188		240 	 134.691875629 	 -115.174634779 	 1 	 1 	 1 	 -1 
133.592		250.893 	 117.405184439 	 -110.916404159 	 1 	 0 	 1 	 0 
140.56		261.052 	 157.402950431 	 -97.1153905267 	 0 	 0 	 1 	 0 
151.459		270 	 172.877526837 	 -88.0204334864 	 1 	 0 	 1 	 0 
140.56		278.948 	 124.090450454 	 -86.3215275104 	 0 	 0 	 1 	 0 
133.592		289.107 	 127.91918227 	 -74.2566135287 	 1 	 1 	 1 	 -1 
131.188		300 	 148.065812736 	 -61.0293632973 	 1 	 0 	 1 	 -1 
133.593		310.893 	 126.4628552 	 -52.7150089944 	 1 	 0 	 1 	 -1 
140.56		321.052 	 149.375232019 	 -38.9800511266 	 0 	 0 	 1 	 -1 
151.459		330 	 157.656594266 	 -22.460322193 	 0 	 1 	 1 	 -1 
165.51		337.589 	 163.773453034 	 -19.3255105306 	 0 	 0 	 1 	 -1 
157.635		346.102 	 148.587371427 	 -7.61075044085 	 1 	 1 	 1 	 0 
153.545		355.285 	 152.885482157 	 -1.33457316319 	 0 	 1 	 1 	 0 
153.545		4.715 	 134.333244353 	 0.13075080012 	 1 	 1 	 1 	 0 
157.635		13.8979 	 173.538345192 	 17.3750004715 	 0 	 0 	 1 	 1 
165.51		22.4109 	 153.849364387 	 23.9688277998 	 0 	 0 	 1 	 -1 
176.661		30 	 163.305318912 	 26.3583689536 	 1 	 1 	 1 	 1 
165.51		37.5891 	 177.28831065 	 33.7399523393 	 1 	 1 	 1 	 1 
157.635		46.1021 	 172.138587437 	 43.1285882483 	 0 	 0 	 1 	 0 
153.545		55.285 	 160.433528745 	 49.6038561768 	 0 	 0 	 1 	 -1 
153.545		64.715 	 141.062325731 	 65.1009177803 	 0 	 1 	 1 	 1 
157.635		73.8979 	 141.626077298 	 75.7816974885 	 0 	 0 	 1 	 -1 
165.51		82.4109 	 157.45176103 	 82.7991699417 	 0 	 0 	 1 	 -1 
176.661		90 	 187.327606456 	 86.9091949894 	 1 	 1 	 1 	 0 
165.51		97.5891 	 173.429745799 	 99.3198037648 	 0 	 0 	 1 	 1 
157.635		106.102 	 162.202524626 	 109.269268198 	 1 	 0 	 1 	 0 
153.545		115.285 	 169.241578052 	 117.446606192 	 0 	 1 	 1 	 -1 
153.545		124.715 	 152.853228937 	 127.914836978 	 1 	 1 	 1 	 0 
157.635		133.898 	 157.34055055 	 126.848754998 	 1 	 1 	 1 	 -1 
165.51		142.411 	 158.925071878 	 138.190467253 	 0 	 0 	 1 	 -1 
176.661		150 	 184.45198017 	 148.089474782 	 1 	 1 	 1 	 0 
165.509		157.589 	 156.036893681 	 161.604869937 	 0 	 0 	 1 	 1 
157.635		166.102 	 179.346456198 	 164.713249876 	 0 	 0 	 1 	 0 
153.546		175.285 	 172.410013072 	 177.327117157 	 1 	 0 	 1 	 -1 
153.546		184.715 	 147.62398217 	 -167.267373072 	 0 	 1 	 1 	 -1 
157.635		193.898 	 162.59771031 	 -171.177545526 	 1 	 0 	 1 	 0 
165.509		202.411 	 161.175575215 	 -159.875512244 	 0 	 1 	 1 	 -1 
165.51		217.589 	 179.627907496 	 -145.932280275 	 1 	 0 	 1 	 -1 
157.635		226.102 	 142.503551522 	 -128.440462398 	 1 	 0 	 1 	 -1 
153.545		235.285 	 146.23262266 	 -126.519480184 	 1 	 1 	 1 	 0 
153.545		244.715 	 162.584889103 	 -117.959980102 	 1 	 0 	 1 	 1 
157.635		253.898 	 171.983019451 	 -101.348061884 	 1 	 0 	 1 	 0 
165.51		262.411 	 169.41860325 	 -90.928051176 	 1 	 0 	 1 	 -1 
176.661		270 	 183.578177703 	 -86.8430254184 	 1 	 0 	 1 	 0 
165.51		277.589 	 159.999677376 	 -84.1721869064 	 0 	 1 	 1 	 -1 
157.635		286.102 	 146.997797424 	 -68.8764697585 	 1 	 1 	 1 	 0 
153.545		295.285 	 155.428804695 	 -57.5459886554 	 0 	 0 	 1 	 0 
153.545		304.715 	 170.130264084 	 -56.0581089035 	 0 	 1 	 1 	 1 
157.635		313.898 	 169.044138982 	 -49.2808909977 	 1 	 1 	 1 	 -1 
165.51		322.411 	 167.681691557 	 -30.0246435385 	 0 	 1 	 1 	 -1 
176.661		330 	 162.869711222 	 -27.6779006923 	 1 	 0 	 1 	 1 
190.511		336.587 	 170.604901565 	 -22.8692744208 	 0 	 0 	 1 	 1 
181.979		343.898 	 197.902971216 	 -13.415135374 	 1 	 0 	 1 	 1 
176.661		351.787 	 176.502485825 	 -2.9268733925 	 1 	 1 	 1 	 1 
174.852		0 	 184.41449083 	 1.67058355562 	 0 	 1 	 1 	 1 
176.661		8.21321 	 190.09298949 	 11.3586524071 	 1 	 0 	 1 	 0 
181.979		16.1021 	 185.263067401 	 12.1304118116 	 0 	 1 	 1 	 -1 
190.511		23.4132 	 183.159654813 	 20.3685840742 	 0 	 1 	 1 	 -1 
201.845		30 	 213.506417497 	 31.6022831003 	 0 	 0 	 1 	 -1 
181.979		43.8979 	 194.397350597 	 38.924013904 	 0 	 1 	 1 	 -1 
176.661		51.7868 	 195.081352091 	 50.4780031309 	 1 	 1 	 1 	 1 
174.852		60 	 175.749501656 	 56.6363322936 	 0 	 0 	 1 	 0 
176.661		68.2132 	 185.579945766 	 67.6348552443 	 0 	 0 	 1 	 1 
181.979		76.1021 	 168.423585065 	 79.444848125 	 1 	 0 	 1 	 -1 
190.511		83.4132 	 200.558905309 	 80.3129902643 	 0 	 1 	 1 	 -1 
201.845		90 	 220.501866209 	 89.6529562893 	 0 	 0 	 1 	 0 
190.511		96.5868 	 174.564011748 	 98.5619036644 	 0 	 0 	 1 	 -1 
181.979		103.898 	 175.121819449 	 104.969272953 	 1 	 0 	 1 	 1 
176.661		111.787 	 164.433265155 	 115.81292992 	 1 	 0 	 1 	 -1 
174.852		120 	 165.740614935 	 115.911562969 	 1 	 1 	 1 	 0 
176.661		128.213 	 157.301178426 	 128.417595999 	 1 	 1 	 1 	 0 
181.979		136.102 	 183.177003965 	 138.582002059 	 0 	 0 	 1 	 0 
190.51		143.413 	 172.528396462 	 141.909880713 	 1 	 1 	 1 	 0 
201.845		150 	 195.028332765 	 145.817711039 	 0 	 1 	 1 	 0 
190.511		156.587 	 209.586245089 	 153.863013648 	 1 	 1 	 1 	 0 
181.979		163.898 	 179.022121542 	 169.224216165 	 1 	 1 	 1 	 1 
176.661		171.787 	 187.559313588 	 177.598451616 	 0 	 1 	 1 	 -1 
174.852		180 	 165.482708103 	 -178.898918586 	 1 	 1 	 1 	 1 
176.661		188.213 	 171.990439164 	 -178.106185725 	 0 	 0 	 1 	 0 
181.979		196.102 	 199.950106351 	 -162.884587762 	 0 	 1 	 1 	 1 
190.511		203.413 	 180.90485794 	 -157.33452881 	 0 	 0 	 1 	 0 
201.845		210 	 213.833282991 	 -146.634064059 	 1 	 1 	 1 	 1 
190.51		216.587 	 181.14073296 	 -137.781428954 	 0 	 1 	 1 	 -1 
181.979		223.898 	 183.9773328 	 -141.238449666 	 0 	 1 	 1 	 0 
176.661		231.787 	 176.998156263 	 -131.755663675 	 0 	 0 	 1 	 0 
174.853		240 	 175.34746995 	 -123.769362425 	 1 	 1 	 1 	 0 
176.662		248.213 	 198.399552217 	 -112.658188153 	 0 	 1 	 1 	 0 
181.979		256.102 	 176.798489946 	 -105.690781511 	 0 	 0 	 1 	 0 
190.511		263.413 	 188.102910527 	 -101.620290715 	 0 	 1 	 1 	 -1 
190.511		276.587 	 176.199241929 	 -83.9683636119 	 1 	 0 	 1 	 1 
181.979		283.898 	 194.379774385 	 -74.9525066624 	 0 	 1 	 1 	 1 
176.662		291.787 	 167.830001429 	 -68.3089597176 	 0 	 1 	 1 	 0 
174.853		300 	 173.524051055 	 -64.2355344557 	 1 	 0 	 1 	 -1 
176.661		308.213 	 174.716609839 	 -48.392818766 	 0 	 0 	 1 	 1 
181.979		316.102 	 202.373734341 	 -41.7402668103 	 1 	 0 	 1 	 0 
190.511		323.413 	 205.570629418 	 -37.2907997352 	 0 	 1 	 1 	 0 
201.845		330 	 214.790141322 	 -25.0389095117 	 0 	 0 	 1 	 1 
215.536		335.818 	 202.499806561 	 -23.3932374038 	 1 	 0 	 1 	 0 
206.511		342.216 	 197.964136401 	 -23.5982836447 	 0 	 0 	 1 	 0 
200.265		349.107 	 188.758536824 	 -7.44808539889 	 0 	 1 	 1 	 1 
197.068		356.329 	 190.907885853 	 -2.14508157693 	 0 	 0 	 1 	 0 
197.068		3.6705 	 199.363981139 	 8.8965004685 	 1 	 0 	 1 	 1 
200.265		10.8934 	 187.666066979 	 9.67207451638 	 0 	 0 	 1 	 1 
206.511		17.7836 	 212.538832562 	 13.8700977527 	 1 	 1 	 1 	 1 
215.536		24.1825 	 216.165739934 	 27.0624851135 	 1 	 1 	 1 	 0 
227.007		30 	 226.724235557 	 31.9724792906 	 0 	 1 	 1 	 -1 
215.536		35.8175 	 218.883424494 	 39.5366671067 	 1 	 0 	 1 	 -1 
206.511		42.2164 	 223.817060318 	 39.971378695 	 1 	 1 	 1 	 1 
200.265		49.1066 	 191.38723414 	 49.3358089158 	 1 	 0 	 1 	 0 
197.068		56.3295 	 184.504339443 	 58.5352156259 	 1 	 1 	 1 	 1 
197.068		63.6705 	 200.814927247 	 69.7721583451 	 0 	 0 	 1 	 1 
200.265		70.8934 	 190.870311223 	 69.675124544 	 1 	 0 	 1 	 1 
206.511		77.7836 	 185.928879245 	 79.6648388315 	 1 	 1 	 1 	 1 
215.536		84.1825 	 217.119081757 	 88.1858086337 	 0 	 1 	 1 	 -1 
227.007		90 	 215.786301288 	 85.1391302579 	 1 	 1 	 1 	 1 
215.536		95.8175 	 196.350490019 	 98.0606397005 	 0 	 1 	 1 	 1 
206.511		102.216 	 226.554047024 	 103.943301271 	 0 	 0 	 1 	 1 
200.265		109.107 	 220.981138283 	 109.464745301 	 1 	 0 	 1 	 -1 
197.068		116.33 	 199.771634831 	 114.002078653 	 0 	 0 	 1 	 1 
197.068		123.671 	 189.487376502 	 120.096414859 	 1 	 0 	 1 	 1 
200.265		130.893 	 203.885396997 	 128.944036987 	 1 	 0 	 1 	 -1 
206.51		137.784 	 219.276908505 	 138.128149017 	 1 	 1 	 1 	 -1 
215.536		144.182 	 209.43069871 	 147.395612517 	 1 	 1 	 1 	 1 
227.007		150 	 246.072661706 	 149.695041032 	 0 	 1 	 1 	 -1 
215.536		155.818 	 219.415753262 	 152.695074709 	 0 	 1 	 1 	 -1 
206.511		162.216 	 219.957757775 	 158.185537436 	 0 	 0 	 1 	 0 
200.266		169.107 	 186.738364873 	 168.495752068 	 1 	 0 	 1 	 -1 
197.068		176.33 	 202.617574145 	 171.748609056 	 0 	 1 	 1 	 1 
197.068		183.671 	 205.642439728 	 -176.995756066 	 1 	 0 	 1 	 0 
200.266		190.893 	 194.308398251 	 -172.027774179 	 0 	 0 	 1 	 -1 
206.511		197.784 	 201.005463534 	 -157.898301518 	 0 	 0 	 1 	 -1 
215.536		204.182 	 217.545046002 	 -151.326809516 	 0 	 0 	 1 	 0 
227.007		210 	 231.371386094 	 -151.577721402 	 0 	 0 	 1 	 1 
215.536		215.818 	 208.317110077 	 -144.672727943 	 1 	 0 	 1 	 0 
206.51		222.216 	 203.52613353 	 -142.844027133 	 1 	 1 	 1 	 1 
200.265		229.107 	 211.859210677 	 -133.126176793 	 1 	 1 	 1 	 -1 
197.068		236.329 	 185.557978091 	 -122.358454203 	 0 	 1 	 1 	 0 
197.068		243.671 	 193.443929869 	 -118.942343381 	 0 	 1 	 1 	 0 
200.265		250.893 	 202.773514844 	 -112.10542199 	 1 	 0 	 1 	 -1 
206.51		257.784 	 209.107208421 	 -107.138701175 	 1 	 0 	 1 	 1 
215.536		264.182 	 211.16172385 	 -97.8029890826 	 0 	 1 	 1 	 -1 
227.007		270 	 247.688610468 	 -90.4688581394 	 0 	 1 	 1 	 -1 
215.536		275.818 	 226.501621632 	 -82.5192379452 	 1 	 1 	 1 	 -1 
206.51		282.216 	 200.04287456 	 -75.984966259 	 1 	 1 	 1 	 0 
200.265		289.107 	 204.704757451 	 -66.8176700988 	 1 	 1 	 1 	 1 
197.068		296.329 	 188.501324294 	 -63.0233986985 	 0 	 0 	 1 	 -1 
197.068		303.67 	 185.453245593 	 -60.6832739836 	 0 	 0 	 1 	 -1 
200.265		310.893 	 201.040448377 	 -45.0140750205 	 0 	 0 	 1 	 1 
206.511		317.784 	 202.780915308 	 -40.2869141438 	 1 	 1 	 1 	 0 
227.008		330 	 219.160238056 	 -32.970628888 	 1 	 1 	 1 	 -1 
240.57		335.209 	 253.839280322 	 -25.8923020667 	 1 	 0 	 1 	 1 
231.161		340.893 	 242.012740434 	 -18.8823311657 	 1 	 1 	 1 	 0 
224.195		346.996 	 220.885758812 	 -10.7868540825 	 1 	 1 	 1 	 0 
219.909		353.413 	 208.588756687 	 -4.88323896602 	 0 	 1 	 1 	 1 
218.461		0 	 228.262401805 	 -2.21879110175 	 1 	 1 	 1 	 0 
219.909		6.58678 	 235.408342727 	 8.56872416209 	 0 	 1 	 1 	 0 
224.195		13.0039 	 233.836515358 	 15.6774606838 	 1 	 1 	 1 	 -1 
231.161		19.1066 	 247.410616953 	 20.3740373355 	 0 	 1 	 1 	 0 
240.57		24.7913 	 224.60346007 	 23.5938027569 	 1 	 1 	 1 	 0 
252.146		30 	 255.334044425 	 32.7365051209 	 1 	 1 	 1 	 -1 
240.57		35.2087 	 257.946258515 	 36.4680133184 	 1 	 0 	 1 	 0 
231.161		40.8934 	 252.190295668 	 40.5162406847 	 0 	 1 	 1 	 -1 
224.195		46.9961 	 240.1144702 	 49.1149325553 	 0 	 1 	 1 	 1 
219.909		53.4132 	 213.983710294 	 55.4764443722 	 0 	 0 	 1 	 1 
218.461		60 	 211.003547457 	 58.8623275725 	 1 	 1 	 1 	 -1 
219.909		66.5868 	 214.911866045 	 63.3090919812 	 0 	 1 	 1 	 1 
224.195		73.0039 	 211.280319973 	 75.9546125146 	 0 	 0 	 1 	 0 
231.161		79.1066 	 233.703405805 	 83.8138152169 	 1 	 1 	 1 	 -1 
240.57		84.7913 	 233.488366046 	 89.1124899064 	 0 	 0 	 1 	 0 
240.57		95.2087 	 238.269090668 	 97.2223022934 	 1 	 0 	 1 	 -1 
231.161		100.893 	 236.299130763 	 104.304738822 	 0 	 0 	 1 	 -1 
224.195		106.996 	 222.234039534 	 105.071209284 	 0 	 0 	 1 	 -1 
219.909		113.413 	 227.620738489 	 115.206141839 	 0 	 1 	 1 	 0 
218.461		120 	 234.175640317 	 122.564868937 	 0 	 0 	 1 	 0 
219.909		126.587 	 218.307804704 	 122.074935386 	 1 	 1 	 1 	 1 
224.195		133.004 	 220.120303718 	 128.598055993 	 1 	 0 	 1 	 1 
231.161		139.107 	 241.769864106 	 135.561367444 	 1 	 0 	 1 	 0 
252.146		150 	 245.550601916 	 147.03078282 	 1 	 1 	 1 	 1 
240.57		155.209 	 246.408369813 	 152.688258552 	 0 	 0 	 1 	 1 
231.16		160.893 	 230.207949619 	 158.473845188 	 1 	 0 	 1 	 0 
224.196		166.996 	 208.15166506 	 167.731996961 	 1 	 0 	 1 	 1 
219.909		173.413 	 211.820057965 	 175.601234693 	 0 	 0 	 1 	 -1 
218.461		180 	 217.355374447 	 175.51393009 	 0 	 1 	 1 	 -1 
219.909		186.587 	 208.445802588 	 -177.148054931 	 1 	 0 	 1 	 1 
224.196		193.004 	 212.910841237 	 -166.24275765 	 0 	 0 	 1 	 -1 
231.16		199.107 	 252.236775554 	 -161.477218243 	 0 	 0 	 1 	 0 
240.57		204.791 	 232.37419039 	 -156.581908964 	 0 	 0 	 1 	 0 
252.146		210 	 264.782566845 	 -152.434289595 	 0 	 0 	 1 	 1 
240.57		215.209 	 238.523259944 	 -146.653939194 	 1 	 0 	 1 	 1 
231.161		220.893 	 236.707807908 	 -142.098949483 	 0 	 1 	 1 	 -1 
224.196		226.996 	 234.896281859 	 -132.385561391 	 0 	 0 	 1 	 -1 
219.909		233.413 	 211.671190699 	 -127.430033247 	 1 	 0 	 1 	 1 
218.461		240 	 235.821333494 	 -117.074294225 	 0 	 1 	 1 	 -1 
219.909		246.587 	 220.55375141 	 -107.799802848 	 1 	 0 	 1 	 1 
224.195		253.004 	 235.182704521 	 -108.710889486 	 0 	 0 	 1 	 0 
231.16		259.107 	 242.466033994 	 -99.2781474962 	 0 	 0 	 1 	 0 
240.57		264.791 	 261.964175303 	 -94.8123262543 	 1 	 1 	 1 	 0 
252.146		270 	 264.399542705 	 -92.2773224392 	 0 	 1 	 1 	 0 
240.57		275.209 	 253.297065318 	 -88.407779928 	 0 	 0 	 1 	 0 
231.16		280.893 	 228.772682575 	 -82.7405739446 	 1 	 1 	 1 	 1 
224.195		286.996 	 238.185245171 	 -74.3098870815 	 1 	 1 	 1 	 -1 
219.909		293.413 	 208.596478688 	 -68.7574759906 	 0 	 0 	 1 	 0 
218.461		300 	 212.639257356 	 -63.0380531078 	 1 	 0 	 1 	 1 
219.909		306.587 	 209.411836771 	 -55.2803048454 	 0 	 0 	 1 	 1 
224.196		313.004 	 232.370218977 	 -50.4325215589 	 1 	 1 	 1 	 1 
231.161		319.107 	 243.423127418 	 -42.4241256277 	 1 	 1 	 1 	 1 
240.57		324.791 	 253.850907072 	 -38.9691488927 	 1 	 1 	 1 	 1 
252.146		330 	 240.922244692 	 -27.1770181327 	 0 	 1 	 1 	 0 
265.601		334.715 	 267.646533673 	 -27.6884535977 	 1 	 1 	 1 	 0 
255.886		339.826 	 252.511217697 	 -23.1572891245 	 1 	 1 	 1 	 1 
248.348		345.295 	 239.406761169 	 -13.6387116095 	 0 	 1 	 1 	 0 
243.191		351.052 	 247.564204057 	 -13.497483319 	 1 	 1 	 1 	 1 
240.57		356.996 	 261.210743665 	 -3.77213693907 	 0 	 0 	 1 	 1 
240.57		3.00449 	 231.048664731 	 2.74204671596 	 0 	 0 	 1 	 -1 
243.191		8.94827 	 248.290338131 	 13.8330323291 	 1 	 0 	 1 	 0 
248.348		14.7047 	 250.480422277 	 12.351105995 	 1 	 1 	 1 	 -1 
255.886		20.1736 	 273.775742395 	 20.9748053342 	 0 	 0 	 1 	 -1 
265.601		25.285 	 281.57884136 	 24.4183738448 	 0 	 0 	 1 	 1 
277.258		30 	 281.703335795 	 32.444025806 	 1 	 0 	 1 	 0 
265.601		34.715 	 248.281203186 	 37.6374908878 	 0 	 1 	 1 	 -1 
255.887		39.8264 	 246.178492326 	 36.4036935715 	 0 	 1 	 1 	 0 
248.348		45.2953 	 241.636613348 	 44.0181320334 	 1 	 1 	 1 	 -1 
243.191		51.0517 	 243.75651709 	 46.7746524631 	 0 	 0 	 1 	 -1 
240.57		56.9955 	 225.030355419 	 59.6824370187 	 1 	 0 	 1 	 -1 
240.57		63.0045 	 260.33282966 	 64.3738000437 	 0 	 0 	 1 	 1 
243.191		68.9483 	 231.81765984 	 71.7053682877 	 0 	 0 	 1 	 -1 
248.348		74.7047 	 234.142635237 	 74.8392942347 	 0 	 0 	 1 	 1 
255.887		80.1736 	 270.067373075 	 78.9949277696 	 0 	 1 	 1 	 -1 
265.601		85.285 	 268.563197828 	 87.9582345121 	 0 	 1 	 1 	 -1 
277.257		90 	 267.893884924 	 87.8027486255 	 1 	 1 	 1 	 0 
265.601		94.715 	 275.544636926 	 97.715936158 	 1 	 1 	 1 	 -1 
255.887		99.8264 	 238.2500275 	 97.5123295504 	 1 	 0 	 1 	 1 
248.348		105.295 	 254.580010788 	 107.650433353 	 1 	 0 	 1 	 -1 
243.191		111.052 	 236.659468387 	 109.718786046 	 1 	 0 	 1 	 0 
240.57		116.996 	 238.437104033 	 113.296414451 	 0 	 0 	 1 	 -1 
240.57		123.005 	 234.652254407 	 126.516390474 	 0 	 0 	 1 	 0 
243.191		128.948 	 258.555591587 	 126.127679532 	 1 	 1 	 1 	 1 
248.348		134.705 	 254.152255939 	 138.778384922 	 1 	 0 	 1 	 1 
255.887		140.174 	 271.328320586 	 138.603396404 	 0 	 1 	 1 	 -1 
265.6		145.285 	 249.227456988 	 147.076003012 	 1 	 0 	 1 	 1 
277.257		150 	 268.369897237 	 148.553782182 	 0 	 0 	 1 	 1 
265.601		154.715 	 259.076688191 	 157.967770218 	 1 	 1 	 1 	 -1 
255.886		159.826 	 258.313023246 	 161.401264313 	 1 	 0 	 1 	 0 
248.348		165.295 	 247.65304473 	 167.881679252 	 0 	 0 	 1 	 1 
243.191		171.052 	 234.781046298 	 173.111294468 	 1 	 1 	 1 	 1 
240.57		176.996 	 253.862811352 	 173.738377415 	 1 	 1 	 1 	 0 
240.57		183.005 	 244.746704826 	 -174.282749945 	 1 	 0 	 1 	 0 
243.191		188.948 	 232.800395239 	 -171.168246697 	 0 	 1 	 1 	 0 
248.348		194.705 	 259.416584846 	 -161.863224112 	 1 	 1 	 1 	 -1 
255.886		200.174 	 256.854521303 	 -158.158767094 	 0 	 1 	 1 	 0 
265.601		205.285 	 264.694943383 	 -156.762409041 	 1 	 1 	 1 	 1 
277.258		210 	 269.172884935 	 -150.960219324 	 0 	 0 	 1 	 1 
265.6		214.715 	 283.256914976 	 -146.345110301 	 1 	 1 	 1 	 -1 
255.887		219.826 	 235.069317479 	 -139.869936731 	 0 	 1 	 1 	 0 
248.348		225.295 	 232.713328826 	 -132.911676253 	 0 	 0 	 1 	 0 
243.191		231.052 	 232.63164574 	 -128.457875825 	 0 	 1 	 1 	 1 
240.57		236.995 	 252.765319349 	 -125.615118813 	 1 	 0 	 1 	 1 
240.57		243.004 	 247.256196982 	 -116.158540911 	 0 	 1 	 1 	 1 
243.19		248.948 	 245.847782276 	 -115.214153178 	 1 	 0 	 1 	 -1 
248.348		254.705 	 255.583032225 	 -106.262095752 	 0 	 1 	 1 	 1 
255.886		260.174 	 275.200973131 	 -101.636096145 	 0 	 0 	 1 	 0 
265.601		265.285 	 250.579191361 	 -93.4591161476 	 1 	 1 	 1 	 -1 
277.258		270 	 294.227408312 	 -91.6642967848 	 0 	 0 	 1 	 -1 
265.601		274.715 	 267.219414049 	 -80.8458891861 	 1 	 1 	 1 	 0 
255.886		279.826 	 265.829576762 	 -80.1928815894 	 0 	 0 	 1 	 -1 
248.348		285.295 	 237.413498429 	 -75.5232849939 	 1 	 0 	 1 	 -1 
243.19		291.052 	 230.559789646 	 -69.3216578302 	 1 	 1 	 1 	 -1 
240.57		296.996 	 246.284210545 	 -66.1809558739 	 1 	 1 	 1 	 -1 
240.57		303.004 	 234.639783924 	 -53.61525559 	 0 	 0 	 1 	 -1 
243.191		308.948 	 252.793357149 	 -52.2636273999 	 0 	 1 	 1 	 0 
248.348		314.705 	 263.405447175 	 -42.7293276273 	 1 	 1 	 1 	 0 
255.886		320.174 	 265.894665466 	 -43.6771267396 	 1 	 0 	 1 	 -1 
265.6		325.285 	 281.873010723 	 -33.0022818314 	 1 	 0 	 1 	 0 
277.258		330 	 276.88498469 	 -27.5833929519 	 0 	 1 	 1 	 0 
290.619		334.307 	 269.908072748 	 -24.4065685927 	 0 	 0 	 1 	 0 
280.659		338.948 	 279.381928418 	 -18.3690480232 	 1 	 0 	 1 	 1 
272.656		343.898 	 267.451491323 	 -14.324053888 	 0 	 0 	 1 	 1 
266.79		349.107 	 277.516877775 	 -11.0137700964 	 1 	 0 	 1 	 -1 
263.206		354.504 	 252.495450964 	 -1.4736080523 	 0 	 1 	 1 	 -1 
262.001		0 	 267.256799508 	 -1.16687575415 	 1 	 0 	 1 	 -1 
263.206		5.49637 	 271.024652113 	 2.41052752169 	 1 	 1 	 1 	 0 
266.79		10.8934 	 278.752015461 	 12.6432594758 	 0 	 0 	 1 	 -1 
272.656		16.1021 	 266.985470455 	 17.982638301 	 0 	 1 	 1 	 -1 
280.659		21.0517 	 266.450539956 	 23.5332247364 	 1 	 0 	 1 	 0 
290.619		25.6934 	 292.328242615 	 22.5183289237 	 1 	 0 	 1 	 0 
302.34		30 	 296.820809232 	 26.6462649395 	 1 	 0 	 1 	 -1 
290.619		34.3066 	 291.142420409 	 38.6226233962 	 0 	 0 	 1 	 1 
280.659		38.9483 	 262.002421185 	 40.065525374 	 0 	 1 	 1 	 -1 
272.656		43.8979 	 274.541083471 	 40.9820356778 	 0 	 1 	 1 	 0 
266.789		49.1066 	 273.408939481 	 51.8676329281 	 0 	 1 	 1 	 -1 
263.206		54.5036 	 249.701184507 	 54.7483052121 	 0 	 1 	 1 	 -1 
262.001		60 	 264.086678014 	 57.915447285 	 0 	 1 	 1 	 -1 
263.206		65.4964 	 250.109790475 	 61.8415158374 	 0 	 0 	 1 	 -1 
266.79		70.8934 	 255.129322368 	 73.8256453704 	 0 	 1 	 1 	 0 
272.656		76.1021 	 268.263997682 	 80.7299147899 	 0 	 0 	 1 	 -1 
280.659		81.0517 	 272.395606189 	 79.2831423467 	 0 	 1 	 1 	 1 
290.619		85.6934 	 300.209874767 	 89.045619204 	 1 	 1 	 1 	 1 
302.34		90 	 282.485929685 	 89.0886253201 	 0 	 0 	 1 	 1 
290.619		94.3066 	 293.063750702 	 97.0143248941 	 1 	 1 	 1 	 0 
280.659		98.9483 	 270.662167769 	 101.309564149 	 0 	 1 	 1 	 -1 
272.655		103.898 	 279.18592648 	 102.998273127 	 0 	 0 	 1 	 0 
266.79		109.107 	 259.322810053 	 107.867745181 	 1 	 1 	 1 	 0 
263.206		114.504 	 280.186578246 	 114.654852116 	 1 	 0 	 1 	 0 
262		120 	 280.473275121 	 118.020764424 	 0 	 0 	 1 	 -1 
263.206		125.496 	 250.027765195 	 125.791968794 	 1 	 0 	 1 	 0 
266.79		130.893 	 253.691563157 	 133.037480417 	 1 	 0 	 1 	 -1 
272.655		136.102 	 279.313918804 	 135.017936939 	 0 	 1 	 1 	 1 
280.659		141.052 	 277.994724623 	 139.029601913 	 0 	 0 	 1 	 1 
290.619		145.693 	 307.765976528 	 147.669161123 	 0 	 0 	 1 	 0 
302.34		150 	 298.41040096 	 154.203635122 	 0 	 0 	 1 	 1 
290.619		154.307 	 297.753578988 	 157.701160122 	 0 	 0 	 1 	 1 
280.659		158.948 	 300.673241042 	 158.912129492 	 1 	 0 	 1 	 -1 
272.656		163.898 	 278.408202572 	 167.162814351 	 1 	 0 	 1 	 -1 
266.789		169.107 	 278.193765657 	 165.778404943 	 0 	 0 	 1 	 -1 
263.206		174.504 	 264.558347945 	 177.481991404 	 0 	 1 	 1 	 -1 
262.001		180 	 253.75067269 	 179.712893693 	 0 	 1 	 1 	 -1 
263.206		185.496 	 271.669786432 	 -174.445039029 	 0 	 0 	 1 	 1 
266.789		190.893 	 248.362552508 	 -171.614863553 	 1 	 0 	 1 	 0 
272.656		196.102 	 277.10177309 	 -166.988534921 	 0 	 1 	 1 	 0 
280.659		201.052 	 275.678574551 	 -155.906643516 	 0 	 1 	 1 	 -1 
290.619		205.693 	 284.032475616 	 -152.743053283 	 1 	 1 	 1 	 -1 
302.34		210 	 290.479642265 	 -148.126050266 	 0 	 1 	 1 	 0 
290.619		214.307 	 285.714333687 	 -147.039278067 	 1 	 0 	 1 	 0 
280.658		218.948 	 279.435996622 	 -136.511165523 	 0 	 0 	 1 	 0 
272.656		223.898 	 260.47200644 	 -134.094480885 	 1 	 0 	 1 	 0 
266.79		229.107 	 268.779819269 	 -127.061654014 	 0 	 0 	 1 	 0 
263.206		234.504 	 277.251179289 	 -128.371392593 	 1 	 1 	 1 	 0 
262		240 	 267.768921071 	 -118.962589178 	 0 	 0 	 1 	 0 
263.206		245.496 	 273.86992164 	 -112.927043042 	 1 	 1 	 1 	 1 
266.789		250.893 	 252.623813568 	 -111.376988388 	 0 	 0 	 1 	 0 
272.656		256.102 	 257.411030642 	 -100.868637855 	 1 	 0 	 1 	 -1 
280.659		261.052 	 288.937481027 	 -98.7329526195 	 1 	 1 	 1 	 -1 
290.62		265.693 	 294.852925488 	 -93.0451905691 	 1 	 0 	 1 	 1 
302.34		270 	 289.820406583 	 -87.8727581836 	 0 	 1 	 1 	 -1 
290.62		274.307 	 270.134994048 	 -84.5336021852 	 1 	 0 	 1 	 0 
280.659		278.948 	 260.741966889 	 -80.4301217169 	 1 	 0 	 1 	 0 
272.656		283.898 	 273.312650143 	 -73.2538777486 	 1 	 0 	 1 	 1 
266.789		289.107 	 259.080241072 	 -69.497821963 	 1 	 0 	 1 	 1 
263.206		294.504 	 250.942608642 	 -69.4706758126 	 1 	 1 	 1 	 1 
262		300 	 278.290850898 	 -58.4094138234 	 1 	 0 	 1 	 0 
263.206		305.496 	 278.244971874 	 -54.6478853305 	 0 	 1 	 1 	 0 
266.79		310.893 	 268.775423725 	 -51.5862124428 	 0 	 1 	 1 	 1 
272.656		316.102 	 263.819166453 	 -41.7249745334 	 1 	 0 	 1 	 1 
280.659		321.052 	 282.894358775 	 -37.2412476272 	 0 	 0 	 1 	 -1 
290.619		325.693 	 294.604787895 	 -35.6982499535 	 0 	 1 	 1 	 1 
302.34		330 	 298.095256145 	 -28.5423123663 	 0 	 0 	 1 	 1 
315.62		333.963 	 314.736506036 	 -24.3645668756 	 0 	 0 	 1 	 1 
305.457		338.213 	 301.947174875 	 -20.5315560999 	 1 	 0 	 1 	 0 
297.071		342.731 	 314.143818533 	 -17.7764838443 	 0 	 0 	 1 	 -1 
290.619		347.48 	 296.477029253 	 -8.71303935316 	 0 	 1 	 1 	 0 
286.236		352.411 	 272.915877958 	 -8.74575095739 	 1 	 0 	 1 	 0 
284.018		357.457 	 282.349451824 	 -0.156139321518 	 0 	 1 	 1 	 1 
284.018		2.54292 	 264.526486658 	 4.62244388544 	 1 	 0 	 1 	 1 
286.236		7.58909 	 273.902065129 	 11.028742039 	 1 	 0 	 1 	 -1 
290.619		12.5198 	 305.040614413 	 15.4455536152 	 0 	 1 	 1 	 -1 
297.071		17.2695 	 315.378101542 	 18.834704987 	 0 	 1 	 1 	 -1 
305.457		21.7868 	 307.207449081 	 24.38955418 	 1 	 0 	 1 	 -1 
315.62		26.0368 	 308.712181024 	 25.4692196579 	 0 	 1 	 1 	 -1 
327.39		30 	 320.0084097 	 28.9939754662 	 0 	 1 	 1 	 1 
305.457		38.2132 	 295.852798528 	 34.4034153412 	 0 	 1 	 1 	 0 
297.071		42.7305 	 285.979105505 	 44.2936902144 	 1 	 0 	 1 	 -1 
290.619		47.4802 	 294.426972656 	 44.7807458176 	 1 	 1 	 1 	 -1 
286.236		52.4109 	 278.392641967 	 49.0329612257 	 0 	 0 	 1 	 0 
284.018		57.4571 	 276.813574517 	 60.0956463344 	 1 	 1 	 1 	 1 
284.018		62.5429 	 305.056451832 	 62.7548936044 	 0 	 1 	 1 	 0 
286.236		67.5891 	 281.755295279 	 64.2838022437 	 1 	 0 	 1 	 -1 
290.619		72.5198 	 276.990016651 	 70.1238681996 	 0 	 1 	 1 	 1 
297.071		77.2695 	 298.708218165 	 75.4308873104 	 0 	 1 	 1 	 1 
305.457		81.7868 	 312.3185076 	 78.9546586475 	 0 	 1 	 1 	 1 
315.62		86.0368 	 330.639528821 	 88.9222244625 	 0 	 1 	 1 	 0 
327.39		90 	 328.682134894 	 87.6564893736 	 1 	 0 	 1 	 0 
315.62		93.9632 	 330.661137573 	 94.3890177301 	 1 	 1 	 1 	 1 
305.457		98.2132 	 290.251273805 	 96.8898080966 	 1 	 0 	 1 	 0 
297.071		102.731 	 290.797625149 	 103.544709238 	 0 	 0 	 1 	 0 
290.619		107.48 	 310.284769627 	 105.586075075 	 0 	 1 	 1 	 1 
286.236		112.411 	 301.07437155 	 111.579865194 	 1 	 0 	 1 	 0 
284.018		117.457 	 298.338836157 	 115.274164984 	 1 	 0 	 1 	 -1 
284.018		122.543 	 267.185409586 	 124.807250107 	 0 	 0 	 1 	 0 
286.236		127.589 	 283.461025215 	 124.776831567 	 1 	 0 	 1 	 -1 
290.62		132.52 	 288.208306452 	 128.457749573 	 1 	 1 	 1 	 0 
297.071		137.269 	 287.167885833 	 135.714308166 	 0 	 1 	 1 	 0 
305.457		141.787 	 306.82312641 	 144.708746955 	 0 	 1 	 1 	 -1 
315.62		146.037 	 312.330806843 	 143.274498423 	 1 	 1 	 1 	 0 
327.39		150 	 339.912894998 	 147.204566233 	 0 	 1 	 1 	 0 
315.619		153.963 	 320.748221989 	 155.804233159 	 0 	 1 	 1 	 1 
305.457		158.213 	 323.081872786 	 159.115095115 	 0 	 0 	 1 	 1 
297.071		162.731 	 305.873550386 	 165.842590744 	 1 	 1 	 1 	 -1 
290.62		167.48 	 301.554722092 	 171.075016128 	 1 	 1 	 1 	 0 
286.236		172.411 	 299.012443256 	 170.851174807 	 0 	 0 	 1 	 1 
284.019		177.457 	 289.644473761 	 175.423522218 	 1 	 1 	 1 	 -1 
284.019		182.543 	 278.058710783 	 178.333918921 	 0 	 1 	 1 	 1 
286.236		187.589 	 300.741410263 	 -172.13704932 	 1 	 1 	 1 	 0 
290.62		192.52 	 274.916296784 	 -166.121058807 	 0 	 0 	 1 	 1 
297.071		197.269 	 288.532503461 	 -165.493819459 	 0 	 0 	 1 	 1 
305.457		201.787 	 316.529405909 	 -158.782636628 	 1 	 0 	 1 	 1 
315.62		206.037 	 318.039235955 	 -157.775605317 	 1 	 1 	 1 	 1 
327.39		210 	 319.525861295 	 -150.927118483 	 0 	 0 	 1 	 -1 
315.62		213.963 	 323.37118407 	 -144.599693371 	 0 	 1 	 1 	 -1 
305.457		218.213 	 312.165923287 	 -140.100243977 	 0 	 0 	 1 	 1 
297.071		222.731 	 281.826992866 	 -134.310646305 	 1 	 0 	 1 	 -1 
290.619		227.48 	 297.312929592 	 -133.784621822 	 0 	 1 	 1 	 1 
286.236		232.411 	 301.976213013 	 -128.092987376 	 0 	 1 	 1 	 1 
284.018		237.457 	 266.526488356 	 -120.072590718 	 1 	 0 	 1 	 1 
284.019		242.543 	 290.223071603 	 -113.275675501 	 0 	 0 	 1 	 -1 
286.236		247.589 	 267.933780123 	 -112.211157185 	 1 	 1 	 1 	 0 
290.62		252.52 	 273.240348622 	 -104.654713719 	 0 	 0 	 1 	 0 
297.071		257.269 	 276.104088727 	 -102.223977373 	 1 	 1 	 1 	 1 
305.457		261.787 	 309.431120353 	 -100.485802315 	 0 	 0 	 1 	 0 
315.62		266.037 	 323.195782812 	 -96.1197615085 	 1 	 0 	 1 	 1 
327.39		270 	 309.194660485 	 -90.6771366291 	 1 	 1 	 1 	 0 
315.62		273.963 	 306.120414759 	 -89.6454365384 	 0 	 1 	 1 	 -1 
305.457		278.213 	 316.062022276 	 -80.4887949771 	 1 	 1 	 1 	 1 
297.071		282.731 	 283.277043989 	 -79.4846475639 	 0 	 0 	 1 	 -1 
290.62		287.48 	 294.947251961 	 -71.313443509 	 0 	 0 	 1 	 1 
286.236		292.411 	 295.560843821 	 -65.9976691659 	 0 	 0 	 1 	 0 
284.019		297.457 	 270.131067466 	 -64.2457038969 	 1 	 0 	 1 	 -1 
284.018		302.543 	 274.721443132 	 -56.6872020584 	 0 	 0 	 1 	 0 
286.236		307.589 	 304.894471906 	 -50.5815349328 	 0 	 1 	 1 	 0 
290.619		312.52 	 293.573745386 	 -45.3050675832 	 0 	 0 	 1 	 1 
297.071		317.269 	 290.913508443 	 -41.219588155 	 1 	 0 	 1 	 -1 
305.457		321.787 	 316.992449546 	 -37.876829475 	 1 	 1 	 1 	 0 
327.39		330 	 336.120135883 	 -32.622142585 	 1 	 1 	 1 	 -1 
340.597		333.67 	 323.366492773 	 -27.2514171355 	 1 	 1 	 1 	 1 
330.266		337.589 	 311.935024828 	 -20.7275989943 	 1 	 1 	 1 	 0 
321.56		341.742 	 323.162184948 	 -19.9310465714 	 1 	 1 	 1 	 1 
314.619		346.102 	 321.569310437 	 -13.1824192086 	 1 	 1 	 1 	 -1 
309.563		350.633 	 312.482749557 	 -11.2009679923 	 0 	 1 	 1 	 -1 
306.489		355.285 	 321.632115156 	 -2.8974339317 	 1 	 0 	 1 	 1 
305.457		0 	 288.440066176 	 -2.34063345294 	 1 	 0 	 1 	 0 
306.489		4.715 	 318.73127813 	 4.47464121568 	 1 	 1 	 1 	 0 
309.563		9.367 	 318.289885024 	 7.67149554988 	 0 	 0 	 1 	 0 
314.619		13.8979 	 322.092312507 	 14.516955789 	 0 	 1 	 1 	 1 
321.56		18.2585 	 313.997052646 	 17.8173160091 	 1 	 1 	 1 	 -1 
330.266		22.4109 	 331.549973967 	 24.9063391184 	 0 	 1 	 1 	 -1 
340.597		26.3295 	 337.782999707 	 28.0502136775 	 0 	 0 	 1 	 0 
352.406		30 	 365.311260148 	 29.3709269842 	 0 	 1 	 1 	 -1 
340.597		33.6705 	 353.118160004 	 32.6542532606 	 0 	 1 	 1 	 -1 
330.266		37.5891 	 314.876533501 	 35.0749572231 	 1 	 0 	 1 	 0 
321.56		41.7415 	 329.228454047 	 40.4872111578 	 1 	 0 	 1 	 -1 
314.619		46.1021 	 313.347787765 	 47.5897021206 	 1 	 0 	 1 	 0 
309.563		50.633 	 320.991223075 	 50.2113283284 	 1 	 1 	 1 	 -1 
306.489		55.285 	 313.860851913 	 53.2859252868 	 0 	 0 	 1 	 -1 
305.457		60 	 324.924617978 	 59.0990794315 	 0 	 0 	 1 	 1 
306.489		64.715 	 298.324901461 	 68.2402558911 	 0 	 1 	 1 	 -1 
309.563		69.367 	 300.268533422 	 69.0782120679 	 0 	 1 	 1 	 -1 
314.619		73.8979 	 311.863544121 	 70.4783295033 	 0 	 0 	 1 	 0 
321.56		78.2585 	 320.761621276 	 80.6034760121 	 0 	 0 	 1 	 1 
330.266		82.4109 	 342.981466571 	 79.6505500822 	 1 	 1 	 1 	 -1 
340.597		86.3295 	 325.635553496 	 86.0825742621 	 0 	 1 	 1 	 0 
352.406		90 	 363.293828644 	 89.2915028709 	 1 	 1 	 1 	 0 
340.597		93.6705 	 334.519534046 	 91.6353082213 	 1 	 1 	 1 	 0 
330.266		97.5891 	 339.508062865 	 98.3827815548 	 1 	 1 	 1 	 -1 
321.56		101.742 	 324.202330717 	 103.092178305 	 0 	 1 	 1 	 0 
314.619		106.102 	 306.48542754 	 104.091854731 	 1 	 0 	 1 	 -1 
309.563		110.633 	 301.689610149 	 109.153661661 	 0 	 0 	 1 	 1 
306.489		115.285 	 316.82298245 	 115.745228824 	 1 	 0 	 1 	 1 
305.457		120 	 299.510374129 	 122.136832935 	 0 	 1 	 1 	 1 
306.489		124.715 	 292.926870985 	 123.216952399 	 0 	 0 	 1 	 -1 
309.563		129.367 	 304.52020762 	 133.201599936 	 1 	 1 	 1 	 1 
314.619		133.898 	 334.20864707 	 133.023463493 	 0 	 1 	 1 	 0 
321.56		138.258 	 330.835447361 	 140.55099206 	 0 	 1 	 1 	 1 
330.266		142.411 	 324.189745686 	 140.82541696 	 0 	 0 	 1 	 0 
340.597		146.329 	 334.318628014 	 145.657327005 	 0 	 0 	 1 	 0 
352.406		150 	 361.253029431 	 148.597984657 	 1 	 1 	 1 	 0 
340.597		153.671 	 361.749098806 	 152.987763646 	 1 	 0 	 1 	 0 
330.266		157.589 	 346.297784397 	 159.351080778 	 1 	 1 	 1 	 0 
321.561		161.742 	 334.352383817 	 162.239615509 	 0 	 1 	 1 	 1 
314.618		166.102 	 329.223290462 	 165.836666088 	 1 	 1 	 1 	 -1 
309.563		170.633 	 293.530991999 	 169.173340831 	 1 	 0 	 1 	 0 
306.488		175.285 	 292.857627708 	 171.989317298 	 0 	 1 	 1 	 1 
305.457		180 	 285.483438445 	 -178.124274775 	 0 	 0 	 1 	 0 
306.488		184.715 	 303.797490655 	 -171.63513781 	 1 	 1 	 1 	 1 
309.563		189.367 	 302.32051472 	 -169.082729172 	 1 	 1 	 1 	 -1 
314.618		193.898 	 309.115328652 	 -168.898384472 	 0 	 0 	 1 	 -1 
321.561		198.258 	 319.465640329 	 -160.162423681 	 0 	 1 	 1 	 1 
330.266		202.411 	 323.715867332 	 -158.868413244 	 0 	 0 	 1 	 0 
340.597		206.329 	 340.081609191 	 -150.063783295 	 0 	 1 	 1 	 -1 
352.406		210 	 361.75841224 	 -148.60708966 	 1 	 1 	 1 	 1 
330.266		217.589 	 346.711864168 	 -141.250401747 	 1 	 1 	 1 	 0 
321.56		221.742 	 339.252570181 	 -136.987120508 	 0 	 0 	 1 	 1 
314.619		226.102 	 326.290976255 	 -132.264829187 	 1 	 0 	 1 	 0 
309.563		230.633 	 327.625354103 	 -128.576481131 	 1 	 1 	 1 	 0 
306.489		235.285 	 306.63534641 	 -126.556063624 	 1 	 1 	 1 	 1 
305.456		240 	 299.723931392 	 -116.638423274 	 1 	 1 	 1 	 -1 
306.488		244.715 	 322.521155194 	 -117.334600356 	 1 	 0 	 1 	 1 
309.563		249.367 	 322.046547472 	 -111.553503349 	 1 	 1 	 1 	 -1 
314.619		253.898 	 332.814689661 	 -107.773460382 	 1 	 0 	 1 	 -1 
321.56		258.258 	 321.675220953 	 -103.786392152 	 1 	 1 	 1 	 1 
330.266		262.411 	 343.407403912 	 -95.3339672333 	 0 	 0 	 1 	 -1 
340.597		266.33 	 361.824241123 	 -93.4679182895 	 0 	 1 	 1 	 1 
340.597		273.671 	 353.464939121 	 -83.9147600282 	 1 	 0 	 1 	 -1 
330.266		277.589 	 333.19925666 	 -79.2193760753 	 1 	 0 	 1 	 -1 
321.56		281.742 	 328.901007262 	 -79.1563788015 	 0 	 1 	 1 	 1 
314.619		286.102 	 301.998012816 	 -71.4981260885 	 1 	 0 	 1 	 -1 
309.563		290.633 	 299.292837181 	 -69.4310317072 	 1 	 0 	 1 	 -1 
306.488		295.285 	 309.844470322 	 -63.4031220471 	 1 	 0 	 1 	 1 
305.457		300 	 317.749762496 	 -60.2218298061 	 1 	 1 	 1 	 1 
306.489		304.715 	 287.821960951 	 -54.0054838082 	 1 	 0 	 1 	 -1 
309.563		309.367 	 303.987523197 	 -49.0428392717 	 1 	 1 	 1 	 0 
314.619		313.898 	 294.601061659 	 -47.015865913 	 0 	 0 	 1 	 0 
321.56		318.258 	 331.386095075 	 -42.6245140525 	 1 	 0 	 1 	 0 
330.266		322.411 	 332.374118204 	 -35.5025671281 	 0 	 1 	 1 	 1 
340.597		326.33 	 342.520135939 	 -37.0239861382 	 0 	 1 	 1 	 0 
352.406		330 	 346.220033533 	 -29.1839615331 	 1 	 0 	 1 	 1 
365.546		333.418 	 356.538373771 	 -26.8729311906 	 0 	 1 	 1 	 0 
355.074		337.053 	 338.850776488 	 -21.8895183404 	 0 	 0 	 1 	 0 
346.099		340.893 	 353.153828789 	 -20.3167740273 	 0 	 0 	 1 	 1 
338.742		344.921 	 337.659183008 	 -16.3658226699 	 0 	 0 	 1 	 1 
333.116		349.107 	 340.661665858 	 -9.74167201291 	 1 	 1 	 1 	 0 
329.31		353.413 	 336.849392777 	 -3.28708805229 	 1 	 0 	 1 	 -1 
327.39		357.796 	 317.445521417 	 0.184311184677 	 0 	 1 	 1 	 1 
327.39		2.20423 	 335.968959316 	 -0.857959016736 	 1 	 1 	 1 	 1 
329.31		6.58678 	 308.802257927 	 6.57473333345 	 1 	 0 	 1 	 1 
333.116		10.8934 	 333.966804125 	 8.05264213436 	 1 	 1 	 1 	 -1 
338.742		15.0791 	 322.552829947 	 15.0150148668 	 0 	 1 	 1 	 1 
346.099		19.1066 	 354.802678429 	 17.7993441883 	 0 	 0 	 1 	 0 
355.074		22.9473 	 352.932573001 	 20.7403490363 	 1 	 0 	 1 	 1 
365.546		26.582 	 377.616100275 	 26.1588080168 	 1 	 0 	 1 	 -1 
377.385		30 	 387.423297888 	 29.8492790263 	 1 	 1 	 1 	 0 
365.546		33.418 	 383.286228384 	 35.1684798564 	 0 	 0 	 1 	 0 
355.074		37.0527 	 341.646293881 	 38.564370385 	 1 	 0 	 1 	 -1 
346.099		40.8934 	 345.421949719 	 43.3102028745 	 0 	 1 	 1 	 0 
338.743		44.9209 	 346.408199463 	 45.8659151449 	 1 	 0 	 1 	 -1 
333.116		49.1066 	 345.721611608 	 49.5869334028 	 1 	 0 	 1 	 1 
329.31		53.4132 	 321.236528714 	 52.3345103889 	 1 	 0 	 1 	 -1 
327.39		57.7958 	 329.842367311 	 61.6279599587 	 0 	 1 	 1 	 -1 
327.39		62.2042 	 346.529706043 	 63.5250769457 	 1 	 0 	 1 	 0 
329.31		66.5868 	 320.171452668 	 63.0216348918 	 0 	 1 	 1 	 -1 
333.116		70.8934 	 322.266727777 	 68.9803369621 	 1 	 1 	 1 	 0 
338.742		75.0791 	 326.338034086 	 74.1905977498 	 0 	 1 	 1 	 -1 
346.099		79.1066 	 338.686164673 	 80.253127484 	 0 	 1 	 1 	 -1 
355.074		82.9473 	 343.351083491 	 81.2791358402 	 1 	 1 	 1 	 -1 
