25.2587		30 	 95.3045967323 	 332.313971896 	 1 	 1 	 1 	 1 
25.2587		90 	 92.4106589179 	 248.579250487 	 0 	 1 	 1 	 0 
25.2587		150 	 54.3810910727 	 303.42932813 	 1 	 0 	 1 	 1 
25.2587		210 	 61.7694445528 	 213.464264239 	 1 	 1 	 1 	 -1 
25.2587		270 	 35.4567552786 	 225.577634637 	 1 	 0 	 1 	 0 
43.7478		0 	 38.1339515547 	 206.964535282 	 0 	 1 	 1 	 0 
50.5147		30 	 44.5018416239 	 295.060874625 	 0 	 1 	 1 	 0 
43.7478		60 	 7.96388145355 	 172.634533376 	 1 	 1 	 1 	 1 
50.5147		90 	 31.7932092952 	 197.230784894 	 1 	 0 	 1 	 1 
43.7478		120 	 114.077576803 	 139.200330124 	 1 	 0 	 1 	 0 
50.5147		150 	 28.817357216 	 220.463665827 	 1 	 1 	 1 	 0 
43.7478		180 	 23.6607138921 	 178.195909574 	 0 	 1 	 1 	 -1 
50.5147		210 	 73.9335192557 	 277.395079377 	 1 	 0 	 1 	 -1 
43.7478		240 	 49.6072017493 	 182.279462902 	 1 	 1 	 1 	 -1 
43.7478		300 	 73.8865118973 	 274.926232907 	 1 	 1 	 1 	 0 
50.5148		330 	 28.4047986801 	 202.193287497 	 1 	 0 	 1 	 0 
66.8212		349.107 	 34.1139399527 	 165.732951331 	 0 	 1 	 1 	 -1 
66.8212		10.8934 	 24.5363652046 	 144.195010609 	 0 	 0 	 1 	 -1 
75.7654		30 	 11.5113825693 	 180.587965501 	 1 	 0 	 1 	 0 
66.8212		49.1066 	 130.641611725 	 201.209631852 	 0 	 0 	 1 	 0 
66.8212		70.8934 	 59.4472054099 	 155.109858231 	 1 	 0 	 1 	 1 
75.7654		90 	 63.1396427876 	 255.649220463 	 0 	 0 	 1 	 1 
66.8212		109.107 	 71.2714140575 	 273.297426921 	 1 	 0 	 1 	 1 
66.8212		130.893 	 51.9076986221 	 197.527699253 	 1 	 1 	 1 	 -1 
75.7654		150 	 125.796422282 	 265.961922074 	 1 	 1 	 1 	 0 
66.8212		169.107 	 54.1491821026 	 241.139408218 	 0 	 1 	 1 	 0 
66.8212		190.893 	 51.5706138706 	 225.237616768 	 0 	 1 	 1 	 1 
66.8212		229.107 	 89.9777804727 	 295.398730575 	 0 	 1 	 1 	 -1 
66.8212		250.893 	 23.4888732869 	 228.881416569 	 0 	 1 	 1 	 -1 
75.7654		270 	 20.5817016729 	 210.294892334 	 0 	 1 	 1 	 -1 
66.8212		289.107 	 32.6258586123 	 149.294845347 	 1 	 0 	 1 	 0 
66.8212		310.893 	 27.3647684646 	 161.661811687 	 1 	 1 	 1 	 -1 
75.7654		330 	 20.5319924766 	 152.996057763 	 0 	 1 	 1 	 1 
91.0523		343.898 	 31.9427903809 	 225.422424602 	 0 	 1 	 1 	 -1 
87.4818		0 	 117.371525559 	 289.359937939 	 0 	 0 	 1 	 1 
91.0523		16.1021 	 66.3078462024 	 234.057621089 	 1 	 1 	 1 	 -1 
101.008		30 	 24.8680963669 	 105.194202663 	 1 	 0 	 1 	 1 
91.0523		43.8979 	 39.1103575704 	 294.605733533 	 1 	 0 	 1 	 0 
87.4818		60 	 68.8331870376 	 270.123436844 	 0 	 0 	 1 	 0 
91.0523		76.1021 	 52.9845703922 	 210.370249163 	 1 	 0 	 1 	 -1 
91.0523		103.898 	 27.368026472 	 223.572799392 	 1 	 0 	 1 	 -1 
87.4818		120 	 34.1451667421 	 198.032104319 	 0 	 0 	 1 	 0 
91.0523		136.102 	 55.463228324 	 251.747225109 	 0 	 1 	 1 	 -1 
91.0523		163.898 	 41.4604801641 	 71.5150219162 	 0 	 0 	 1 	 0 
87.4818		180 	 64.1826868288 	 207.847305348 	 0 	 0 	 1 	 0 
91.0523		196.102 	 67.1617636918 	 183.926157011 	 1 	 0 	 1 	 0 
101.008		210 	 40.8417831042 	 325.595557667 	 0 	 1 	 1 	 -1 
91.0523		223.898 	 41.277273121 	 302.138609723 	 1 	 0 	 1 	 -1 
87.4818		240 	 24.5663081278 	 219.976206175 	 0 	 0 	 1 	 0 
91.0523		256.102 	 30.3158875351 	 192.180159171 	 1 	 0 	 1 	 0 
101.008		270 	 49.7610167841 	 212.013472658 	 1 	 1 	 1 	 -1 
91.0523		283.898 	 47.7880789473 	 30.2053632898 	 0 	 1 	 1 	 1 
87.4817		300 	 39.4745585665 	 240.799912125 	 0 	 1 	 1 	 0 
91.0523		316.102 	 15.0275323742 	 307.001808475 	 1 	 0 	 1 	 1 
101.008		330 	 28.7350882129 	 200.187029873 	 0 	 0 	 1 	 1 
115.709		340.893 	 74.0044456991 	 210.053083057 	 0 	 0 	 1 	 0 
110.065		353.413 	 17.4067679264 	 316.126299306 	 0 	 0 	 1 	 0 
110.065		6.58677 	 41.5027142262 	 2.64418227055 	 0 	 0 	 1 	 1 
115.709		19.1066 	 102.118838575 	 293.584462918 	 1 	 0 	 1 	 1 
126.24		30 	 34.5817749176 	 296.347235839 	 1 	 0 	 1 	 -1 
115.709		40.8934 	 31.9698725783 	 261.214541984 	 1 	 1 	 1 	 -1 
110.065		53.4132 	 70.1329645012 	 122.18830818 	 0 	 1 	 1 	 1 
110.065		66.5868 	 30.771977855 	 227.144834686 	 1 	 1 	 1 	 0 
115.709		79.1066 	 86.2805271969 	 192.999054215 	 0 	 0 	 1 	 0 
126.24		90 	 21.0074740708 	 196.948825947 	 0 	 1 	 1 	 -1 
115.709		100.893 	 40.6139788863 	 259.329192202 	 1 	 0 	 1 	 -1 
110.065		113.413 	 27.5820573032 	 225.289893249 	 1 	 1 	 1 	 1 
110.065		126.587 	 28.1360227185 	 265.495057199 	 0 	 1 	 1 	 -1 
115.709		139.107 	 55.9745422824 	 287.310398078 	 1 	 0 	 1 	 -1 
126.24		150 	 50.0912284409 	 256.660560561 	 0 	 0 	 1 	 -1 
115.709		160.893 	 41.0740028145 	 166.82515346 	 1 	 1 	 1 	 0 
110.066		173.413 	 31.9665873663 	 234.384985009 	 1 	 0 	 1 	 0 
110.066		186.587 	 126.357831875 	 184.958144688 	 0 	 0 	 1 	 1 
115.709		199.107 	 103.415713427 	 195.356871734 	 1 	 1 	 1 	 -1 
126.24		210 	 66.9984049399 	 151.923275959 	 0 	 0 	 1 	 0 
115.709		220.893 	 89.2927371051 	 280.314693338 	 1 	 1 	 1 	 1 
110.065		233.413 	 43.5866667755 	 242.459399072 	 1 	 0 	 1 	 1 
110.065		246.587 	 19.2245313378 	 194.31268231 	 1 	 0 	 1 	 -1 
115.709		259.107 	 36.7749979622 	 181.373263869 	 0 	 0 	 1 	 -1 
126.24		270 	 71.8663837214 	 157.535653343 	 0 	 0 	 1 	 0 
115.709		280.893 	 64.8633150691 	 240.681762181 	 0 	 0 	 1 	 -1 
110.065		293.413 	 89.7136358207 	 234.603942078 	 1 	 0 	 1 	 -1 
110.065		306.587 	 176.577246844 	 194.509752517 	 0 	 1 	 1 	 0 
115.709		319.107 	 8.36114057162 	 5.66947242136 	 1 	 1 	 1 	 -1 
126.24		330 	 43.275000815 	 252.079715209 	 0 	 0 	 1 	 -1 
140.56		338.948 	 6.23616436897 	 326.882343351 	 1 	 0 	 1 	 0 
133.593		349.107 	 32.4480352882 	 257.710376336 	 1 	 0 	 1 	 -1 
131.188		0 	 34.3519221465 	 222.9450219 	 0 	 0 	 1 	 1 
133.593		10.8934 	 52.2520155323 	 160.563837348 	 0 	 0 	 1 	 0 
140.56		21.0517 	 20.8377307174 	 354.396661988 	 1 	 1 	 1 	 1 
151.459		30 	 20.1389261602 	 185.443398201 	 1 	 0 	 1 	 1 
140.56		38.9483 	 32.5918803474 	 248.367568059 	 1 	 0 	 1 	 0 
133.593		49.1066 	 24.1746017961 	 200.672250072 	 0 	 0 	 1 	 -1 
131.188		60 	 46.6174351071 	 225.242964715 	 0 	 1 	 1 	 0 
133.593		70.8934 	 9.56164147338 	 42.7715906859 	 0 	 0 	 1 	 0 
140.56		81.0517 	 62.4695173267 	 277.561981559 	 1 	 1 	 1 	 -1 
151.459		90 	 31.8000939203 	 228.783758664 	 0 	 0 	 1 	 0 
140.56		98.9483 	 33.214206769 	 256.906425457 	 0 	 0 	 1 	 0 
133.593		109.107 	 54.7221331628 	 194.67793265 	 1 	 1 	 1 	 1 
131.188		120 	 17.7654635566 	 0.123762554094 	 0 	 0 	 1 	 0 
133.593		130.893 	 58.1820960005 	 96.3495463378 	 1 	 0 	 1 	 1 
140.56		141.052 	 69.5239804621 	 311.030732242 	 0 	 0 	 1 	 1 
151.459		150 	 48.9367209921 	 230.79710232 	 0 	 1 	 1 	 -1 
140.56		158.948 	 27.99940418 	 262.117998331 	 0 	 0 	 1 	 0 
133.593		169.107 	 46.4368685077 	 103.091987083 	 1 	 1 	 1 	 -1 
131.188		180 	 90.2753970022 	 237.85904446 	 1 	 1 	 1 	 1 
133.593		190.893 	 31.972060647 	 116.702317556 	 0 	 1 	 1 	 1 
140.56		201.052 	 50.9894276255 	 303.613625386 	 1 	 1 	 1 	 1 
151.459		210 	 51.8705205686 	 236.137052211 	 1 	 1 	 1 	 -1 
140.56		218.948 	 37.8569939966 	 156.383744431 	 1 	 0 	 1 	 -1 
133.593		229.107 	 56.1119422175 	 27.0262308862 	 0 	 0 	 1 	 0 
131.188		240 	 28.6972952237 	 212.58404134 	 1 	 1 	 1 	 0 
133.592		250.893 	 30.1159439299 	 310.616187483 	 0 	 0 	 1 	 1 
140.56		261.052 	 23.3053200516 	 172.891781896 	 0 	 1 	 1 	 -1 
151.459		270 	 57.6057933668 	 252.381894657 	 1 	 0 	 1 	 0 
140.56		278.948 	 27.2036088416 	 219.5160001 	 0 	 0 	 1 	 -1 
133.592		289.107 	 147.274933683 	 10.3532552953 	 1 	 1 	 1 	 0 
131.188		300 	 139.710580542 	 194.434450968 	 0 	 0 	 1 	 -1 
133.593		310.893 	 84.4359468862 	 251.080978658 	 1 	 1 	 1 	 0 
140.56		321.052 	 81.8831788491 	 78.6744536574 	 1 	 1 	 1 	 1 
151.459		330 	 93.1350207987 	 214.818470814 	 1 	 1 	 1 	 1 
165.51		337.589 	 25.9439372067 	 184.337860031 	 0 	 1 	 1 	 -1 
157.635		346.102 	 27.0872228798 	 223.544041005 	 1 	 1 	 1 	 -1 
153.545		355.285 	 57.1287217353 	 231.785049841 	 0 	 0 	 1 	 1 
153.545		4.715 	 50.221171923 	 260.761001647 	 0 	 1 	 1 	 1 
157.635		13.8979 	 65.9241862297 	 228.956911839 	 0 	 0 	 1 	 -1 
165.51		22.4109 	 34.0924312029 	 231.274011332 	 0 	 0 	 1 	 0 
176.661		30 	 38.4214486513 	 187.304245291 	 0 	 1 	 1 	 1 
165.51		37.5891 	 28.8499104935 	 223.296288578 	 0 	 1 	 1 	 -1 
157.635		46.1021 	 32.6605596063 	 327.421515384 	 0 	 1 	 1 	 0 
153.545		55.285 	 22.4379594584 	 212.106827288 	 1 	 1 	 1 	 -1 
153.545		64.715 	 112.093739693 	 247.5119506 	 0 	 0 	 1 	 -1 
157.635		73.8979 	 73.5077603116 	 189.639078008 	 0 	 1 	 1 	 -1 
165.51		82.4109 	 27.9382981606 	 224.48366501 	 1 	 1 	 1 	 1 
176.661		90 	 67.429064031 	 309.434239089 	 0 	 0 	 1 	 1 
165.51		97.5891 	 62.9345270099 	 263.454780558 	 1 	 1 	 1 	 -1 
157.635		106.102 	 67.7246125388 	 304.289045648 	 1 	 1 	 1 	 -1 
153.545		115.285 	 19.1396221075 	 135.827062857 	 0 	 1 	 1 	 0 
153.545		124.715 	 7.77458835538 	 328.70588695 	 0 	 1 	 1 	 0 
157.635		133.898 	 48.402515857 	 158.573744846 	 0 	 0 	 1 	 -1 
165.51		142.411 	 30.2856442316 	 266.018160171 	 0 	 0 	 1 	 0 
176.661		150 	 54.3803865732 	 226.769209561 	 0 	 1 	 1 	 1 
165.509		157.589 	 108.718816057 	 169.431632491 	 0 	 0 	 1 	 1 
157.635		166.102 	 118.930011919 	 226.478207999 	 1 	 0 	 1 	 -1 
153.546		175.285 	 70.5378480715 	 41.4828194908 	 0 	 0 	 1 	 -1 
153.546		184.715 	 25.7788382854 	 176.265401433 	 1 	 1 	 1 	 -1 
157.635		193.898 	 18.6516382999 	 275.957466075 	 0 	 1 	 1 	 1 
165.509		202.411 	 39.2601365856 	 49.6566188894 	 1 	 0 	 1 	 1 
165.51		217.589 	 59.7493883427 	 103.699465322 	 1 	 1 	 1 	 1 
157.635		226.102 	 37.9093712889 	 217.213049469 	 1 	 0 	 1 	 1 
153.545		235.285 	 50.3263634573 	 230.996128139 	 0 	 0 	 1 	 -1 
153.545		244.715 	 60.1324115935 	 308.804016049 	 0 	 1 	 1 	 -1 
157.635		253.898 	 34.580699071 	 205.570254807 	 0 	 1 	 1 	 -1 
165.51		262.411 	 73.3006482419 	 149.506694012 	 0 	 0 	 1 	 0 
176.661		270 	 33.4887757845 	 162.343249586 	 1 	 1 	 1 	 0 
165.51		277.589 	 41.3824660517 	 176.369389773 	 1 	 1 	 1 	 0 
157.635		286.102 	 28.0289702591 	 154.545273978 	 0 	 0 	 1 	 0 
153.545		295.285 	 25.757516722 	 211.557415125 	 0 	 0 	 1 	 -1 
153.545		304.715 	 45.6982955356 	 214.232056302 	 0 	 1 	 1 	 0 
157.635		313.898 	 16.0740219946 	 189.661187186 	 0 	 1 	 1 	 -1 
165.51		322.411 	 36.354355347 	 309.648795269 	 1 	 0 	 1 	 1 
176.661		330 	 27.6304383366 	 225.520748903 	 0 	 1 	 1 	 1 
190.511		336.587 	 25.2467167912 	 258.585456462 	 0 	 1 	 1 	 0 
181.979		343.898 	 26.7018988089 	 217.938553739 	 0 	 1 	 1 	 0 
176.661		351.787 	 15.6933471638 	 215.400789331 	 0 	 0 	 1 	 -1 
174.852		0 	 17.1759917264 	 335.119608433 	 1 	 1 	 1 	 -1 
176.661		8.21321 	 35.2927451272 	 216.802080405 	 0 	 0 	 1 	 -1 
181.979		16.1021 	 20.6468468863 	 64.0670282093 	 1 	 0 	 1 	 0 
190.511		23.4132 	 63.7576902624 	 252.689817778 	 0 	 0 	 1 	 1 
201.845		30 	 27.2540566832 	 226.40403543 	 0 	 0 	 1 	 -1 
181.979		43.8979 	 27.6537235588 	 20.4927454127 	 0 	 0 	 1 	 0 
176.661		51.7868 	 48.5535864861 	 191.188073583 	 0 	 0 	 1 	 1 
174.852		60 	 56.1561122603 	 278.025659683 	 0 	 1 	 1 	 0 
176.661		68.2132 	 71.129383798 	 197.61186518 	 1 	 1 	 1 	 0 
181.979		76.1021 	 51.1618977199 	 198.890457585 	 0 	 1 	 1 	 0 
190.511		83.4132 	 90.9480343337 	 227.247280429 	 1 	 1 	 1 	 1 
201.845		90 	 24.907645941 	 238.659820391 	 0 	 1 	 1 	 1 
190.511		96.5868 	 60.2239922878 	 192.88798873 	 0 	 0 	 1 	 1 
181.979		103.898 	 27.7612377213 	 225.25119477 	 1 	 1 	 1 	 0 
176.661		111.787 	 14.198874665 	 213.058816479 	 0 	 1 	 1 	 -1 
174.852		120 	 34.0133511384 	 132.833871701 	 0 	 0 	 1 	 0 
176.661		128.213 	 36.3934367817 	 206.537689448 	 0 	 0 	 1 	 1 
181.979		136.102 	 59.6648146434 	 162.75485086 	 0 	 1 	 1 	 1 
190.51		143.413 	 81.6876093384 	 236.544445571 	 1 	 1 	 1 	 0 
201.845		150 	 30.6089495349 	 224.763513111 	 0 	 0 	 1 	 0 
190.511		156.587 	 75.7633184631 	 223.365715393 	 0 	 0 	 1 	 1 
181.979		163.898 	 50.6649293597 	 252.930382704 	 1 	 0 	 1 	 1 
176.661		171.787 	 11.3619898175 	 231.629422231 	 1 	 1 	 1 	 -1 
174.852		180 	 39.5342970945 	 10.2715127804 	 1 	 0 	 1 	 0 
176.661		188.213 	 38.0325794715 	 172.964809767 	 1 	 0 	 1 	 -1 
181.979		196.102 	 37.3925392051 	 240.147958892 	 0 	 0 	 1 	 0 
190.511		203.413 	 41.6978819765 	 28.8788015554 	 0 	 0 	 1 	 0 
201.845		210 	 32.4660826819 	 229.246768117 	 0 	 1 	 1 	 0 
190.51		216.587 	 63.1038560557 	 288.512725868 	 0 	 1 	 1 	 1 
181.979		223.898 	 80.0280169549 	 229.486515635 	 1 	 0 	 1 	 1 
176.661		231.787 	 8.17857111511 	 152.086063463 	 1 	 0 	 1 	 1 
174.853		240 	 45.9504990114 	 183.070218681 	 0 	 0 	 1 	 1 
176.662		248.213 	 85.3554122863 	 75.4302198977 	 0 	 0 	 1 	 1 
181.979		256.102 	 23.0381724565 	 264.142680582 	 1 	 1 	 1 	 0 
190.511		263.413 	 116.491712834 	 212.608975685 	 1 	 1 	 1 	 0 
190.511		276.587 	 39.4749138192 	 144.689784017 	 1 	 0 	 1 	 -1 
181.979		283.898 	 66.4227656276 	 238.888229109 	 1 	 1 	 1 	 -1 
176.662		291.787 	 32.7246648806 	 187.707376935 	 1 	 0 	 1 	 1 
174.853		300 	 28.3619115006 	 102.181216182 	 1 	 0 	 1 	 0 
176.661		308.213 	 81.3086447881 	 258.109251081 	 1 	 1 	 1 	 0 
181.979		316.102 	 52.2010089993 	 180.313493062 	 0 	 1 	 1 	 0 
190.511		323.413 	 40.1306269861 	 260.16863988 	 0 	 1 	 1 	 0 
201.845		330 	 53.7872732186 	 247.776084117 	 1 	 1 	 1 	 -1 
215.536		335.818 	 111.219393522 	 238.095703988 	 1 	 0 	 1 	 1 
206.511		342.216 	 29.9892495328 	 283.967526151 	 1 	 0 	 1 	 -1 
200.265		349.107 	 33.2581486261 	 223.001987769 	 1 	 0 	 1 	 1 
197.068		356.329 	 55.5249752135 	 222.403888747 	 1 	 1 	 1 	 -1 
197.068		3.6705 	 28.23681572 	 228.025402163 	 1 	 1 	 1 	 -1 
200.265		10.8934 	 52.7873378039 	 214.735498111 	 1 	 0 	 1 	 1 
206.511		17.7836 	 38.6695480788 	 266.529203883 	 0 	 0 	 1 	 1 
215.536		24.1825 	 82.504325314 	 191.606567927 	 0 	 0 	 1 	 0 
227.007		30 	 28.3455707416 	 136.571549627 	 1 	 0 	 1 	 -1 
215.536		35.8175 	 93.8742219716 	 22.2924011093 	 0 	 0 	 1 	 0 
206.511		42.2164 	 12.0423455839 	 7.31558555108 	 0 	 0 	 1 	 1 
200.265		49.1066 	 37.3723172164 	 231.683557027 	 0 	 0 	 1 	 1 
197.068		56.3295 	 11.4736211121 	 172.774724365 	 1 	 0 	 1 	 0 
197.068		63.6705 	 53.2895141904 	 129.373077911 	 1 	 1 	 1 	 -1 
200.265		70.8934 	 47.2709851964 	 328.514200766 	 1 	 0 	 1 	 0 
206.511		77.7836 	 31.2426047174 	 189.488559615 	 0 	 0 	 1 	 1 
215.536		84.1825 	 35.5145449145 	 189.422352949 	 0 	 0 	 1 	 -1 
227.007		90 	 82.599793051 	 216.002625573 	 1 	 1 	 1 	 0 
215.536		95.8175 	 35.9093890139 	 208.428573531 	 0 	 0 	 1 	 0 
206.511		102.216 	 51.8950255387 	 303.942209295 	 1 	 1 	 1 	 -1 
200.265		109.107 	 38.177431198 	 219.602804827 	 1 	 1 	 1 	 1 
197.068		116.33 	 37.7684366441 	 270.693349061 	 0 	 0 	 1 	 -1 
197.068		123.671 	 74.0534658564 	 246.053868261 	 0 	 1 	 1 	 0 
200.265		130.893 	 70.7004520854 	 182.802202929 	 1 	 1 	 1 	 0 
206.51		137.784 	 81.9385935496 	 350.410204151 	 1 	 0 	 1 	 -1 
215.536		144.182 	 51.1107784579 	 233.619582606 	 1 	 1 	 1 	 0 
227.007		150 	 52.9743490566 	 180.911464203 	 1 	 1 	 1 	 0 
215.536		155.818 	 32.6527478397 	 199.471403203 	 1 	 1 	 1 	 1 
206.511		162.216 	 76.9144927897 	 209.293435913 	 0 	 1 	 1 	 0 
200.266		169.107 	 30.2660288566 	 214.482558214 	 1 	 1 	 1 	 1 
197.068		176.33 	 36.116867325 	 255.968888324 	 0 	 1 	 1 	 -1 
197.068		183.671 	 29.3721790197 	 221.060725909 	 0 	 1 	 1 	 1 
200.266		190.893 	 24.5270074383 	 246.642630227 	 0 	 1 	 1 	 -1 
206.511		197.784 	 69.5168540405 	 196.772104805 	 0 	 0 	 1 	 0 
215.536		204.182 	 54.4301338915 	 28.8108852782 	 0 	 0 	 1 	 0 
227.007		210 	 53.7867859643 	 197.033451173 	 0 	 1 	 1 	 0 
215.536		215.818 	 90.9109025521 	 262.637113205 	 0 	 0 	 1 	 1 
206.51		222.216 	 15.2799083536 	 200.990361214 	 0 	 0 	 1 	 1 
200.265		229.107 	 72.1299441025 	 224.263354661 	 0 	 0 	 1 	 0 
197.068		236.329 	 36.2483590166 	 289.674900701 	 0 	 1 	 1 	 -1 
197.068		243.671 	 72.4633212046 	 333.421564763 	 0 	 1 	 1 	 1 
200.265		250.893 	 13.6657337255 	 271.521055367 	 0 	 0 	 1 	 0 
206.51		257.784 	 18.5746536311 	 241.395791897 	 1 	 0 	 1 	 -1 
215.536		264.182 	 41.6864783041 	 238.020547383 	 0 	 0 	 1 	 1 
227.007		270 	 24.0692115346 	 210.744112736 	 0 	 0 	 1 	 0 
215.536		275.818 	 88.0338800843 	 148.497201822 	 0 	 0 	 1 	 0 
206.51		282.216 	 19.423946242 	 99.6027631686 	 0 	 1 	 1 	 1 
200.265		289.107 	 91.9523137083 	 204.577272253 	 0 	 0 	 1 	 1 
197.068		296.329 	 30.3321803797 	 250.981551818 	 0 	 1 	 1 	 1 
197.068		303.67 	 27.4215078503 	 281.556387557 	 0 	 0 	 1 	 0 
200.265		310.893 	 42.3261460724 	 191.103769782 	 0 	 0 	 1 	 0 
206.511		317.784 	 31.8391666681 	 108.850035896 	 0 	 0 	 1 	 0 
227.008		330 	 35.3068640695 	 240.334998935 	 0 	 0 	 1 	 1 
240.57		335.209 	 52.8414248505 	 164.54984405 	 0 	 0 	 1 	 0 
231.161		340.893 	 32.6586123274 	 167.871892703 	 1 	 0 	 1 	 -1 
224.195		346.996 	 67.213818998 	 300.386807741 	 0 	 0 	 1 	 1 
219.909		353.413 	 25.3423147288 	 219.421923255 	 1 	 0 	 1 	 0 
218.461		0 	 116.854408941 	 181.336179254 	 1 	 1 	 1 	 -1 
219.909		6.58678 	 46.625142234 	 230.474698747 	 0 	 0 	 1 	 -1 
224.195		13.0039 	 27.6719151524 	 229.029037778 	 0 	 0 	 1 	 0 
231.161		19.1066 	 17.4988648638 	 115.066399188 	 1 	 0 	 1 	 0 
240.57		24.7913 	 96.0000924573 	 220.769728294 	 0 	 1 	 1 	 0 
252.146		30 	 30.9676863698 	 76.3983614808 	 0 	 0 	 1 	 0 
240.57		35.2087 	 108.887975364 	 171.151565381 	 0 	 0 	 1 	 1 
231.161		40.8934 	 40.3248978117 	 84.2616969078 	 1 	 1 	 1 	 1 
224.195		46.9961 	 27.6753037051 	 211.312319973 	 0 	 1 	 1 	 -1 
219.909		53.4132 	 19.8212536628 	 167.762570864 	 1 	 1 	 1 	 0 
218.461		60 	 35.23398592 	 157.481675042 	 1 	 0 	 1 	 0 
219.909		66.5868 	 45.7092160412 	 280.123691447 	 1 	 1 	 1 	 1 
224.195		73.0039 	 51.5193650639 	 199.826542036 	 0 	 0 	 1 	 1 
231.161		79.1066 	 64.902876385 	 283.822925389 	 0 	 1 	 1 	 -1 
240.57		84.7913 	 126.436080925 	 203.050035065 	 0 	 1 	 1 	 -1 
240.57		95.2087 	 138.115612021 	 314.551735548 	 1 	 0 	 1 	 0 
231.161		100.893 	 42.9257841273 	 244.577346099 	 1 	 0 	 1 	 1 
224.195		106.996 	 17.2211171463 	 39.8090666182 	 1 	 1 	 1 	 1 
219.909		113.413 	 25.4755751953 	 225.104919596 	 0 	 0 	 1 	 1 
218.461		120 	 30.5461004183 	 235.027931123 	 0 	 0 	 1 	 0 
219.909		126.587 	 31.5055462878 	 216.045764627 	 1 	 1 	 1 	 0 
224.195		133.004 	 59.2972105929 	 146.707202031 	 0 	 1 	 1 	 0 
231.161		139.107 	 65.5170873651 	 166.654418849 	 1 	 0 	 1 	 -1 
252.146		150 	 59.8713705557 	 154.961467298 	 0 	 0 	 1 	 1 
240.57		155.209 	 69.0269158364 	 352.340292139 	 1 	 0 	 1 	 1 
231.16		160.893 	 27.3590634459 	 210.304870506 	 1 	 1 	 1 	 -1 
224.196		166.996 	 31.0226800823 	 136.187371939 	 0 	 0 	 1 	 -1 
219.909		173.413 	 18.3463173172 	 219.795610203 	 1 	 1 	 1 	 1 
218.461		180 	 90.4545670627 	 224.878844845 	 0 	 0 	 1 	 1 
219.909		186.587 	 41.8615580516 	 244.032342182 	 1 	 1 	 1 	 -1 
224.196		193.004 	 18.0804494194 	 167.143774348 	 0 	 1 	 1 	 -1 
231.16		199.107 	 31.3815853447 	 213.446017726 	 0 	 1 	 1 	 1 
240.57		204.791 	 73.1919454186 	 213.897791347 	 1 	 1 	 1 	 0 
252.146		210 	 55.3702224 	 180.48912662 	 1 	 1 	 1 	 1 
240.57		215.209 	 38.378308052 	 15.5118231232 	 0 	 1 	 1 	 1 
231.161		220.893 	 77.8840332356 	 101.985743094 	 0 	 1 	 1 	 0 
224.196		226.996 	 33.5645750781 	 239.345983741 	 1 	 0 	 1 	 -1 
219.909		233.413 	 30.3891936001 	 221.06661592 	 1 	 1 	 1 	 0 
218.461		240 	 40.7808789234 	 195.416205395 	 1 	 1 	 1 	 0 
219.909		246.587 	 63.3073276132 	 46.8741567813 	 1 	 0 	 1 	 -1 
224.195		253.004 	 63.419664631 	 229.001410031 	 1 	 1 	 1 	 0 
231.16		259.107 	 56.4206045986 	 207.018549197 	 0 	 0 	 1 	 1 
240.57		264.791 	 68.6094770062 	 295.670590357 	 1 	 1 	 1 	 -1 
252.146		270 	 38.8512022416 	 235.056684454 	 0 	 0 	 1 	 0 
240.57		275.209 	 56.2159640561 	 268.331556806 	 1 	 0 	 1 	 0 
231.16		280.893 	 35.5281796739 	 242.76807243 	 0 	 0 	 1 	 1 
224.195		286.996 	 60.5819830009 	 228.452058922 	 0 	 0 	 1 	 1 
219.909		293.413 	 35.7521599525 	 288.145459704 	 1 	 1 	 1 	 0 
218.461		300 	 37.2528761305 	 271.023656758 	 1 	 1 	 1 	 -1 
219.909		306.587 	 11.0601030065 	 173.945839018 	 1 	 1 	 1 	 1 
224.196		313.004 	 34.0277456545 	 315.615176565 	 1 	 0 	 1 	 0 
231.161		319.107 	 46.4840805872 	 232.601770545 	 1 	 1 	 1 	 1 
240.57		324.791 	 14.125795347 	 200.126454759 	 1 	 1 	 1 	 -1 
252.146		330 	 95.3176446234 	 306.025967138 	 1 	 0 	 1 	 -1 
265.601		334.715 	 14.3319825131 	 47.4777533745 	 0 	 0 	 1 	 0 
255.886		339.826 	 28.551943732 	 188.245895569 	 0 	 1 	 1 	 0 
248.348		345.295 	 63.531637998 	 128.367062355 	 1 	 1 	 1 	 0 
243.191		351.052 	 23.4703451278 	 246.140511395 	 0 	 0 	 1 	 1 
240.57		356.996 	 81.125253893 	 236.144318052 	 0 	 0 	 1 	 0 
240.57		3.00449 	 56.0517332018 	 290.413584727 	 1 	 1 	 1 	 0 
243.191		8.94827 	 63.6820374172 	 312.313413594 	 0 	 0 	 1 	 1 
248.348		14.7047 	 97.7733971444 	 275.70274143 	 0 	 0 	 1 	 0 
255.886		20.1736 	 19.2054340416 	 230.86988837 	 0 	 0 	 1 	 0 
265.601		25.285 	 26.3780040454 	 230.674922339 	 1 	 1 	 1 	 0 
277.258		30 	 46.5107982167 	 225.853744019 	 0 	 0 	 1 	 1 
265.601		34.715 	 17.7792836068 	 200.551782389 	 1 	 1 	 1 	 1 
255.887		39.8264 	 21.4171728359 	 6.93407466045 	 1 	 0 	 1 	 -1 
248.348		45.2953 	 65.3331429957 	 160.22486284 	 0 	 0 	 1 	 1 
243.191		51.0517 	 43.6646182878 	 318.78542806 	 1 	 0 	 1 	 0 
240.57		56.9955 	 60.5139458843 	 136.117640104 	 0 	 0 	 1 	 -1 
240.57		63.0045 	 49.5011479925 	 231.992141894 	 1 	 0 	 1 	 1 
243.191		68.9483 	 25.0819163064 	 24.6081896144 	 0 	 1 	 1 	 1 
248.348		74.7047 	 48.6655325779 	 222.329063749 	 1 	 0 	 1 	 1 
255.887		80.1736 	 49.3324836019 	 246.058501391 	 1 	 1 	 1 	 0 
265.601		85.285 	 31.3474899055 	 36.6915423899 	 1 	 1 	 1 	 -1 
277.257		90 	 46.9750854458 	 193.509779156 	 1 	 0 	 1 	 1 
265.601		94.715 	 56.7038766219 	 112.038115447 	 0 	 1 	 1 	 1 
255.887		99.8264 	 25.394000349 	 238.454158302 	 0 	 1 	 1 	 1 
248.348		105.295 	 104.573276529 	 217.993825786 	 0 	 0 	 1 	 0 
243.191		111.052 	 28.0924553431 	 4.07462272652 	 1 	 1 	 1 	 1 
240.57		116.996 	 70.5185957989 	 284.324399027 	 0 	 0 	 1 	 0 
240.57		123.005 	 54.3028974995 	 338.802489467 	 0 	 0 	 1 	 0 
243.191		128.948 	 17.5926870764 	 245.535509954 	 1 	 1 	 1 	 0 
248.348		134.705 	 76.1139293338 	 235.852698851 	 1 	 0 	 1 	 -1 
255.887		140.174 	 25.2091214852 	 218.26200338 	 1 	 1 	 1 	 0 
265.6		145.285 	 90.213939088 	 249.12981853 	 1 	 0 	 1 	 1 
277.257		150 	 25.263695674 	 281.934613805 	 0 	 0 	 1 	 0 
265.601		154.715 	 42.3667804538 	 253.028335253 	 0 	 0 	 1 	 0 
255.886		159.826 	 76.2042321379 	 149.990474211 	 1 	 0 	 1 	 0 
248.348		165.295 	 34.1536402949 	 232.118217511 	 1 	 1 	 1 	 1 
243.191		171.052 	 17.8463879285 	 293.058008812 	 1 	 1 	 1 	 0 
240.57		176.996 	 36.4630407584 	 206.619791638 	 1 	 0 	 1 	 0 
240.57		183.005 	 25.2949526602 	 145.504338757 	 1 	 1 	 1 	 1 
243.191		188.948 	 11.0627398937 	 244.891548746 	 0 	 0 	 1 	 -1 
248.348		194.705 	 15.7679965841 	 184.391740634 	 1 	 1 	 1 	 0 
255.886		200.174 	 91.9460718028 	 256.25855814 	 0 	 0 	 1 	 -1 
265.601		205.285 	 70.7557533474 	 267.645322651 	 1 	 0 	 1 	 0 
277.258		210 	 99.8267794013 	 164.337428858 	 1 	 0 	 1 	 -1 
265.6		214.715 	 44.2767746703 	 234.940726701 	 0 	 1 	 1 	 0 
255.887		219.826 	 30.0147650809 	 218.429666064 	 0 	 1 	 1 	 1 
248.348		225.295 	 43.3214152328 	 284.396317985 	 1 	 0 	 1 	 0 
243.191		231.052 	 18.8487522481 	 262.054985472 	 1 	 1 	 1 	 0 
240.57		236.995 	 44.1482057408 	 222.843112129 	 1 	 0 	 1 	 -1 
240.57		243.004 	 42.9431326917 	 144.865225867 	 0 	 0 	 1 	 0 
243.19		248.948 	 41.6057988315 	 232.336954796 	 1 	 1 	 1 	 -1 
248.348		254.705 	 109.045331801 	 220.918704329 	 0 	 1 	 1 	 -1 
255.886		260.174 	 30.1199623864 	 221.266887853 	 0 	 0 	 1 	 0 
265.601		265.285 	 94.8410286941 	 224.812886734 	 1 	 1 	 1 	 1 
277.258		270 	 54.8668197271 	 274.441359813 	 1 	 0 	 1 	 0 
265.601		274.715 	 49.3149206505 	 97.9621038727 	 0 	 0 	 1 	 0 
255.886		279.826 	 22.9906466119 	 64.7456158715 	 0 	 1 	 1 	 1 
248.348		285.295 	 77.0183849722 	 250.647111625 	 1 	 0 	 1 	 1 
243.19		291.052 	 35.0618413131 	 201.810465423 	 0 	 0 	 1 	 1 
240.57		296.996 	 31.0485422867 	 200.207659061 	 0 	 1 	 1 	 0 
240.57		303.004 	 62.3694165041 	 295.672183019 	 1 	 1 	 1 	 0 
243.191		308.948 	 16.3448364336 	 81.1865471879 	 0 	 1 	 1 	 -1 
248.348		314.705 	 54.4044440594 	 188.85706156 	 0 	 1 	 1 	 -1 
255.886		320.174 	 19.8389732158 	 288.365405325 	 0 	 0 	 1 	 0 
265.6		325.285 	 66.6299040026 	 238.718238009 	 1 	 0 	 1 	 0 
277.258		330 	 84.0496590644 	 55.4014808875 	 1 	 1 	 1 	 1 
290.619		334.307 	 67.8333526464 	 171.888706416 	 0 	 1 	 1 	 0 
280.659		338.948 	 73.606698039 	 148.892197137 	 0 	 1 	 1 	 0 
272.656		343.898 	 29.086131295 	 268.850979926 	 0 	 1 	 1 	 0 
266.79		349.107 	 24.0204572252 	 187.405856643 	 1 	 0 	 1 	 1 
263.206		354.504 	 25.8818946511 	 224.569476074 	 0 	 0 	 1 	 1 
262.001		0 	 51.1681926923 	 251.055224058 	 1 	 1 	 1 	 0 
263.206		5.49637 	 93.7478811688 	 217.021201021 	 0 	 1 	 1 	 0 
266.79		10.8934 	 28.9881992005 	 223.882579304 	 0 	 0 	 1 	 -1 
272.656		16.1021 	 14.6945718012 	 266.485960263 	 1 	 0 	 1 	 0 
280.659		21.0517 	 103.620952058 	 320.227327143 	 1 	 0 	 1 	 1 
290.619		25.6934 	 49.8027888372 	 353.361503598 	 0 	 0 	 1 	 0 
302.34		30 	 96.4828561942 	 283.142209417 	 0 	 0 	 1 	 1 
290.619		34.3066 	 72.8060328225 	 258.624380632 	 1 	 0 	 1 	 -1 
280.659		38.9483 	 38.8695970336 	 200.169638221 	 1 	 0 	 1 	 1 
272.656		43.8979 	 104.174459343 	 291.960081752 	 1 	 1 	 1 	 1 
266.789		49.1066 	 47.5454948641 	 232.203088189 	 0 	 0 	 1 	 -1 
263.206		54.5036 	 42.5382397103 	 255.643451977 	 0 	 0 	 1 	 -1 
262.001		60 	 14.2901765166 	 348.09477457 	 1 	 0 	 1 	 0 
263.206		65.4964 	 59.0985407066 	 222.572298251 	 1 	 0 	 1 	 -1 
266.79		70.8934 	 27.5474817388 	 208.839973167 	 1 	 1 	 1 	 1 
272.656		76.1021 	 45.2687344208 	 173.139477351 	 0 	 0 	 1 	 1 
280.659		81.0517 	 10.181123626 	 99.3377650522 	 0 	 1 	 1 	 1 
290.619		85.6934 	 29.2243475538 	 217.553980723 	 0 	 1 	 1 	 1 
302.34		90 	 17.2623664823 	 266.50883221 	 0 	 0 	 1 	 -1 
290.619		94.3066 	 38.749980534 	 275.189951152 	 1 	 1 	 1 	 0 
280.659		98.9483 	 65.2816339902 	 8.54744155176 	 0 	 0 	 1 	 0 
272.655		103.898 	 8.83652560496 	 70.9744842645 	 1 	 1 	 1 	 0 
266.79		109.107 	 27.1227300409 	 34.5702537806 	 1 	 1 	 1 	 1 
263.206		114.504 	 27.4624199453 	 224.661412154 	 1 	 1 	 1 	 0 
262		120 	 24.2867330206 	 156.300804792 	 0 	 1 	 1 	 -1 
263.206		125.496 	 19.4695967553 	 256.26571713 	 1 	 1 	 1 	 -1 
266.79		130.893 	 20.7400376197 	 264.064005443 	 1 	 1 	 1 	 1 
272.655		136.102 	 55.3679330944 	 221.990763215 	 0 	 0 	 1 	 1 
280.659		141.052 	 31.8018122541 	 230.26120491 	 1 	 0 	 1 	 -1 
290.619		145.693 	 45.3524332846 	 157.076378672 	 1 	 0 	 1 	 1 
302.34		150 	 63.7504705146 	 245.676386275 	 1 	 1 	 1 	 0 
290.619		154.307 	 24.8621127819 	 222.896611556 	 1 	 1 	 1 	 -1 
280.659		158.948 	 27.7994447521 	 220.646778426 	 1 	 1 	 1 	 1 
272.656		163.898 	 12.4260621455 	 274.975323078 	 0 	 1 	 1 	 -1 
266.789		169.107 	 75.5127988109 	 261.741003381 	 0 	 0 	 1 	 0 
263.206		174.504 	 64.933182155 	 111.324336132 	 0 	 0 	 1 	 -1 
262.001		180 	 68.6519989767 	 301.983250582 	 1 	 1 	 1 	 0 
263.206		185.496 	 21.8385082532 	 168.483789616 	 0 	 0 	 1 	 -1 
266.789		190.893 	 24.9364068385 	 214.245651138 	 1 	 1 	 1 	 1 
272.656		196.102 	 22.6503952786 	 191.224944283 	 0 	 1 	 1 	 -1 
280.659		201.052 	 34.5135093881 	 150.206401888 	 0 	 1 	 1 	 -1 
290.619		205.693 	 31.3317149077 	 261.034187589 	 1 	 0 	 1 	 1 
302.34		210 	 47.2725111928 	 244.535782195 	 0 	 1 	 1 	 1 
290.619		214.307 	 20.3510969554 	 222.485617003 	 1 	 1 	 1 	 0 
280.658		218.948 	 27.0440134515 	 244.728463592 	 1 	 0 	 1 	 0 
272.656		223.898 	 92.352905941 	 239.449128969 	 1 	 1 	 1 	 1 
266.79		229.107 	 43.521505632 	 180.587607634 	 1 	 0 	 1 	 0 
263.206		234.504 	 40.9258887862 	 192.271316385 	 0 	 1 	 1 	 1 
262		240 	 47.1448575879 	 240.207867929 	 1 	 1 	 1 	 0 
263.206		245.496 	 12.1128673061 	 177.326219573 	 1 	 0 	 1 	 0 
266.789		250.893 	 31.840482361 	 197.580261255 	 0 	 1 	 1 	 0 
272.656		256.102 	 46.7687278353 	 246.27973056 	 0 	 1 	 1 	 -1 
280.659		261.052 	 69.6307675149 	 314.61959802 	 0 	 1 	 1 	 -1 
290.62		265.693 	 163.667916792 	 256.267580345 	 1 	 0 	 1 	 -1 
302.34		270 	 61.1108768713 	 287.793837435 	 1 	 1 	 1 	 1 
290.62		274.307 	 31.6664479164 	 255.814661228 	 0 	 0 	 1 	 0 
280.659		278.948 	 41.8425760066 	 242.098727363 	 1 	 1 	 1 	 0 
272.656		283.898 	 159.453631699 	 214.942359423 	 0 	 0 	 1 	 1 
266.789		289.107 	 50.9782549306 	 268.482627525 	 0 	 1 	 1 	 1 
263.206		294.504 	 50.0661740403 	 202.821657007 	 0 	 0 	 1 	 -1 
262		300 	 35.1403681867 	 217.881264917 	 0 	 0 	 1 	 0 
263.206		305.496 	 40.8667588605 	 255.530033054 	 0 	 1 	 1 	 1 
266.79		310.893 	 48.9059959515 	 249.912544745 	 1 	 1 	 1 	 1 
272.656		316.102 	 45.2737372091 	 7.92422226931 	 0 	 0 	 1 	 1 
280.659		321.052 	 19.8742380094 	 182.849251745 	 1 	 0 	 1 	 -1 
290.619		325.693 	 99.5640654908 	 223.323814175 	 1 	 0 	 1 	 -1 
302.34		330 	 50.0580036485 	 222.178158675 	 0 	 1 	 1 	 -1 
315.62		333.963 	 96.0289763609 	 155.014547072 	 0 	 0 	 1 	 0 
305.457		338.213 	 18.9882905052 	 206.566884894 	 1 	 0 	 1 	 0 
297.071		342.731 	 83.3884337834 	 250.555332615 	 1 	 0 	 1 	 1 
290.619		347.48 	 32.9553754621 	 208.749903202 	 1 	 1 	 1 	 0 
286.236		352.411 	 14.1506704353 	 293.699162353 	 1 	 0 	 1 	 1 
284.018		357.457 	 15.1892755084 	 225.864711544 	 0 	 1 	 1 	 -1 
284.018		2.54292 	 42.0545178403 	 311.411560577 	 1 	 1 	 1 	 -1 
286.236		7.58909 	 28.3459949368 	 200.019682541 	 1 	 0 	 1 	 -1 
290.619		12.5198 	 27.445716724 	 224.873198443 	 0 	 1 	 1 	 0 
297.071		17.2695 	 49.5777787025 	 212.883023746 	 0 	 0 	 1 	 0 
305.457		21.7868 	 30.0523347645 	 325.614096877 	 0 	 0 	 1 	 -1 
315.62		26.0368 	 28.2909946932 	 233.857398451 	 1 	 1 	 1 	 1 
327.39		30 	 68.4954782876 	 187.455248311 	 0 	 1 	 1 	 1 
305.457		38.2132 	 57.4088489073 	 247.611980147 	 1 	 0 	 1 	 -1 
297.071		42.7305 	 61.3818776333 	 73.5872826193 	 1 	 0 	 1 	 -1 
290.619		47.4802 	 98.2498845302 	 218.943040204 	 1 	 1 	 1 	 1 
286.236		52.4109 	 30.9168331899 	 244.945509999 	 0 	 1 	 1 	 -1 
284.018		57.4571 	 29.1772787379 	 232.193675878 	 1 	 1 	 1 	 0 
284.018		62.5429 	 43.7036620707 	 229.713996484 	 1 	 1 	 1 	 0 
286.236		67.5891 	 76.0522009094 	 277.823061495 	 0 	 0 	 1 	 0 
290.619		72.5198 	 7.2171496077 	 147.339885787 	 1 	 1 	 1 	 0 
297.071		77.2695 	 29.1470213693 	 223.804564967 	 1 	 1 	 1 	 -1 
305.457		81.7868 	 37.4475101393 	 176.083934453 	 0 	 1 	 1 	 0 
315.62		86.0368 	 79.8614233871 	 173.512433244 	 1 	 1 	 1 	 1 
327.39		90 	 7.51070530864 	 138.838585549 	 0 	 0 	 1 	 1 
315.62		93.9632 	 28.0662254064 	 202.477281977 	 0 	 1 	 1 	 0 
305.457		98.2132 	 84.9224154345 	 48.3594998208 	 0 	 1 	 1 	 1 
297.071		102.731 	 31.106656024 	 204.941003113 	 1 	 0 	 1 	 -1 
290.619		107.48 	 41.6007789984 	 284.002429362 	 0 	 1 	 1 	 1 
286.236		112.411 	 47.7329976982 	 245.144437553 	 1 	 1 	 1 	 0 
284.018		117.457 	 36.6935848692 	 235.498928123 	 0 	 0 	 1 	 -1 
284.018		122.543 	 50.9668207417 	 233.236966781 	 0 	 1 	 1 	 0 
286.236		127.589 	 26.9478723202 	 198.847180161 	 0 	 0 	 1 	 1 
290.62		132.52 	 28.2914654451 	 214.139810661 	 1 	 1 	 1 	 -1 
297.071		137.269 	 28.5907503309 	 228.251000674 	 0 	 1 	 1 	 0 
305.457		141.787 	 123.706836347 	 179.335257881 	 0 	 0 	 1 	 1 
315.62		146.037 	 8.50705639232 	 113.746799196 	 1 	 1 	 1 	 0 
327.39		150 	 25.1529663186 	 229.259209563 	 0 	 0 	 1 	 1 
315.619		153.963 	 30.4125785383 	 327.006992934 	 1 	 1 	 1 	 1 
305.457		158.213 	 48.7955001695 	 234.768191792 	 1 	 1 	 1 	 1 
297.071		162.731 	 43.9560101416 	 264.667354271 	 0 	 0 	 1 	 0 
290.62		167.48 	 53.4238738212 	 199.289499158 	 1 	 1 	 1 	 -1 
286.236		172.411 	 28.9624822795 	 199.0075729 	 0 	 0 	 1 	 1 
284.019		177.457 	 26.1938244619 	 216.328038872 	 1 	 0 	 1 	 1 
284.019		182.543 	 35.6735347536 	 234.814695253 	 1 	 1 	 1 	 -1 
286.236		187.589 	 48.6145841916 	 103.669288605 	 1 	 1 	 1 	 0 
290.62		192.52 	 40.7022820657 	 115.972927129 	 1 	 1 	 1 	 -1 
297.071		197.269 	 45.832526523 	 111.541063879 	 0 	 1 	 1 	 0 
305.457		201.787 	 29.0072372913 	 224.747564051 	 1 	 1 	 1 	 0 
315.62		206.037 	 79.6347349095 	 194.853052306 	 0 	 0 	 1 	 0 
327.39		210 	 82.444606411 	 200.759529883 	 1 	 1 	 1 	 -1 
315.62		213.963 	 135.97681085 	 234.060765085 	 0 	 0 	 1 	 0 
305.457		218.213 	 69.9944400834 	 149.29883289 	 1 	 1 	 1 	 -1 
297.071		222.731 	 49.1394088638 	 237.600642379 	 0 	 0 	 1 	 -1 
290.619		227.48 	 49.6873241272 	 202.996016288 	 0 	 1 	 1 	 0 
286.236		232.411 	 38.6928036183 	 259.467211854 	 1 	 0 	 1 	 1 
284.018		237.457 	 60.5289288477 	 284.201157225 	 1 	 1 	 1 	 -1 
284.019		242.543 	 60.2175851276 	 168.211373393 	 1 	 1 	 1 	 0 
286.236		247.589 	 27.1894534668 	 219.374339446 	 1 	 0 	 1 	 1 
290.62		252.52 	 17.9373354753 	 206.679636493 	 1 	 0 	 1 	 0 
297.071		257.269 	 43.8665353689 	 243.117828586 	 1 	 1 	 1 	 0 
305.457		261.787 	 48.2682741433 	 171.733440079 	 1 	 0 	 1 	 -1 
315.62		266.037 	 47.0022270376 	 343.775682582 	 0 	 0 	 1 	 1 
327.39		270 	 11.0517353795 	 326.941786986 	 1 	 1 	 1 	 -1 
315.62		273.963 	 45.5345103044 	 220.248628446 	 0 	 1 	 1 	 -1 
305.457		278.213 	 56.3140206661 	 256.753902738 	 0 	 1 	 1 	 -1 
297.071		282.731 	 31.1186718797 	 253.667684994 	 0 	 0 	 1 	 1 
290.62		287.48 	 59.5105592595 	 231.341897591 	 0 	 0 	 1 	 1 
286.236		292.411 	 72.6600236261 	 221.448737639 	 1 	 0 	 1 	 -1 
284.019		297.457 	 34.4955981433 	 213.941493037 	 1 	 0 	 1 	 1 
284.018		302.543 	 26.1184324814 	 234.060319716 	 1 	 0 	 1 	 1 
286.236		307.589 	 74.1053260849 	 208.408932916 	 1 	 1 	 1 	 1 
290.619		312.52 	 43.3426586359 	 230.467926141 	 0 	 0 	 1 	 1 
297.071		317.269 	 22.5391550812 	 232.745265701 	 0 	 1 	 1 	 -1 
305.457		321.787 	 32.2388310744 	 139.597072646 	 1 	 0 	 1 	 1 
327.39		330 	 39.1896586912 	 317.769838625 	 0 	 0 	 1 	 1 
340.597		333.67 	 76.9587352315 	 164.294055722 	 1 	 1 	 1 	 -1 
330.266		337.589 	 10.6819763564 	 65.3962235784 	 0 	 0 	 1 	 1 
321.56		341.742 	 72.7362579431 	 282.16574302 	 1 	 1 	 1 	 1 
314.619		346.102 	 96.0486151613 	 300.102579322 	 1 	 0 	 1 	 1 
309.563		350.633 	 79.6622839622 	 144.297739025 	 0 	 1 	 1 	 0 
306.489		355.285 	 64.1288926699 	 237.1434899 	 0 	 0 	 1 	 0 
305.457		0 	 42.4199797446 	 65.0120593024 	 1 	 1 	 1 	 1 
306.489		4.715 	 74.6124355335 	 261.064664087 	 0 	 1 	 1 	 -1 
309.563		9.367 	 10.3204483657 	 266.785756202 	 1 	 0 	 1 	 1 
314.619		13.8979 	 71.5719411537 	 195.28624492 	 0 	 0 	 1 	 0 
321.56		18.2585 	 29.153699797 	 225.145891447 	 1 	 0 	 1 	 0 
330.266		22.4109 	 74.5766166008 	 243.375423352 	 1 	 1 	 1 	 0 
340.597		26.3295 	 81.0467824904 	 280.119969888 	 1 	 0 	 1 	 -1 
352.406		30 	 56.5328133423 	 210.768825524 	 0 	 1 	 1 	 0 
340.597		33.6705 	 113.879266387 	 275.430104765 	 0 	 0 	 1 	 0 
330.266		37.5891 	 44.9534232402 	 250.417122131 	 1 	 1 	 1 	 1 
321.56		41.7415 	 27.2952499145 	 226.58891263 	 1 	 0 	 1 	 1 
314.619		46.1021 	 33.8974923183 	 227.405079446 	 1 	 1 	 1 	 -1 
309.563		50.633 	 27.0425150345 	 254.077395794 	 0 	 0 	 1 	 0 
306.489		55.285 	 32.7355047363 	 185.241807662 	 1 	 0 	 1 	 -1 
305.457		60 	 39.8430444243 	 214.957957724 	 1 	 1 	 1 	 0 
306.489		64.715 	 27.1155114773 	 53.6196040263 	 1 	 1 	 1 	 -1 
309.563		69.367 	 11.2068849753 	 172.582342131 	 1 	 0 	 1 	 -1 
314.619		73.8979 	 77.3072990886 	 187.342604514 	 0 	 1 	 1 	 0 
321.56		78.2585 	 22.6061141544 	 259.892794372 	 1 	 1 	 1 	 -1 
330.266		82.4109 	 93.6255438224 	 17.016271223 	 1 	 0 	 1 	 -1 
340.597		86.3295 	 5.12462289372 	 223.881945992 	 0 	 0 	 1 	 1 
352.406		90 	 101.751178399 	 255.49662004 	 1 	 0 	 1 	 0 
340.597		93.6705 	 44.1285295277 	 115.052795951 	 1 	 1 	 1 	 1 
330.266		97.5891 	 29.7882869559 	 173.721588741 	 0 	 1 	 1 	 1 
321.56		101.742 	 32.9364388922 	 276.007611803 	 0 	 1 	 1 	 -1 
314.619		106.102 	 43.6664435562 	 277.275777475 	 0 	 0 	 1 	 -1 
309.563		110.633 	 60.8083458146 	 270.60194218 	 1 	 1 	 1 	 -1 
306.489		115.285 	 96.6787228435 	 187.748546467 	 0 	 0 	 1 	 1 
305.457		120 	 68.8595800275 	 248.650742382 	 1 	 0 	 1 	 1 
306.489		124.715 	 47.6070806553 	 231.535228557 	 1 	 0 	 1 	 1 
309.563		129.367 	 28.3266214842 	 229.412982122 	 0 	 0 	 1 	 -1 
314.619		133.898 	 76.4833613681 	 30.0325064703 	 1 	 0 	 1 	 0 
321.56		138.258 	 45.6225123026 	 317.769218717 	 1 	 0 	 1 	 0 
330.266		142.411 	 34.4407888526 	 197.615206037 	 1 	 0 	 1 	 1 
340.597		146.329 	 28.0506025532 	 217.657498713 	 1 	 1 	 1 	 -1 
352.406		150 	 78.5088199636 	 286.684978505 	 0 	 1 	 1 	 1 
340.597		153.671 	 32.7905949718 	 240.54514556 	 1 	 1 	 1 	 -1 
330.266		157.589 	 50.6481489082 	 206.190387638 	 0 	 0 	 1 	 -1 
321.561		161.742 	 64.656589397 	 204.690072764 	 1 	 1 	 1 	 -1 
314.618		166.102 	 51.5121900359 	 236.133476593 	 1 	 0 	 1 	 -1 
309.563		170.633 	 59.3899102494 	 228.804883725 	 1 	 0 	 1 	 0 
306.488		175.285 	 29.3707966071 	 352.264050039 	 1 	 1 	 1 	 0 
305.457		180 	 29.3303063865 	 238.038354417 	 1 	 1 	 1 	 1 
306.488		184.715 	 24.4271530305 	 271.325439 	 1 	 0 	 1 	 -1 
309.563		189.367 	 43.6048975728 	 182.501134085 	 0 	 0 	 1 	 -1 
314.618		193.898 	 37.6134322652 	 253.713434457 	 1 	 1 	 1 	 -1 
321.561		198.258 	 129.569096692 	 139.817079459 	 0 	 1 	 1 	 -1 
330.266		202.411 	 74.3417171242 	 263.920970404 	 0 	 1 	 1 	 -1 
340.597		206.329 	 35.0833824138 	 156.737135001 	 0 	 1 	 1 	 0 
352.406		210 	 32.8459403782 	 230.825524267 	 0 	 0 	 1 	 0 
330.266		217.589 	 134.75838304 	 303.653603269 	 0 	 0 	 1 	 -1 
321.56		221.742 	 112.039123224 	 298.96220145 	 0 	 1 	 1 	 -1 
314.619		226.102 	 43.7484510741 	 293.15663802 	 0 	 0 	 1 	 0 
309.563		230.633 	 78.8714132312 	 68.9049906866 	 0 	 1 	 1 	 0 
306.489		235.285 	 30.613326621 	 194.582240776 	 1 	 1 	 1 	 1 
305.456		240 	 65.8592231612 	 208.09595535 	 0 	 1 	 1 	 -1 
306.488		244.715 	 86.9206536384 	 188.35182168 	 0 	 0 	 1 	 0 
309.563		249.367 	 37.7103003304 	 207.900519524 	 1 	 1 	 1 	 0 
314.619		253.898 	 25.775080812 	 249.719144335 	 0 	 0 	 1 	 0 
321.56		258.258 	 38.3671864622 	 305.075942931 	 0 	 0 	 1 	 0 
330.266		262.411 	 24.074084322 	 152.094420453 	 1 	 1 	 1 	 -1 
340.597		266.33 	 45.8795425376 	 279.862603506 	 1 	 1 	 1 	 0 
340.597		273.671 	 15.719608257 	 37.478593043 	 0 	 1 	 1 	 0 
330.266		277.589 	 46.4253882387 	 248.817478475 	 0 	 1 	 1 	 0 
321.56		281.742 	 30.6788460988 	 257.461721553 	 1 	 0 	 1 	 0 
314.619		286.102 	 43.5893642263 	 201.87352766 	 0 	 0 	 1 	 0 
309.563		290.633 	 39.2487534874 	 211.992353175 	 0 	 0 	 1 	 1 
306.488		295.285 	 16.6156155834 	 179.271713287 	 1 	 0 	 1 	 0 
305.457		300 	 35.2931504283 	 167.338460252 	 1 	 0 	 1 	 0 
306.489		304.715 	 48.5594658998 	 226.153685254 	 1 	 0 	 1 	 -1 
309.563		309.367 	 37.021263658 	 212.725694739 	 1 	 0 	 1 	 1 
314.619		313.898 	 45.9571483031 	 289.531087661 	 0 	 0 	 1 	 1 
321.56		318.258 	 64.8472066368 	 285.497321321 	 0 	 1 	 1 	 -1 
330.266		322.411 	 12.2087527991 	 224.732165359 	 1 	 1 	 1 	 1 
340.597		326.33 	 32.5144895158 	 345.523307831 	 0 	 1 	 1 	 -1 
352.406		330 	 40.2060295485 	 183.540708539 	 0 	 0 	 1 	 0 
365.546		333.418 	 35.326411233 	 257.039242275 	 1 	 0 	 1 	 -1 
355.074		337.053 	 20.8719402163 	 333.570176758 	 1 	 1 	 1 	 0 
346.099		340.893 	 42.820535416 	 206.018946907 	 0 	 0 	 1 	 -1 
338.742		344.921 	 15.4993319585 	 127.780825288 	 0 	 1 	 1 	 -1 
333.116		349.107 	 102.888331181 	 281.122096238 	 1 	 1 	 1 	 1 
329.31		353.413 	 25.6975187554 	 224.818057623 	 1 	 0 	 1 	 -1 
327.39		357.796 	 100.099245508 	 207.499523976 	 1 	 0 	 1 	 0 
327.39		2.20423 	 114.547702832 	 235.935484856 	 0 	 1 	 1 	 0 
329.31		6.58678 	 28.9105776169 	 150.033254924 	 1 	 0 	 1 	 0 
333.116		10.8934 	 13.6887991961 	 226.867408833 	 1 	 0 	 1 	 1 
338.742		15.0791 	 35.501380024 	 268.075333363 	 0 	 0 	 1 	 1 
346.099		19.1066 	 83.729343084 	 269.668158755 	 0 	 0 	 1 	 -1 
355.074		22.9473 	 25.9193742415 	 223.561556103 	 0 	 0 	 1 	 1 
365.546		26.582 	 53.536607981 	 266.75222761 	 1 	 1 	 1 	 1 
377.385		30 	 55.789155903 	 193.008782138 	 0 	 0 	 1 	 1 
365.546		33.418 	 92.5530168032 	 219.236163823 	 0 	 1 	 1 	 0 
355.074		37.0527 	 37.542791968 	 191.846690898 	 1 	 1 	 1 	 0 
346.099		40.8934 	 65.8768560654 	 138.137546852 	 1 	 1 	 1 	 1 
338.743		44.9209 	 49.0605493984 	 223.368732648 	 0 	 1 	 1 	 -1 
333.116		49.1066 	 67.0676035367 	 228.777667295 	 0 	 1 	 1 	 1 
329.31		53.4132 	 45.285942213 	 257.397751843 	 0 	 0 	 1 	 0 
327.39		57.7958 	 39.7781758919 	 170.557746419 	 0 	 0 	 1 	 0 
327.39		62.2042 	 27.0637568903 	 224.85426671 	 1 	 0 	 1 	 1 
329.31		66.5868 	 27.7586587008 	 317.774467577 	 1 	 1 	 1 	 0 
333.116		70.8934 	 30.4310076996 	 215.031860435 	 0 	 1 	 1 	 1 
338.742		75.0791 	 79.9388967933 	 232.073547153 	 0 	 0 	 1 	 -1 
346.099		79.1066 	 36.7388209596 	 223.787076841 	 1 	 0 	 1 	 1 
355.074		82.9473 	 104.058644923 	 178.793620772 	 1 	 0 	 1 	 1 
