25.2587		30 	 65.6851383645 	 18.5282267064 	 0 	 1 	 1 	 0 
25.2587		90 	 80.8259572041 	 -25.1005122367 	 1 	 0 	 1 	 0 
25.2587		150 	 307.331461473 	 -100.535229631 	 0 	 1 	 1 	 1 
25.2587		210 	 241.019961259 	 -6.10258492316 	 1 	 0 	 1 	 1 
25.2587		270 	 115.087673702 	 -133.736030525 	 0 	 1 	 1 	 -1 
43.7478		0 	 315.990574421 	 160.482240926 	 1 	 0 	 1 	 0 
50.5147		30 	 317.804033393 	 77.5546912787 	 1 	 0 	 1 	 0 
43.7478		60 	 221.408913065 	 -144.401668907 	 1 	 0 	 1 	 -1 
50.5147		90 	 201.409640225 	 52.9887330739 	 1 	 0 	 1 	 0 
43.7478		120 	 278.611083029 	 -38.3166256988 	 1 	 0 	 1 	 -1 
50.5147		150 	 271.279840311 	 -166.529011703 	 1 	 0 	 1 	 0 
43.7478		180 	 240.698255519 	 163.427007002 	 0 	 1 	 1 	 1 
50.5147		210 	 81.1546551015 	 37.665165678 	 1 	 0 	 1 	 1 
43.7478		240 	 58.7996169797 	 -179.204082402 	 0 	 1 	 1 	 0 
43.7478		300 	 35.4328383326 	 -138.786710676 	 0 	 1 	 1 	 1 
50.5148		330 	 231.889147974 	 -46.9900494285 	 1 	 0 	 1 	 0 
66.8212		349.107 	 285.214364762 	 -147.992120304 	 0 	 1 	 1 	 -1 
66.8212		10.8934 	 198.39055253 	 1.17838644349 	 0 	 1 	 1 	 -1 
75.7654		30 	 285.396015178 	 -118.200205486 	 1 	 0 	 1 	 -1 
66.8212		49.1066 	 194.355589077 	 176.409518021 	 0 	 1 	 1 	 1 
66.8212		70.8934 	 95.5019248046 	 36.7264328145 	 1 	 0 	 1 	 -1 
75.7654		90 	 207.687777596 	 -123.345265852 	 0 	 1 	 1 	 0 
66.8212		109.107 	 114.679840021 	 -159.584944971 	 1 	 0 	 1 	 1 
66.8212		130.893 	 182.590891003 	 20.7273766091 	 0 	 1 	 1 	 0 
75.7654		150 	 198.662524643 	 147.230999403 	 1 	 0 	 1 	 0 
66.8212		169.107 	 275.0045688 	 -44.087862111 	 1 	 0 	 1 	 -1 
66.8212		190.893 	 292.017878867 	 -48.7893665898 	 1 	 0 	 1 	 -1 
66.8212		229.107 	 130.885289864 	 -19.3266964681 	 0 	 1 	 1 	 -1 
66.8212		250.893 	 133.946750937 	 43.4347803396 	 0 	 1 	 1 	 1 
75.7654		270 	 244.031059377 	 -83.511382038 	 0 	 1 	 1 	 0 
66.8212		289.107 	 12.1358594614 	 -93.5818164364 	 0 	 1 	 1 	 -1 
66.8212		310.893 	 128.557334261 	 172.520027483 	 0 	 1 	 1 	 1 
75.7654		330 	 5.96688106949 	 15.0527085864 	 1 	 0 	 1 	 1 
91.0523		343.898 	 270.928004424 	 -5.46308958899 	 0 	 1 	 1 	 1 
87.4818		0 	 81.2316622786 	 -134.517349871 	 0 	 1 	 1 	 -1 
91.0523		16.1021 	 63.4377170787 	 -119.706735052 	 1 	 0 	 1 	 -1 
101.008		30 	 254.3817391 	 119.130572591 	 1 	 0 	 1 	 -1 
91.0523		43.8979 	 86.549649942 	 -36.819503038 	 0 	 1 	 1 	 1 
87.4818		60 	 258.980844901 	 -115.102606132 	 1 	 0 	 1 	 1 
91.0523		76.1021 	 220.254747823 	 -140.966086326 	 0 	 1 	 1 	 1 
91.0523		103.898 	 255.224007439 	 166.027020636 	 0 	 1 	 1 	 1 
87.4818		120 	 193.897453644 	 -46.2439460599 	 1 	 0 	 1 	 -1 
91.0523		136.102 	 217.406447225 	 97.3125487652 	 1 	 0 	 1 	 -1 
91.0523		163.898 	 171.731709438 	 -21.6285974717 	 1 	 0 	 1 	 -1 
87.4818		180 	 0.678666435764 	 -35.2672448476 	 0 	 1 	 1 	 0 
91.0523		196.102 	 126.196042831 	 64.7464723582 	 1 	 0 	 1 	 -1 
101.008		210 	 32.4170902289 	 38.7411473339 	 1 	 0 	 1 	 -1 
91.0523		223.898 	 138.797904935 	 -78.8999601156 	 0 	 1 	 1 	 -1 
87.4818		240 	 127.578272463 	 -170.146253459 	 0 	 1 	 1 	 -1 
91.0523		256.102 	 68.4382655658 	 105.228789734 	 1 	 0 	 1 	 1 
101.008		270 	 133.223325894 	 128.745739128 	 0 	 1 	 1 	 0 
91.0523		283.898 	 169.471798378 	 31.8603950182 	 0 	 1 	 1 	 0 
87.4817		300 	 138.066825347 	 -114.560902432 	 0 	 1 	 1 	 -1 
91.0523		316.102 	 247.868959742 	 118.847958382 	 0 	 1 	 1 	 -1 
101.008		330 	 199.75137143 	 83.8514964703 	 0 	 1 	 1 	 1 
115.709		340.893 	 316.691741372 	 -76.7599866434 	 0 	 1 	 1 	 -1 
110.065		353.413 	 47.9004430508 	 -1.23287057597 	 0 	 1 	 1 	 1 
110.065		6.58677 	 36.7312444453 	 -93.0008476744 	 0 	 1 	 1 	 0 
115.709		19.1066 	 316.548074342 	 139.412890493 	 0 	 1 	 1 	 -1 
126.24		30 	 181.11489332 	 -90.7167837481 	 0 	 1 	 1 	 1 
115.709		40.8934 	 98.8962914822 	 -20.7970760382 	 0 	 1 	 1 	 0 
110.065		53.4132 	 13.2435211205 	 161.159704816 	 0 	 1 	 1 	 -1 
110.065		66.5868 	 93.8191621804 	 -137.297000758 	 1 	 0 	 1 	 0 
115.709		79.1066 	 93.5037765615 	 129.48938555 	 1 	 0 	 1 	 -1 
126.24		90 	 262.09370815 	 -131.781225058 	 0 	 1 	 1 	 0 
115.709		100.893 	 77.9162111289 	 58.7770398817 	 0 	 1 	 1 	 0 
110.065		113.413 	 281.975431928 	 -133.770988662 	 1 	 0 	 1 	 -1 
110.065		126.587 	 320.721276498 	 171.417056113 	 1 	 0 	 1 	 1 
115.709		139.107 	 297.340050635 	 -136.37947353 	 0 	 1 	 1 	 -1 
126.24		150 	 115.83981865 	 -9.87451342259 	 0 	 1 	 1 	 0 
115.709		160.893 	 89.2234490631 	 154.129796209 	 1 	 0 	 1 	 1 
110.066		173.413 	 295.635755208 	 -79.0418341851 	 1 	 0 	 1 	 0 
110.066		186.587 	 253.824352111 	 -156.358132482 	 0 	 1 	 1 	 -1 
115.709		199.107 	 175.435619544 	 -124.370366946 	 1 	 0 	 1 	 1 
126.24		210 	 51.7836195517 	 -165.766546532 	 0 	 1 	 1 	 -1 
115.709		220.893 	 235.772073717 	 62.8635817716 	 0 	 1 	 1 	 0 
110.065		233.413 	 182.20444914 	 -30.5888457215 	 1 	 0 	 1 	 0 
110.065		246.587 	 143.950361386 	 111.079764127 	 0 	 1 	 1 	 0 
115.709		259.107 	 242.026810305 	 95.0993218029 	 1 	 0 	 1 	 -1 
126.24		270 	 127.817915709 	 90.0981670842 	 1 	 0 	 1 	 1 
115.709		280.893 	 136.302882918 	 -104.153270344 	 1 	 0 	 1 	 1 
110.065		293.413 	 74.1006536289 	 -65.1037968703 	 1 	 0 	 1 	 1 
110.065		306.587 	 243.688569834 	 88.4789349415 	 1 	 0 	 1 	 -1 
115.709		319.107 	 183.748879348 	 34.6057956003 	 0 	 1 	 1 	 -1 
126.24		330 	 183.95500182 	 -164.676587511 	 1 	 0 	 1 	 -1 
140.56		338.948 	 309.959909047 	 -47.6526045057 	 0 	 1 	 1 	 -1 
133.593		349.107 	 208.800013794 	 58.3550711172 	 1 	 0 	 1 	 0 
131.188		0 	 106.952446171 	 28.535242549 	 1 	 0 	 1 	 0 
133.593		10.8934 	 157.484667021 	 -101.04850652 	 1 	 0 	 1 	 -1 
140.56		21.0517 	 289.839359532 	 -173.792104614 	 1 	 0 	 1 	 -1 
151.459		30 	 150.781707759 	 -85.9076177882 	 0 	 1 	 1 	 0 
140.56		38.9483 	 126.882905503 	 -66.9650677972 	 0 	 1 	 1 	 1 
133.593		49.1066 	 308.113683685 	 -150.007016918 	 1 	 0 	 1 	 0 
131.188		60 	 32.0774604879 	 61.135260708 	 1 	 0 	 1 	 -1 
133.593		70.8934 	 49.1223636325 	 38.7048314783 	 1 	 0 	 1 	 1 
140.56		81.0517 	 156.390046854 	 -173.436159076 	 1 	 0 	 1 	 0 
151.459		90 	 80.1443885979 	 -127.684119904 	 0 	 1 	 1 	 -1 
140.56		98.9483 	 277.630018934 	 -111.460399132 	 1 	 0 	 1 	 1 
133.593		109.107 	 157.724528881 	 -34.6517789612 	 0 	 1 	 1 	 1 
131.188		120 	 134.891954424 	 -167.595340902 	 0 	 1 	 1 	 1 
133.593		130.893 	 264.130217518 	 81.389048555 	 1 	 0 	 1 	 0 
140.56		141.052 	 79.1128693646 	 12.9831572687 	 0 	 1 	 1 	 1 
151.459		150 	 141.248923659 	 -165.09934062 	 0 	 1 	 1 	 -1 
140.56		158.948 	 172.938543164 	 14.2897838719 	 1 	 0 	 1 	 1 
133.593		169.107 	 215.957706792 	 16.3175728323 	 1 	 0 	 1 	 -1 
131.188		180 	 32.922761832 	 -149.226342159 	 0 	 1 	 1 	 0 
133.593		190.893 	 138.307100515 	 -64.0621990321 	 0 	 1 	 1 	 -1 
140.56		201.052 	 224.026983793 	 -34.6426283692 	 1 	 0 	 1 	 1 
151.459		210 	 214.334892637 	 149.741579784 	 1 	 0 	 1 	 1 
140.56		218.948 	 126.506766359 	 -129.370591544 	 0 	 1 	 1 	 -1 
133.593		229.107 	 299.605031132 	 177.845952898 	 1 	 0 	 1 	 1 
131.188		240 	 199.059386394 	 151.505756907 	 0 	 1 	 1 	 -1 
133.592		250.893 	 249.639748895 	 159.429110209 	 1 	 0 	 1 	 1 
140.56		261.052 	 102.987421399 	 -81.5665063432 	 1 	 0 	 1 	 0 
151.459		270 	 199.311787655 	 -133.794886807 	 0 	 1 	 1 	 0 
140.56		278.948 	 103.526174362 	 -59.3202126117 	 1 	 0 	 1 	 -1 
133.592		289.107 	 110.772874564 	 -68.7698094233 	 0 	 1 	 1 	 1 
131.188		300 	 307.819103512 	 96.1447461914 	 1 	 0 	 1 	 -1 
133.593		310.893 	 313.757165978 	 62.4108250611 	 1 	 0 	 1 	 0 
140.56		321.052 	 101.854597469 	 -60.6781894688 	 1 	 0 	 1 	 1 
151.459		330 	 0.609600029839 	 155.656544829 	 1 	 0 	 1 	 -1 
165.51		337.589 	 128.738188445 	 3.98006236242 	 1 	 0 	 1 	 1 
157.635		346.102 	 216.771464625 	 145.68616179 	 1 	 0 	 1 	 1 
153.545		355.285 	 189.506530379 	 -115.494909972 	 0 	 1 	 1 	 1 
153.545		4.715 	 41.7973173471 	 109.919958937 	 0 	 1 	 1 	 0 
157.635		13.8979 	 41.1997474447 	 -128.521150587 	 1 	 0 	 1 	 0 
165.51		22.4109 	 258.024121089 	 72.8024786333 	 1 	 0 	 1 	 -1 
176.661		30 	 209.233264762 	 -77.1779039944 	 0 	 1 	 1 	 0 
165.51		37.5891 	 89.4390750525 	 30.1963601487 	 1 	 0 	 1 	 1 
157.635		46.1021 	 50.6740521127 	 -81.7856799976 	 1 	 0 	 1 	 0 
153.545		55.285 	 302.233454558 	 71.5943335967 	 1 	 0 	 1 	 -1 
153.545		64.715 	 215.067006774 	 49.9744236923 	 0 	 1 	 1 	 -1 
157.635		73.8979 	 317.42417255 	 -127.410274912 	 1 	 0 	 1 	 0 
165.51		82.4109 	 288.482581041 	 51.3383673388 	 1 	 0 	 1 	 0 
176.661		90 	 53.9144013182 	 -30.2216258428 	 0 	 1 	 1 	 0 
165.51		97.5891 	 301.047560641 	 70.559608241 	 0 	 1 	 1 	 0 
157.635		106.102 	 301.713289727 	 61.4215751394 	 0 	 1 	 1 	 -1 
153.545		115.285 	 324.334261379 	 -54.9575814667 	 0 	 1 	 1 	 -1 
153.545		124.715 	 42.3834782769 	 155.228761718 	 1 	 0 	 1 	 0 
157.635		133.898 	 283.384608809 	 -97.587914219 	 0 	 1 	 1 	 0 
165.51		142.411 	 247.142782955 	 -109.527077618 	 1 	 0 	 1 	 -1 
176.661		150 	 232.228274905 	 -166.695084932 	 1 	 0 	 1 	 -1 
165.509		157.589 	 54.259557589 	 -10.2967295659 	 0 	 1 	 1 	 0 
157.635		166.102 	 81.2187564583 	 -80.8961095657 	 1 	 0 	 1 	 1 
153.546		175.285 	 154.779852432 	 -68.8541852687 	 0 	 1 	 1 	 -1 
153.546		184.715 	 196.951557243 	 31.8602461698 	 0 	 1 	 1 	 -1 
157.635		193.898 	 172.653590391 	 -172.984322094 	 1 	 0 	 1 	 0 
165.509		202.411 	 34.0795806771 	 -166.578747018 	 0 	 1 	 1 	 1 
165.51		217.589 	 313.628282163 	 33.5734273193 	 0 	 1 	 1 	 0 
157.635		226.102 	 232.560211171 	 -161.925539373 	 0 	 1 	 1 	 -1 
153.545		235.285 	 37.7980794354 	 110.490155083 	 0 	 1 	 1 	 -1 
153.545		244.715 	 294.125560167 	 36.168573238 	 0 	 1 	 1 	 0 
157.635		253.898 	 125.07522056 	 62.2415295918 	 0 	 1 	 1 	 1 
165.51		262.411 	 59.3569462165 	 -102.12376644 	 1 	 0 	 1 	 -1 
176.661		270 	 293.863340192 	 -146.585528813 	 1 	 0 	 1 	 1 
165.51		277.589 	 278.666052046 	 -31.0397193316 	 0 	 1 	 1 	 0 
157.635		286.102 	 105.089436785 	 -174.037008118 	 0 	 1 	 1 	 0 
153.545		295.285 	 69.4556554931 	 75.7516153047 	 1 	 0 	 1 	 1 
153.545		304.715 	 54.2891389874 	 -91.6333624817 	 1 	 0 	 1 	 0 
157.635		313.898 	 220.597407468 	 -76.2481426557 	 1 	 0 	 1 	 1 
165.51		322.411 	 62.098931065 	 -87.114523637 	 1 	 0 	 1 	 0 
176.661		330 	 34.6457999521 	 169.2185501 	 0 	 1 	 1 	 0 
190.511		336.587 	 282.149340522 	 146.130047969 	 0 	 1 	 1 	 -1 
181.979		343.898 	 291.896085243 	 -179.144471928 	 0 	 1 	 1 	 -1 
176.661		351.787 	 15.3484233563 	 92.050844519 	 0 	 1 	 1 	 0 
174.852		0 	 232.896776658 	 -159.293823978 	 1 	 0 	 1 	 -1 
176.661		8.21321 	 128.471742045 	 -146.734526089 	 0 	 1 	 1 	 -1 
181.979		16.1021 	 42.0176824752 	 -53.865397064 	 1 	 0 	 1 	 1 
190.511		23.4132 	 233.935155109 	 76.5332257148 	 0 	 1 	 1 	 -1 
201.845		30 	 135.591929744 	 37.3432372262 	 0 	 1 	 1 	 1 
181.979		43.8979 	 95.3155603456 	 174.650154991 	 1 	 0 	 1 	 1 
176.661		51.7868 	 72.3090330566 	 -44.1137867426 	 1 	 0 	 1 	 -1 
174.852		60 	 317.320478091 	 -72.8596547003 	 0 	 1 	 1 	 -1 
176.661		68.2132 	 68.4488053553 	 -148.330322078 	 0 	 1 	 1 	 -1 
181.979		76.1021 	 20.4546557351 	 37.9057384528 	 0 	 1 	 1 	 -1 
190.511		83.4132 	 21.2835036508 	 101.149337173 	 1 	 0 	 1 	 1 
201.845		90 	 33.2491565978 	 -163.823535682 	 0 	 1 	 1 	 0 
190.511		96.5868 	 22.8665352864 	 121.082031622 	 0 	 1 	 1 	 1 
181.979		103.898 	 295.463567423 	 -6.85383604713 	 1 	 0 	 1 	 -1 
176.661		111.787 	 234.149095927 	 -26.6384469269 	 1 	 0 	 1 	 -1 
174.852		120 	 46.9339585276 	 -23.4844858891 	 0 	 1 	 1 	 1 
176.661		128.213 	 147.219684717 	 -167.805958837 	 1 	 0 	 1 	 0 
181.979		136.102 	 302.709941951 	 110.196912797 	 0 	 1 	 1 	 -1 
190.51		143.413 	 107.76642107 	 147.113267011 	 0 	 1 	 1 	 1 
201.845		150 	 203.136743766 	 -98.3566380274 	 0 	 1 	 1 	 0 
190.511		156.587 	 117.116704889 	 -83.5610888816 	 1 	 0 	 1 	 -1 
181.979		163.898 	 164.365390411 	 149.805601294 	 0 	 1 	 1 	 0 
176.661		171.787 	 260.768968669 	 -158.986570249 	 1 	 0 	 1 	 1 
174.852		180 	 216.264325805 	 159.721749347 	 0 	 1 	 1 	 0 
176.661		188.213 	 6.02143666902 	 -93.8559786593 	 1 	 0 	 1 	 -1 
181.979		196.102 	 115.394038658 	 -41.8734972927 	 0 	 1 	 1 	 -1 
190.511		203.413 	 234.443156235 	 -117.539285932 	 1 	 0 	 1 	 -1 
201.845		210 	 291.947890732 	 116.217443617 	 0 	 1 	 1 	 0 
190.51		216.587 	 98.1106203159 	 126.331982171 	 0 	 1 	 1 	 -1 
181.979		223.898 	 154.934919987 	 109.513644841 	 0 	 1 	 1 	 1 
176.661		231.787 	 25.5456150621 	 99.6559990816 	 1 	 0 	 1 	 1 
174.853		240 	 285.268033672 	 -99.8823205695 	 1 	 0 	 1 	 0 
176.662		248.213 	 24.0171088155 	 162.871319507 	 1 	 0 	 1 	 0 
181.979		256.102 	 212.409962651 	 -134.792948335 	 1 	 0 	 1 	 1 
190.511		263.413 	 160.762057371 	 -133.02519441 	 0 	 1 	 1 	 1 
190.511		276.587 	 210.846652758 	 -78.7107886818 	 1 	 0 	 1 	 -1 
181.979		283.898 	 4.78384986087 	 -57.0740190817 	 1 	 0 	 1 	 1 
176.662		291.787 	 296.865087845 	 158.530847646 	 1 	 0 	 1 	 1 
174.853		300 	 127.138072012 	 82.3699833837 	 0 	 1 	 1 	 -1 
176.661		308.213 	 258.862407627 	 -168.232230409 	 0 	 1 	 1 	 0 
181.979		316.102 	 58.8710807445 	 -172.034786644 	 0 	 1 	 1 	 -1 
190.511		323.413 	 207.294280608 	 17.2334395551 	 0 	 1 	 1 	 0 
201.845		330 	 164.835413595 	 79.1769713795 	 1 	 0 	 1 	 1 
215.536		335.818 	 84.8489943927 	 -69.8696108443 	 0 	 1 	 1 	 1 
206.511		342.216 	 119.40510279 	 85.9486892573 	 0 	 1 	 1 	 1 
200.265		349.107 	 314.558983392 	 116.478940763 	 1 	 0 	 1 	 -1 
197.068		356.329 	 259.109760377 	 -98.9862259653 	 0 	 1 	 1 	 -1 
197.068		3.6705 	 218.31941138 	 145.123685569 	 0 	 1 	 1 	 -1 
200.265		10.8934 	 196.039035002 	 -42.3216221855 	 1 	 0 	 1 	 -1 
206.511		17.7836 	 79.0249744715 	 -34.8424667281 	 0 	 1 	 1 	 0 
215.536		24.1825 	 94.4491560953 	 -113.432512906 	 1 	 0 	 1 	 0 
227.007		30 	 28.7240802404 	 -67.8924314686 	 1 	 0 	 1 	 1 
215.536		35.8175 	 110.320209844 	 161.384960682 	 0 	 1 	 1 	 -1 
206.511		42.2164 	 161.3550793 	 4.66697837919 	 1 	 0 	 1 	 -1 
200.265		49.1066 	 235.451821429 	 109.171125179 	 0 	 1 	 1 	 0 
197.068		56.3295 	 300.578646091 	 -49.6449186824 	 1 	 0 	 1 	 0 
197.068		63.6705 	 127.642165684 	 -76.7392693249 	 1 	 0 	 1 	 -1 
200.265		70.8934 	 34.8563977987 	 32.1230833912 	 0 	 1 	 1 	 1 
206.511		77.7836 	 23.5793683033 	 -106.960592329 	 0 	 1 	 1 	 -1 
215.536		84.1825 	 192.458316727 	 25.6492391995 	 0 	 1 	 1 	 1 
227.007		90 	 54.9054302441 	 -119.676071762 	 1 	 0 	 1 	 1 
215.536		95.8175 	 132.306773195 	 -144.94483171 	 1 	 0 	 1 	 1 
206.511		102.216 	 17.3723488666 	 87.5205778056 	 1 	 0 	 1 	 -1 
200.265		109.107 	 102.202938764 	 101.555440903 	 0 	 1 	 1 	 1 
197.068		116.33 	 273.69149335 	 -116.572337355 	 0 	 1 	 1 	 0 
197.068		123.671 	 237.355091456 	 -46.554684247 	 1 	 0 	 1 	 1 
200.265		130.893 	 93.5797568302 	 -63.0940924265 	 1 	 0 	 1 	 0 
206.51		137.784 	 291.083258858 	 -122.11066012 	 0 	 1 	 1 	 0 
215.536		144.182 	 59.2361854515 	 -87.9733829353 	 1 	 0 	 1 	 -1 
227.007		150 	 45.1634287247 	 -16.3279982355 	 0 	 1 	 1 	 1 
215.536		155.818 	 172.61231025 	 -53.3385128868 	 0 	 1 	 1 	 1 
206.511		162.216 	 93.9500523364 	 -55.9757284328 	 1 	 0 	 1 	 0 
200.266		169.107 	 117.814283612 	 106.222962218 	 0 	 1 	 1 	 -1 
197.068		176.33 	 3.77360432846 	 139.76637963 	 1 	 0 	 1 	 0 
197.068		183.671 	 47.772826053 	 -112.373934371 	 0 	 1 	 1 	 -1 
200.266		190.893 	 286.568812944 	 18.0327554404 	 0 	 1 	 1 	 1 
206.511		197.784 	 228.317170602 	 -146.316012975 	 0 	 1 	 1 	 1 
215.536		204.182 	 266.392462907 	 169.40925454 	 0 	 1 	 1 	 -1 
227.007		210 	 111.431712236 	 -52.0649052027 	 0 	 1 	 1 	 0 
215.536		215.818 	 229.43642587 	 -124.12957872 	 1 	 0 	 1 	 -1 
206.51		222.216 	 280.541103629 	 70.0198671791 	 1 	 0 	 1 	 0 
200.265		229.107 	 32.9356599915 	 129.607901608 	 1 	 0 	 1 	 -1 
197.068		236.329 	 114.029021479 	 58.2672575305 	 0 	 1 	 1 	 1 
197.068		243.671 	 277.224381627 	 91.1037442932 	 1 	 0 	 1 	 -1 
200.265		250.893 	 166.171540758 	 -128.017908733 	 1 	 0 	 1 	 1 
206.51		257.784 	 182.206788553 	 114.512148531 	 1 	 0 	 1 	 1 
215.536		264.182 	 245.240027085 	 14.6620807981 	 1 	 0 	 1 	 1 
227.007		270 	 145.090250908 	 52.2977204857 	 0 	 1 	 1 	 -1 
215.536		275.818 	 37.6119407987 	 -173.842814574 	 1 	 0 	 1 	 0 
206.51		282.216 	 241.861103475 	 59.9624565797 	 0 	 1 	 1 	 -1 
200.265		289.107 	 289.237558915 	 -64.459376802 	 0 	 1 	 1 	 -1 
197.068		296.329 	 153.859935595 	 -28.3665098225 	 1 	 0 	 1 	 1 
197.068		303.67 	 169.945425599 	 -169.472698989 	 1 	 0 	 1 	 1 
200.265		310.893 	 197.601075202 	 -87.7830487103 	 0 	 1 	 1 	 0 
206.511		317.784 	 136.091300186 	 60.9011091619 	 1 	 0 	 1 	 1 
227.008		330 	 182.83945662 	 -100.037142239 	 1 	 0 	 1 	 1 
240.57		335.209 	 73.4176058742 	 -38.1924175052 	 1 	 0 	 1 	 -1 
231.161		340.893 	 208.584533732 	 79.598095766 	 1 	 0 	 1 	 -1 
224.195		346.996 	 316.755491974 	 -10.9275696327 	 0 	 1 	 1 	 1 
219.909		353.413 	 277.464636738 	 5.37072775192 	 0 	 1 	 1 	 1 
218.461		0 	 291.979479799 	 -8.32384498831 	 1 	 0 	 1 	 -1 
219.909		6.58678 	 301.949231592 	 169.991394452 	 0 	 1 	 1 	 -1 
224.195		13.0039 	 64.1597473996 	 -27.5102689598 	 0 	 1 	 1 	 1 
231.161		19.1066 	 292.012113081 	 167.310658496 	 1 	 0 	 1 	 -1 
240.57		24.7913 	 274.591470166 	 115.740263505 	 1 	 0 	 1 	 0 
252.146		30 	 78.0369361645 	 118.38055374 	 1 	 0 	 1 	 1 
240.57		35.2087 	 9.7084023677 	 131.85763885 	 1 	 0 	 1 	 1 
231.161		40.8934 	 276.566613009 	 58.3001002292 	 1 	 0 	 1 	 0 
224.195		46.9961 	 309.804475164 	 81.6749267707 	 0 	 1 	 1 	 -1 
219.909		53.4132 	 201.249440746 	 -38.8146006409 	 1 	 0 	 1 	 -1 
218.461		60 	 305.671280121 	 128.656967299 	 0 	 1 	 1 	 0 
219.909		66.5868 	 276.786222043 	 22.6023585139 	 1 	 0 	 1 	 -1 
224.195		73.0039 	 169.204077483 	 111.577552735 	 0 	 1 	 1 	 -1 
231.161		79.1066 	 163.252617352 	 -36.2086957741 	 1 	 0 	 1 	 0 
240.57		84.7913 	 76.2449697349 	 -178.92377309 	 1 	 0 	 1 	 0 
240.57		95.2087 	 271.309758106 	 -175.64647954 	 0 	 1 	 1 	 1 
231.161		100.893 	 304.540128881 	 87.0513226241 	 0 	 1 	 1 	 1 
224.195		106.996 	 108.275774547 	 -132.247914872 	 0 	 1 	 1 	 0 
219.909		113.413 	 226.298817099 	 -28.9357891197 	 0 	 1 	 1 	 1 
218.461		120 	 314.348143173 	 -175.096007077 	 0 	 1 	 1 	 0 
219.909		126.587 	 113.83234395 	 -153.739473448 	 0 	 1 	 1 	 1 
224.195		133.004 	 323.866049971 	 -142.177888913 	 0 	 1 	 1 	 1 
231.161		139.107 	 268.98541571 	 -20.1769162568 	 1 	 0 	 1 	 -1 
252.146		150 	 249.964084633 	 126.305608461 	 1 	 0 	 1 	 1 
240.57		155.209 	 53.5753926458 	 -177.821697874 	 0 	 1 	 1 	 0 
231.16		160.893 	 317.9305759 	 -123.750239042 	 0 	 1 	 1 	 1 
224.196		166.996 	 116.619847453 	 -44.8781090985 	 1 	 0 	 1 	 0 
219.909		173.413 	 292.166017298 	 159.559126913 	 0 	 1 	 1 	 1 
218.461		180 	 247.704451608 	 -102.174445099 	 0 	 1 	 1 	 0 
219.909		186.587 	 99.1677988672 	 -97.9228040692 	 1 	 0 	 1 	 1 
224.196		193.004 	 219.58933203 	 49.9056826654 	 0 	 1 	 1 	 -1 
231.16		199.107 	 178.910828049 	 -129.461148575 	 0 	 1 	 1 	 -1 
240.57		204.791 	 316.33905071 	 124.296594981 	 1 	 0 	 1 	 -1 
252.146		210 	 11.7216006756 	 105.919440062 	 0 	 1 	 1 	 -1 
240.57		215.209 	 278.441850169 	 -20.0612856475 	 1 	 0 	 1 	 -1 
231.161		220.893 	 134.263912698 	 -140.062432476 	 0 	 1 	 1 	 0 
224.196		226.996 	 22.9351332641 	 -116.055314857 	 1 	 0 	 1 	 0 
219.909		233.413 	 25.8684939757 	 3.53970359183 	 0 	 1 	 1 	 1 
218.461		240 	 48.4261818312 	 -12.4041107109 	 1 	 0 	 1 	 -1 
219.909		246.587 	 196.530934759 	 64.7978433871 	 1 	 0 	 1 	 0 
224.195		253.004 	 230.979318356 	 80.7963905082 	 1 	 0 	 1 	 -1 
231.16		259.107 	 196.92587286 	 97.8047682278 	 1 	 0 	 1 	 -1 
240.57		264.791 	 87.5895631172 	 -16.1284891755 	 0 	 1 	 1 	 1 
252.146		270 	 23.6918649475 	 -152.807035611 	 1 	 0 	 1 	 0 
240.57		275.209 	 211.561956647 	 -73.5393160987 	 0 	 1 	 1 	 0 
231.16		280.893 	 36.3551515501 	 53.1929759624 	 0 	 1 	 1 	 1 
224.195		286.996 	 147.074320436 	 -86.8119732889 	 0 	 1 	 1 	 0 
219.909		293.413 	 91.0535546964 	 55.3230793604 	 0 	 1 	 1 	 0 
218.461		300 	 217.228273991 	 -139.47240749 	 0 	 1 	 1 	 -1 
219.909		306.587 	 44.984934342 	 103.876807712 	 1 	 0 	 1 	 0 
224.196		313.004 	 168.564334536 	 125.960335896 	 1 	 0 	 1 	 0 
231.161		319.107 	 131.346977936 	 -20.9394258627 	 1 	 0 	 1 	 1 
240.57		324.791 	 214.446729786 	 100.734694819 	 0 	 1 	 1 	 -1 
252.146		330 	 171.60950981 	 79.2468063801 	 0 	 1 	 1 	 0 
265.601		334.715 	 148.938184761 	 -1.14184308633 	 1 	 0 	 1 	 0 
255.886		339.826 	 52.3646513542 	 -21.1215647739 	 1 	 0 	 1 	 1 
248.348		345.295 	 288.644055813 	 82.3761395516 	 0 	 1 	 1 	 1 
243.191		351.052 	 114.276815291 	 162.899605482 	 1 	 0 	 1 	 1 
240.57		356.996 	 299.486140383 	 128.939632069 	 1 	 0 	 1 	 -1 
240.57		3.00449 	 321.589689731 	 -146.014353543 	 1 	 0 	 1 	 1 
243.191		8.94827 	 179.818550969 	 -124.781761391 	 1 	 0 	 1 	 0 
248.348		14.7047 	 94.8689667477 	 121.217730855 	 1 	 0 	 1 	 -1 
255.886		20.1736 	 190.956563683 	 -79.0837827801 	 0 	 1 	 1 	 -1 
265.601		25.285 	 68.4845458238 	 -13.0373280494 	 1 	 0 	 1 	 1 
277.258		30 	 23.3263607765 	 7.88897427778 	 0 	 1 	 1 	 1 
265.601		34.715 	 137.24079667 	 121.360928089 	 1 	 0 	 1 	 1 
255.887		39.8264 	 171.721258881 	 145.753569942 	 0 	 1 	 1 	 1 
248.348		45.2953 	 173.634152571 	 103.619026154 	 0 	 1 	 1 	 -1 
243.191		51.0517 	 19.5854617597 	 160.004777551 	 1 	 0 	 1 	 0 
240.57		56.9955 	 30.5423714669 	 -26.2202928535 	 0 	 1 	 1 	 -1 
240.57		63.0045 	 312.966124194 	 -140.73295364 	 1 	 0 	 1 	 -1 
243.191		68.9483 	 81.1962192366 	 -102.373586575 	 0 	 1 	 1 	 0 
248.348		74.7047 	 26.9302732981 	 -162.587796963 	 0 	 1 	 1 	 -1 
255.887		80.1736 	 44.590283335 	 -2.27602253482 	 1 	 0 	 1 	 0 
265.601		85.285 	 52.180670003 	 -26.0769753006 	 0 	 1 	 1 	 1 
277.257		90 	 201.820049478 	 -50.2052097258 	 1 	 0 	 1 	 0 
265.601		94.715 	 127.549382412 	 -175.865665533 	 1 	 0 	 1 	 -1 
255.887		99.8264 	 234.134035286 	 -167.151365835 	 0 	 1 	 1 	 -1 
248.348		105.295 	 231.423560609 	 87.4457973568 	 0 	 1 	 1 	 -1 
243.191		111.052 	 31.5115245269 	 102.79723853 	 1 	 0 	 1 	 1 
240.57		116.996 	 222.060446461 	 146.777184126 	 0 	 1 	 1 	 0 
240.57		123.005 	 289.615306882 	 -163.796371978 	 1 	 0 	 1 	 -1 
243.191		128.948 	 123.204133522 	 -17.1042742376 	 0 	 1 	 1 	 -1 
248.348		134.705 	 203.966036993 	 -173.692372219 	 0 	 1 	 1 	 0 
255.887		140.174 	 167.88134305 	 175.500462552 	 0 	 1 	 1 	 1 
265.6		145.285 	 42.1411480272 	 -119.618077346 	 0 	 1 	 1 	 0 
277.257		150 	 48.0452809016 	 -37.3455678331 	 1 	 0 	 1 	 -1 
265.601		154.715 	 179.545598445 	 -58.5073088312 	 0 	 1 	 1 	 0 
255.886		159.826 	 164.102513096 	 61.9137605598 	 1 	 0 	 1 	 1 
248.348		165.295 	 181.097038333 	 -117.241330764 	 1 	 0 	 1 	 0 
243.191		171.052 	 204.639969598 	 142.715522329 	 1 	 0 	 1 	 0 
240.57		176.996 	 116.622742812 	 46.5391664097 	 0 	 1 	 1 	 1 
240.57		183.005 	 88.2599670639 	 -8.78625974238 	 0 	 1 	 1 	 -1 
243.191		188.948 	 182.043785824 	 68.728289638 	 1 	 0 	 1 	 -1 
248.348		194.705 	 202.844020112 	 122.14290875 	 0 	 1 	 1 	 0 
255.886		200.174 	 252.357654194 	 71.7002723433 	 0 	 1 	 1 	 0 
265.601		205.285 	 297.59033125 	 173.513703301 	 0 	 1 	 1 	 -1 
277.258		210 	 277.711443581 	 -26.1010382096 	 0 	 1 	 1 	 1 
265.6		214.715 	 174.01262232 	 103.521079882 	 0 	 1 	 1 	 1 
255.887		219.826 	 45.6175567552 	 -137.148349839 	 1 	 0 	 1 	 0 
248.348		225.295 	 287.242914525 	 75.2520285998 	 1 	 0 	 1 	 1 
243.191		231.052 	 64.2725100664 	 -34.1812988794 	 0 	 1 	 1 	 1 
240.57		236.995 	 71.9334338441 	 -90.2098788129 	 1 	 0 	 1 	 1 
240.57		243.004 	 7.97543117538 	 -111.225451216 	 1 	 0 	 1 	 0 
243.19		248.948 	 78.3181036516 	 -64.2104839213 	 0 	 1 	 1 	 -1 
248.348		254.705 	 35.3616476246 	 178.08126782 	 0 	 1 	 1 	 1 
255.886		260.174 	 253.078408735 	 -93.2926320586 	 0 	 1 	 1 	 1 
265.601		265.285 	 230.583909723 	 1.80338130986 	 0 	 1 	 1 	 -1 
277.258		270 	 56.1732962019 	 -121.534197801 	 0 	 1 	 1 	 0 
265.601		274.715 	 133.634304746 	 74.5323638749 	 0 	 1 	 1 	 0 
255.886		279.826 	 172.115125547 	 30.3327498925 	 0 	 1 	 1 	 1 
248.348		285.295 	 85.036746639 	 140.640443526 	 0 	 1 	 1 	 0 
243.19		291.052 	 316.606707023 	 152.435527248 	 0 	 1 	 1 	 -1 
240.57		296.996 	 203.86936114 	 86.992893745 	 1 	 0 	 1 	 1 
240.57		303.004 	 130.427595859 	 164.265799317 	 1 	 0 	 1 	 -1 
243.191		308.948 	 286.974177499 	 -19.358837848 	 0 	 1 	 1 	 0 
248.348		314.705 	 217.56474381 	 164.340636917 	 0 	 1 	 1 	 1 
255.886		320.174 	 114.465999305 	 36.1061903464 	 0 	 1 	 1 	 -1 
265.6		325.285 	 313.764968987 	 139.364637284 	 0 	 1 	 1 	 -1 
277.258		330 	 65.4618957566 	 62.2228040406 	 1 	 0 	 1 	 -1 
290.619		334.307 	 52.0832386305 	 3.18845043136 	 1 	 0 	 1 	 -1 
280.659		338.948 	 139.763350578 	 85.9016746285 	 1 	 0 	 1 	 0 
272.656		343.898 	 233.145641823 	 77.8748519505 	 0 	 1 	 1 	 0 
266.79		349.107 	 85.9967848372 	 53.989608493 	 1 	 0 	 1 	 0 
263.206		354.504 	 86.9631516768 	 17.7374510038 	 1 	 0 	 1 	 0 
262.001		0 	 153.248744051 	 -98.881974842 	 0 	 1 	 1 	 1 
263.206		5.49637 	 127.933177775 	 -144.001653988 	 0 	 1 	 1 	 0 
266.79		10.8934 	 141.711832796 	 52.3447976948 	 1 	 0 	 1 	 0 
272.656		16.1021 	 275.299426743 	 48.1130561429 	 1 	 0 	 1 	 0 
280.659		21.0517 	 145.582226906 	 -4.43748452343 	 0 	 1 	 1 	 0 
290.619		25.6934 	 144.392744276 	 -141.532657489 	 1 	 0 	 1 	 -1 
302.34		30 	 150.667742614 	 131.090883245 	 1 	 0 	 1 	 -1 
290.619		34.3066 	 45.9799233914 	 -97.9138041996 	 0 	 1 	 1 	 0 
280.659		38.9483 	 236.029111508 	 153.523560765 	 1 	 0 	 1 	 -1 
272.656		43.8979 	 111.719100173 	 53.8798800673 	 0 	 1 	 1 	 1 
266.789		49.1066 	 51.9443749081 	 -130.030137755 	 0 	 1 	 1 	 1 
263.206		54.5036 	 209.444892541 	 -121.209830056 	 1 	 0 	 1 	 0 
262.001		60 	 71.9716813407 	 175.041752362 	 1 	 0 	 1 	 1 
263.206		65.4964 	 269.624625256 	 -57.4203838097 	 1 	 0 	 1 	 1 
266.79		70.8934 	 292.614209492 	 -1.66899763726 	 0 	 1 	 1 	 1 
272.656		76.1021 	 121.005196233 	 -76.7945484298 	 0 	 1 	 1 	 -1 
280.659		81.0517 	 201.159659119 	 50.6960756699 	 1 	 0 	 1 	 -1 
290.619		85.6934 	 181.387976162 	 62.0645426508 	 1 	 0 	 1 	 0 
302.34		90 	 289.156591355 	 -70.1915581252 	 0 	 1 	 1 	 1 
290.619		94.3066 	 228.858397497 	 -145.584318127 	 0 	 1 	 1 	 0 
280.659		98.9483 	 47.4223361598 	 100.25559115 	 0 	 1 	 1 	 1 
272.655		103.898 	 86.9770112009 	 -97.7268171066 	 0 	 1 	 1 	 1 
266.79		109.107 	 297.766637444 	 -168.080420489 	 1 	 0 	 1 	 -1 
263.206		114.504 	 118.188472088 	 -144.335505924 	 1 	 0 	 1 	 0 
262		120 	 239.236898391 	 152.822625343 	 1 	 0 	 1 	 0 
263.206		125.496 	 132.392634211 	 -31.2292156359 	 0 	 1 	 1 	 -1 
266.79		130.893 	 298.241817425 	 -168.23651196 	 1 	 0 	 1 	 1 
272.655		136.102 	 280.188904826 	 6.52103145943 	 1 	 0 	 1 	 0 
280.659		141.052 	 99.0623250814 	 75.8970141098 	 0 	 1 	 1 	 1 
290.619		145.693 	 99.8497545694 	 -52.0210689445 	 0 	 1 	 1 	 -1 
302.34		150 	 55.8640069379 	 -129.877349409 	 1 	 0 	 1 	 -1 
290.619		154.307 	 180.63014649 	 18.8570778733 	 0 	 1 	 1 	 -1 
280.659		158.948 	 270.91765178 	 -51.7935895632 	 0 	 1 	 1 	 0 
272.656		163.898 	 215.614433618 	 132.91361008 	 1 	 0 	 1 	 -1 
266.789		169.107 	 49.3266599843 	 -110.918519332 	 0 	 1 	 1 	 -1 
263.206		174.504 	 274.753140558 	 -100.18862777 	 1 	 0 	 1 	 1 
262.001		180 	 222.382818861 	 163.330643748 	 0 	 1 	 1 	 1 
263.206		185.496 	 294.608018998 	 -18.5124526785 	 0 	 1 	 1 	 1 
266.789		190.893 	 169.410968494 	 -59.7219556475 	 0 	 1 	 1 	 0 
272.656		196.102 	 26.6027966028 	 -28.069672955 	 1 	 0 	 1 	 0 
280.659		201.052 	 67.3100308786 	 134.396804374 	 0 	 1 	 1 	 1 
290.619		205.693 	 148.940899108 	 -44.1890001232 	 0 	 1 	 1 	 0 
302.34		210 	 214.074701675 	 -91.8812016398 	 0 	 1 	 1 	 1 
290.619		214.307 	 298.794172953 	 -26.9120966152 	 1 	 0 	 1 	 1 
280.658		218.948 	 50.1528311125 	 -27.7459372706 	 0 	 1 	 1 	 1 
272.656		223.898 	 61.5838746403 	 171.0457312 	 0 	 1 	 1 	 1 
266.79		229.107 	 53.5580323836 	 176.162754152 	 0 	 1 	 1 	 -1 
263.206		234.504 	 189.07358152 	 117.863774101 	 0 	 1 	 1 	 -1 
262		240 	 52.9153249583 	 -175.009883796 	 0 	 1 	 1 	 -1 
263.206		245.496 	 59.968770316 	 -115.346942477 	 0 	 1 	 1 	 -1 
266.789		250.893 	 319.79348815 	 174.693948318 	 1 	 0 	 1 	 -1 
272.656		256.102 	 54.0777326885 	 140.477865505 	 1 	 0 	 1 	 0 
280.659		261.052 	 60.8175288304 	 145.000389522 	 1 	 0 	 1 	 1 
290.62		265.693 	 76.8857872153 	 -7.53032111766 	 0 	 1 	 1 	 1 
302.34		270 	 299.04784883 	 -10.4786665415 	 0 	 1 	 1 	 0 
290.62		274.307 	 56.0771091029 	 118.971342218 	 0 	 1 	 1 	 -1 
280.659		278.948 	 209.695735391 	 -25.4998594432 	 0 	 1 	 1 	 -1 
272.656		283.898 	 291.8025691 	 105.579125591 	 1 	 0 	 1 	 1 
266.789		289.107 	 266.466384923 	 -135.915077089 	 0 	 1 	 1 	 0 
263.206		294.504 	 268.128957181 	 85.9946215975 	 1 	 0 	 1 	 -1 
262		300 	 5.9719443481 	 1.7078289352 	 0 	 1 	 1 	 0 
263.206		305.496 	 292.630225903 	 2.89113143279 	 1 	 0 	 1 	 1 
266.79		310.893 	 66.0528559802 	 91.9297205895 	 1 	 0 	 1 	 1 
272.656		316.102 	 29.8981899281 	 152.952578092 	 1 	 0 	 1 	 0 
280.659		321.052 	 176.366533676 	 -90.5102970298 	 1 	 0 	 1 	 1 
290.619		325.693 	 125.188907293 	 61.5920856244 	 1 	 0 	 1 	 1 
302.34		330 	 146.427435259 	 17.3943109709 	 1 	 0 	 1 	 0 
315.62		333.963 	 242.406281054 	 -109.544853235 	 0 	 1 	 1 	 -1 
305.457		338.213 	 37.8222687712 	 -112.349747781 	 1 	 0 	 1 	 1 
297.071		342.731 	 266.013818528 	 -45.5670013383 	 0 	 1 	 1 	 -1 
290.619		347.48 	 81.6671864821 	 80.3665383199 	 0 	 1 	 1 	 -1 
286.236		352.411 	 65.1148500497 	 -78.9134961612 	 0 	 1 	 1 	 0 
284.018		357.457 	 46.068722368 	 -41.6596601518 	 0 	 1 	 1 	 -1 
284.018		2.54292 	 110.859435484 	 9.62577955432 	 0 	 1 	 1 	 -1 
286.236		7.58909 	 269.127561011 	 172.185178172 	 0 	 1 	 1 	 0 
290.619		12.5198 	 29.9605657388 	 177.320586275 	 0 	 1 	 1 	 1 
297.071		17.2695 	 152.526247988 	 -40.2822668875 	 1 	 0 	 1 	 0 
305.457		21.7868 	 181.455305468 	 -130.43627363 	 1 	 0 	 1 	 -1 
315.62		26.0368 	 172.956491241 	 -11.8597614045 	 1 	 0 	 1 	 -1 
327.39		30 	 152.174870905 	 74.1943440196 	 1 	 0 	 1 	 0 
305.457		38.2132 	 71.4022697114 	 7.41278999668 	 1 	 0 	 1 	 0 
297.071		42.7305 	 198.052186381 	 167.576358512 	 0 	 1 	 1 	 1 
290.619		47.4802 	 37.9934050164 	 -141.105988969 	 1 	 0 	 1 	 0 
286.236		52.4109 	 149.07976866 	 -15.0901219288 	 0 	 1 	 1 	 0 
284.018		57.4571 	 272.43106615 	 -131.175198933 	 0 	 1 	 1 	 1 
284.018		62.5429 	 221.533879144 	 24.1997879189 	 0 	 1 	 1 	 0 
286.236		67.5891 	 21.7425844188 	 -76.8827815485 	 1 	 0 	 1 	 0 
290.619		72.5198 	 176.580391109 	 122.34142526 	 1 	 0 	 1 	 -1 
297.071		77.2695 	 265.765512393 	 164.773887713 	 1 	 0 	 1 	 -1 
305.457		81.7868 	 268.027589806 	 -135.210070665 	 0 	 1 	 1 	 -1 
315.62		86.0368 	 318.781987095 	 110.082207801 	 0 	 1 	 1 	 1 
327.39		90 	 153.022867776 	 159.866292057 	 0 	 1 	 1 	 0 
315.62		93.9632 	 181.791825017 	 65.48208389 	 1 	 0 	 1 	 -1 
305.457		98.2132 	 209.811597173 	 44.0226808682 	 0 	 1 	 1 	 0 
297.071		102.731 	 266.265089918 	 13.0510024023 	 0 	 1 	 1 	 -1 
290.619		107.48 	 195.291621742 	 81.4198780892 	 1 	 0 	 1 	 1 
286.236		112.411 	 189.300908605 	 156.090868633 	 1 	 0 	 1 	 -1 
284.018		117.457 	 48.8297205681 	 -159.57754975 	 1 	 0 	 1 	 1 
284.018		122.543 	 87.5420256411 	 -150.983425928 	 0 	 1 	 1 	 -1 
286.236		127.589 	 234.633934941 	 95.4243862475 	 0 	 1 	 1 	 -1 
290.62		132.52 	 229.063398447 	 2.56493503378 	 0 	 1 	 1 	 1 
297.071		137.269 	 1.30851518126 	 -29.543557138 	 0 	 1 	 1 	 0 
305.457		141.787 	 279.802604368 	 52.5627251636 	 0 	 1 	 1 	 -1 
315.62		146.037 	 136.371895628 	 -120.965982308 	 0 	 1 	 1 	 -1 
327.39		150 	 271.905127859 	 -158.996857022 	 0 	 1 	 1 	 -1 
315.619		153.963 	 259.655229145 	 107.154387014 	 0 	 1 	 1 	 1 
305.457		158.213 	 234.797173658 	 -10.0141256929 	 0 	 1 	 1 	 1 
297.071		162.731 	 206.099173987 	 26.4629746262 	 1 	 0 	 1 	 0 
290.62		167.48 	 92.3431063335 	 166.32116139 	 0 	 1 	 1 	 1 
286.236		172.411 	 247.701382648 	 -109.981921793 	 0 	 1 	 1 	 -1 
284.019		177.457 	 252.504505834 	 -175.183849485 	 0 	 1 	 1 	 0 
284.019		182.543 	 117.515543229 	 -13.2268707466 	 0 	 1 	 1 	 -1 
286.236		187.589 	 198.291264761 	 25.8158401891 	 1 	 0 	 1 	 -1 
290.62		192.52 	 185.810521104 	 161.044613242 	 0 	 1 	 1 	 1 
297.071		197.269 	 22.486912236 	 100.659610804 	 0 	 1 	 1 	 0 
305.457		201.787 	 155.135597589 	 76.5920736569 	 1 	 0 	 1 	 0 
315.62		206.037 	 3.61170020084 	 92.7897371359 	 1 	 0 	 1 	 0 
327.39		210 	 268.09360483 	 95.5281715127 	 0 	 1 	 1 	 1 
315.62		213.963 	 3.75497796212 	 60.6350627268 	 1 	 0 	 1 	 -1 
305.457		218.213 	 67.4623452007 	 -14.5991951263 	 1 	 0 	 1 	 -1 
297.071		222.731 	 175.967363142 	 100.268848096 	 0 	 1 	 1 	 -1 
290.619		227.48 	 33.6354502668 	 33.5469768628 	 1 	 0 	 1 	 1 
286.236		232.411 	 208.586079908 	 52.5377618815 	 0 	 1 	 1 	 -1 
284.018		237.457 	 67.2536608381 	 63.6639947959 	 0 	 1 	 1 	 0 
284.019		242.543 	 293.658899423 	 -27.9047788184 	 0 	 1 	 1 	 1 
286.236		247.589 	 202.905163873 	 -129.043375907 	 0 	 1 	 1 	 -1 
290.62		252.52 	 290.30968725 	 10.9557683908 	 0 	 1 	 1 	 -1 
297.071		257.269 	 321.685060679 	 46.0044402453 	 0 	 1 	 1 	 1 
305.457		261.787 	 18.5354635114 	 3.58893248016 	 0 	 1 	 1 	 0 
315.62		266.037 	 67.3117377848 	 -121.0948753 	 1 	 0 	 1 	 0 
327.39		270 	 312.772601873 	 122.229800118 	 1 	 0 	 1 	 1 
315.62		273.963 	 264.616795404 	 1.70549096469 	 1 	 0 	 1 	 -1 
305.457		278.213 	 324.879299301 	 -81.0669765578 	 0 	 1 	 1 	 1 
297.071		282.731 	 299.140441427 	 -71.9300626892 	 0 	 1 	 1 	 -1 
290.62		287.48 	 178.726797529 	 -11.4786739236 	 0 	 1 	 1 	 0 
286.236		292.411 	 299.485252827 	 12.4483253712 	 0 	 1 	 1 	 -1 
284.019		297.457 	 128.874481133 	 -48.9827868079 	 0 	 1 	 1 	 0 
284.018		302.543 	 211.157505911 	 151.009166852 	 1 	 0 	 1 	 0 
286.236		307.589 	 45.4872360662 	 140.354955439 	 1 	 0 	 1 	 -1 
290.619		312.52 	 173.75192241 	 -138.890207292 	 0 	 1 	 1 	 -1 
297.071		317.269 	 80.488153524 	 46.7186759581 	 0 	 1 	 1 	 1 
305.457		321.787 	 303.90363218 	 -40.6848290271 	 1 	 0 	 1 	 0 
327.39		330 	 277.086179477 	 62.152156396 	 1 	 0 	 1 	 1 
340.597		333.67 	 190.126991754 	 -55.8810478743 	 1 	 0 	 1 	 0 
330.266		337.589 	 85.196793146 	 12.2667834485 	 1 	 0 	 1 	 1 
321.56		341.742 	 203.967651605 	 -113.515802417 	 0 	 1 	 1 	 -1 
314.619		346.102 	 216.802102216 	 -100.174044192 	 1 	 0 	 1 	 1 
309.563		350.633 	 184.027093251 	 -46.6501815218 	 0 	 1 	 1 	 -1 
306.489		355.285 	 278.116337125 	 80.1799612914 	 1 	 0 	 1 	 0 
305.457		0 	 86.8389260465 	 144.972272311 	 1 	 0 	 1 	 0 
306.489		4.715 	 224.546481581 	 94.9216322793 	 0 	 1 	 1 	 -1 
309.563		9.367 	 191.638354738 	 -131.51857759 	 0 	 1 	 1 	 1 
314.619		13.8979 	 317.514277723 	 -152.207463458 	 0 	 1 	 1 	 -1 
321.56		18.2585 	 89.5336034433 	 38.1523038351 	 0 	 1 	 1 	 -1 
330.266		22.4109 	 48.084153388 	 -56.9881507578 	 0 	 1 	 1 	 -1 
340.597		26.3295 	 208.813782766 	 -105.164436105 	 1 	 0 	 1 	 -1 
352.406		30 	 33.9469793287 	 -103.839000844 	 1 	 0 	 1 	 -1 
340.597		33.6705 	 214.613232163 	 157.185054447 	 0 	 1 	 1 	 0 
330.266		37.5891 	 175.535233789 	 -119.933493641 	 0 	 1 	 1 	 -1 
321.56		41.7415 	 324.881852502 	 60.3462021746 	 1 	 0 	 1 	 1 
314.619		46.1021 	 68.910216364 	 178.264255387 	 0 	 1 	 1 	 -1 
309.563		50.633 	 27.784077333 	 57.9069218734 	 0 	 1 	 1 	 0 
306.489		55.285 	 292.096239845 	 1.71465493934 	 0 	 1 	 1 	 0 
305.457		60 	 63.5189192806 	 -113.615728545 	 0 	 1 	 1 	 -1 
306.489		64.715 	 282.609689958 	 45.221726741 	 1 	 0 	 1 	 1 
309.563		69.367 	 134.25827607 	 179.473763024 	 1 	 0 	 1 	 0 
314.619		73.8979 	 176.800029941 	 -33.8268338458 	 0 	 1 	 1 	 -1 
321.56		78.2585 	 189.6318099 	 -30.4536813623 	 1 	 0 	 1 	 0 
330.266		82.4109 	 294.73699397 	 116.392085559 	 1 	 0 	 1 	 0 
340.597		86.3295 	 23.8223046716 	 -42.8731774261 	 1 	 0 	 1 	 1 
352.406		90 	 155.498463456 	 53.7913837849 	 0 	 1 	 1 	 0 
340.597		93.6705 	 247.191363338 	 -161.85709021 	 1 	 0 	 1 	 -1 
330.266		97.5891 	 32.4652877423 	 -124.540976148 	 0 	 1 	 1 	 -1 
321.56		101.742 	 220.832055754 	 165.385117982 	 1 	 0 	 1 	 -1 
314.619		106.102 	 97.1854493211 	 92.479211711 	 1 	 0 	 1 	 -1 
309.563		110.633 	 121.55479137 	 129.700156778 	 0 	 1 	 1 	 0 
306.489		115.285 	 125.31295428 	 -158.177309226 	 1 	 0 	 1 	 0 
305.457		120 	 53.7459752018 	 78.3248252766 	 1 	 0 	 1 	 -1 
306.489		124.715 	 266.979370079 	 -166.603577418 	 0 	 1 	 1 	 1 
309.563		129.367 	 147.944840093 	 167.529291736 	 1 	 0 	 1 	 -1 
314.619		133.898 	 32.056935958 	 171.204541239 	 0 	 1 	 1 	 -1 
321.56		138.258 	 252.815853253 	 33.1539411307 	 1 	 0 	 1 	 -1 
330.266		142.411 	 222.102588154 	 -96.4830753789 	 0 	 1 	 1 	 0 
340.597		146.329 	 68.6417970135 	 107.96463734 	 0 	 1 	 1 	 0 
352.406		150 	 18.3470833486 	 -145.865647473 	 1 	 0 	 1 	 -1 
340.597		153.671 	 113.536559299 	 -175.216474416 	 1 	 0 	 1 	 0 
330.266		157.589 	 321.350681887 	 -13.2216920367 	 1 	 0 	 1 	 -1 
321.561		161.742 	 216.01648804 	 -38.7681504692 	 0 	 1 	 1 	 -1 
314.618		166.102 	 238.677079586 	 -110.084248771 	 0 	 1 	 1 	 -1 
309.563		170.633 	 211.918095245 	 169.393599571 	 1 	 0 	 1 	 -1 
306.488		175.285 	 122.249541455 	 -15.3301414529 	 0 	 1 	 1 	 1 
305.457		180 	 79.2056259232 	 -81.819511793 	 0 	 1 	 1 	 1 
306.488		184.715 	 207.114505359 	 63.1220568196 	 0 	 1 	 1 	 1 
309.563		189.367 	 96.6188683941 	 -59.0220846268 	 0 	 1 	 1 	 1 
314.618		193.898 	 152.604134136 	 66.0755325723 	 0 	 1 	 1 	 1 
321.561		198.258 	 216.056331493 	 -12.4314946581 	 1 	 0 	 1 	 -1 
330.266		202.411 	 56.283586345 	 73.7464402774 	 1 	 0 	 1 	 1 
340.597		206.329 	 158.592770804 	 -17.142634438 	 0 	 1 	 1 	 0 
352.406		210 	 120.470687916 	 153.344724365 	 1 	 0 	 1 	 0 
330.266		217.589 	 11.8029492942 	 -173.134882378 	 0 	 1 	 1 	 -1 
321.56		221.742 	 124.421249051 	 -34.6026931051 	 1 	 0 	 1 	 0 
314.619		226.102 	 294.756898711 	 74.350214623 	 1 	 0 	 1 	 -1 
309.563		230.633 	 119.916957126 	 29.566225137 	 0 	 1 	 1 	 -1 
306.489		235.285 	 209.501946885 	 -154.167804052 	 0 	 1 	 1 	 0 
305.456		240 	 42.251438638 	 -69.1378103496 	 0 	 1 	 1 	 1 
306.488		244.715 	 42.568322607 	 174.940385865 	 1 	 0 	 1 	 0 
309.563		249.367 	 83.6646102831 	 -166.553529833 	 0 	 1 	 1 	 1 
314.619		253.898 	 146.584712408 	 103.942456651 	 0 	 1 	 1 	 -1 
321.56		258.258 	 190.195991931 	 -105.667619092 	 0 	 1 	 1 	 -1 
330.266		262.411 	 215.259830669 	 -117.830137499 	 1 	 0 	 1 	 0 
340.597		266.33 	 217.029343708 	 -9.37533824443 	 1 	 0 	 1 	 1 
340.597		273.671 	 123.136069315 	 -108.978186354 	 1 	 0 	 1 	 0 
330.266		277.589 	 69.09447906 	 -176.125474371 	 0 	 1 	 1 	 -1 
321.56		281.742 	 127.335801231 	 21.8492401943 	 1 	 0 	 1 	 -1 
314.619		286.102 	 24.8028504101 	 101.761771451 	 1 	 0 	 1 	 1 
309.563		290.633 	 81.3200730241 	 108.268213871 	 1 	 0 	 1 	 0 
306.488		295.285 	 19.5258896984 	 29.5548793397 	 1 	 0 	 1 	 0 
305.457		300 	 295.229916664 	 106.251882632 	 0 	 1 	 1 	 -1 
306.489		304.715 	 115.079195466 	 124.38378555 	 0 	 1 	 1 	 -1 
309.563		309.367 	 172.154920409 	 -0.0249144792843 	 1 	 0 	 1 	 1 
314.619		313.898 	 166.635542755 	 61.0636360563 	 1 	 0 	 1 	 1 
321.56		318.258 	 122.009148188 	 5.70391158227 	 0 	 1 	 1 	 -1 
330.266		322.411 	 45.9137337259 	 126.462926272 	 1 	 0 	 1 	 0 
340.597		326.33 	 308.83479025 	 -83.836774971 	 0 	 1 	 1 	 1 
352.406		330 	 5.42864979019 	 90.0362321455 	 1 	 0 	 1 	 0 
365.546		333.418 	 150.394462499 	 89.7766423101 	 0 	 1 	 1 	 -1 
355.074		337.053 	 310.926962802 	 -53.4370383691 	 1 	 0 	 1 	 -1 
346.099		340.893 	 221.470823903 	 21.9252307088 	 0 	 1 	 1 	 -1 
338.742		344.921 	 93.9536606915 	 -83.9252849222 	 0 	 1 	 1 	 0 
333.116		349.107 	 197.944842006 	 -142.650477561 	 0 	 1 	 1 	 -1 
329.31		353.413 	 168.683291668 	 -37.2648817654 	 1 	 0 	 1 	 1 
327.39		357.796 	 202.984631978 	 129.608461888 	 0 	 1 	 1 	 1 
327.39		2.20423 	 32.2280872984 	 -135.266598688 	 0 	 1 	 1 	 -1 
329.31		6.58678 	 209.505864596 	 156.614753719 	 1 	 0 	 1 	 0 
333.116		10.8934 	 323.543108003 	 53.42354987 	 0 	 1 	 1 	 -1 
338.742		15.0791 	 104.190693455 	 116.873405537 	 1 	 0 	 1 	 0 
346.099		19.1066 	 108.619697956 	 85.2479061201 	 1 	 0 	 1 	 1 
355.074		22.9473 	 33.2597211702 	 -31.3237181736 	 1 	 0 	 1 	 -1 
365.546		26.582 	 156.471568851 	 151.500862329 	 1 	 0 	 1 	 1 
377.385		30 	 86.2009375945 	 -102.459085442 	 0 	 1 	 1 	 0 
365.546		33.418 	 12.5503499625 	 119.87398538 	 0 	 1 	 1 	 1 
355.074		37.0527 	 144.148804186 	 69.4919873974 	 0 	 1 	 1 	 1 
346.099		40.8934 	 258.144909955 	 -26.1202661907 	 1 	 0 	 1 	 1 
338.743		44.9209 	 181.706320361 	 68.2402170843 	 1 	 0 	 1 	 0 
333.116		49.1066 	 294.988342664 	 24.3199549202 	 1 	 0 	 1 	 -1 
329.31		53.4132 	 202.574835412 	 -100.040201099 	 1 	 0 	 1 	 0 
327.39		57.7958 	 62.6873107345 	 145.595231807 	 0 	 1 	 1 	 -1 
327.39		62.2042 	 192.906412718 	 56.2210298957 	 0 	 1 	 1 	 0 
329.31		66.5868 	 186.424108265 	 56.0349447087 	 0 	 1 	 1 	 -1 
333.116		70.8934 	 255.238373182 	 72.6505699434 	 1 	 0 	 1 	 1 
338.742		75.0791 	 77.2216161863 	 -19.5122836503 	 0 	 1 	 1 	 0 
346.099		79.1066 	 234.779246351 	 -0.553335784729 	 0 	 1 	 1 	 -1 
355.074		82.9473 	 135.766360586 	 -20.3212617363 	 0 	 1 	 1 	 -1 
