25.2587		30 	 27.2558940304 	 12.140246401 	 0 	 0 	 1 	 -1 
25.2587		90 	 32.1354370483 	 128.412233005 	 1 	 1 	 1 	 1 
25.2587		150 	 38.4048899463 	 153.483303972 	 1 	 0 	 1 	 1 
25.2587		210 	 5.94009529899 	 179.199723304 	 1 	 1 	 1 	 -1 
25.2587		270 	 42.9259082512 	 -85.3236166156 	 1 	 0 	 1 	 -1 
43.7478		0 	 48.1165763391 	 -21.9980511958 	 1 	 1 	 1 	 0 
50.5147		30 	 61.5929197223 	 28.4558854669 	 0 	 0 	 1 	 1 
43.7478		60 	 41.0324638473 	 79.1048569597 	 1 	 0 	 1 	 0 
50.5147		90 	 58.0475628367 	 87.2327992201 	 1 	 0 	 1 	 0 
43.7478		120 	 30.4372246507 	 118.193367464 	 0 	 0 	 1 	 -1 
50.5147		150 	 37.5158187036 	 144.297354473 	 0 	 1 	 1 	 0 
43.7478		180 	 61.1043968448 	 165.413913711 	 1 	 0 	 1 	 1 
50.5147		210 	 42.6175559441 	 -147.915638303 	 1 	 1 	 1 	 0 
43.7478		240 	 51.866097072 	 -138.082766102 	 0 	 1 	 1 	 0 
43.7478		300 	 46.4755223021 	 -46.1039450799 	 0 	 1 	 1 	 1 
50.5148		330 	 66.9862588439 	 -39.0155165627 	 1 	 1 	 1 	 0 
66.8212		349.107 	 59.7254758673 	 -5.95593302714 	 0 	 1 	 1 	 -1 
66.8212		10.8934 	 54.0843651811 	 25.0005579176 	 0 	 0 	 1 	 1 
75.7654		30 	 76.1371026662 	 38.9970912114 	 0 	 1 	 1 	 -1 
66.8212		49.1066 	 74.5767156558 	 57.168758907 	 0 	 1 	 1 	 1 
66.8212		70.8934 	 57.3939495744 	 84.7098016814 	 0 	 1 	 1 	 0 
75.7654		90 	 80.8115700222 	 78.0801928081 	 1 	 0 	 1 	 -1 
66.8212		109.107 	 48.3815033668 	 120.230374005 	 0 	 0 	 1 	 -1 
66.8212		130.893 	 66.9123922547 	 114.100786941 	 0 	 1 	 1 	 -1 
75.7654		150 	 59.4334600444 	 138.037082445 	 0 	 1 	 1 	 -1 
66.8212		169.107 	 75.408485135 	 168.999426921 	 1 	 0 	 1 	 0 
66.8212		190.893 	 49.1599811446 	 -170.62731345 	 1 	 1 	 1 	 0 
66.8212		229.107 	 88.4564277455 	 -132.017413646 	 0 	 0 	 1 	 0 
66.8212		250.893 	 72.751461675 	 -126.339096285 	 0 	 0 	 1 	 1 
75.7654		270 	 85.9089184272 	 -93.4767557349 	 0 	 1 	 1 	 1 
66.8212		289.107 	 76.7355029345 	 -64.1804363518 	 0 	 1 	 1 	 1 
66.8212		310.893 	 48.218768861 	 -46.7261764442 	 1 	 1 	 1 	 1 
75.7654		330 	 66.6358181942 	 -15.6654497352 	 0 	 1 	 1 	 -1 
91.0523		343.898 	 99.8439617075 	 -25.458875431 	 0 	 1 	 1 	 -1 
87.4818		0 	 95.1424401662 	 6.06269929011 	 1 	 1 	 1 	 1 
91.0523		16.1021 	 79.945541503 	 4.64751302814 	 1 	 1 	 1 	 0 
101.008		30 	 102.550377304 	 36.1842189022 	 1 	 1 	 1 	 1 
91.0523		43.8979 	 87.5801671581 	 31.729483725 	 0 	 1 	 1 	 -1 
87.4818		60 	 108.569693315 	 56.2341953195 	 0 	 0 	 1 	 1 
91.0523		76.1021 	 81.1730441299 	 66.3209075605 	 0 	 0 	 1 	 -1 
91.0523		103.898 	 100.170363296 	 102.570550215 	 0 	 0 	 1 	 0 
87.4818		120 	 91.3342022567 	 113.552242959 	 0 	 0 	 1 	 -1 
91.0523		136.102 	 102.692410394 	 146.704515265 	 1 	 0 	 1 	 1 
91.0523		163.898 	 98.5359247286 	 174.2183174 	 0 	 0 	 1 	 0 
87.4818		180 	 78.5057000704 	 -168.993650622 	 1 	 1 	 1 	 0 
91.0523		196.102 	 107.336760876 	 -160.903879098 	 0 	 1 	 1 	 1 
101.008		210 	 104.738537016 	 -155.2058661 	 1 	 1 	 1 	 1 
91.0523		223.898 	 83.1500250386 	 -124.450476449 	 0 	 1 	 1 	 -1 
87.4818		240 	 107.032449516 	 -115.418359876 	 1 	 0 	 1 	 1 
91.0523		256.102 	 78.3543327152 	 -96.2739378488 	 0 	 0 	 1 	 0 
101.008		270 	 99.5479912795 	 -98.5632317983 	 0 	 0 	 1 	 0 
91.0523		283.898 	 98.7826941297 	 -83.3220916436 	 0 	 1 	 1 	 0 
87.4817		300 	 92.2718983871 	 -49.5746986753 	 0 	 0 	 1 	 0 
91.0523		316.102 	 104.377320207 	 -36.1918722666 	 0 	 0 	 1 	 1 
101.008		330 	 86.7628547433 	 -32.4602629633 	 0 	 1 	 1 	 -1 
115.709		340.893 	 94.2613958362 	 -17.7826050565 	 1 	 0 	 1 	 -1 
110.065		353.413 	 98.8699807223 	 -6.72231451895 	 1 	 1 	 1 	 -1 
110.065		6.58677 	 117.332142064 	 9.90028701348 	 1 	 1 	 1 	 0 
115.709		19.1066 	 125.764674605 	 21.9409031753 	 0 	 1 	 1 	 0 
126.24		30 	 137.991069254 	 23.9488514995 	 0 	 1 	 1 	 0 
115.709		40.8934 	 115.818868681 	 45.8991670619 	 0 	 0 	 1 	 -1 
110.065		53.4132 	 90.4128820928 	 52.4212932605 	 0 	 0 	 1 	 0 
110.065		66.5868 	 123.629790425 	 64.7253812598 	 0 	 1 	 1 	 1 
115.709		79.1066 	 103.465839607 	 87.8206418958 	 0 	 1 	 1 	 -1 
126.24		90 	 110.390929279 	 87.7837573715 	 0 	 0 	 1 	 -1 
115.709		100.893 	 123.188517324 	 102.659207067 	 1 	 0 	 1 	 0 
110.065		113.413 	 117.724230772 	 104.044721039 	 1 	 0 	 1 	 0 
110.065		126.587 	 99.3344859665 	 129.825501072 	 1 	 1 	 1 	 0 
115.709		139.107 	 103.99836893 	 146.457276595 	 0 	 0 	 1 	 0 
126.24		150 	 146.942119104 	 147.576791976 	 0 	 0 	 1 	 1 
115.709		160.893 	 118.319466311 	 154.479528065 	 1 	 1 	 1 	 1 
110.066		173.413 	 129.839610853 	 172.536595921 	 1 	 1 	 1 	 -1 
110.066		186.587 	 122.033700573 	 -166.561956457 	 1 	 1 	 1 	 -1 
115.709		199.107 	 115.365514201 	 -165.017835938 	 1 	 0 	 1 	 -1 
126.24		210 	 140.861202546 	 -143.840433924 	 0 	 0 	 1 	 -1 
115.709		220.893 	 124.016889973 	 -130.407788949 	 1 	 0 	 1 	 0 
110.065		233.413 	 121.174291107 	 -130.566118361 	 0 	 1 	 1 	 0 
110.065		246.587 	 100.467208212 	 -106.500529352 	 1 	 1 	 1 	 0 
115.709		259.107 	 97.7961225066 	 -99.9769213171 	 0 	 1 	 1 	 -1 
126.24		270 	 109.304845568 	 -86.2493034742 	 1 	 1 	 1 	 -1 
115.709		280.893 	 135.826840585 	 -82.234371489 	 0 	 0 	 1 	 1 
110.065		293.413 	 98.8878129715 	 -69.1304775821 	 0 	 1 	 1 	 1 
110.065		306.587 	 112.787139075 	 -60.9043414101 	 1 	 1 	 1 	 1 
115.709		319.107 	 99.6077713933 	 -48.5084848463 	 0 	 0 	 1 	 1 
126.24		330 	 128.913147329 	 -22.4247868541 	 1 	 1 	 1 	 -1 
140.56		338.948 	 154.141428595 	 -16.3793388908 	 0 	 1 	 1 	 0 
133.593		349.107 	 138.649435458 	 -7.21252259519 	 0 	 1 	 1 	 -1 
131.188		0 	 117.196172818 	 0.350437556757 	 0 	 0 	 1 	 1 
133.593		10.8934 	 144.446257993 	 14.3782953216 	 1 	 0 	 1 	 1 
140.56		21.0517 	 147.627540986 	 24.7953916954 	 0 	 0 	 1 	 1 
151.459		30 	 150.060609896 	 36.2733280601 	 1 	 0 	 1 	 0 
140.56		38.9483 	 145.413480451 	 43.7262210679 	 0 	 1 	 1 	 0 
133.593		49.1066 	 147.287524496 	 45.606475783 	 0 	 1 	 1 	 1 
131.188		60 	 111.487746212 	 63.8775525002 	 1 	 1 	 1 	 -1 
133.593		70.8934 	 140.277255214 	 75.6406366755 	 0 	 1 	 1 	 1 
140.56		81.0517 	 138.499761528 	 77.5739176487 	 0 	 0 	 1 	 -1 
151.459		90 	 152.501177271 	 95.9893417143 	 1 	 0 	 1 	 1 
140.56		98.9483 	 137.746276621 	 93.7192765798 	 1 	 0 	 1 	 1 
133.593		109.107 	 120.838141643 	 104.300027019 	 1 	 0 	 1 	 -1 
131.188		120 	 141.254871424 	 119.928043158 	 0 	 1 	 1 	 -1 
133.593		130.893 	 146.159821504 	 135.295824651 	 1 	 0 	 1 	 -1 
140.56		141.052 	 135.210685753 	 144.036297438 	 0 	 0 	 1 	 -1 
151.459		150 	 153.130105706 	 155.873346316 	 1 	 1 	 1 	 1 
140.56		158.948 	 156.774428395 	 153.816976025 	 1 	 0 	 1 	 1 
133.593		169.107 	 142.956116962 	 167.32333389 	 1 	 1 	 1 	 0 
131.188		180 	 145.684786599 	 179.382129877 	 0 	 1 	 1 	 -1 
133.593		190.893 	 146.217279607 	 -170.588347431 	 1 	 1 	 1 	 1 
140.56		201.052 	 149.307617917 	 -162.118812075 	 1 	 1 	 1 	 0 
151.459		210 	 171.853219832 	 -152.806825728 	 1 	 0 	 1 	 -1 
140.56		218.948 	 140.209636861 	 -137.61353267 	 1 	 0 	 1 	 -1 
133.593		229.107 	 155.150015994 	 -132.497570004 	 0 	 0 	 1 	 1 
131.188		240 	 141.34074794 	 -114.735860195 	 1 	 0 	 1 	 1 
133.592		250.893 	 137.672002652 	 -106.091637902 	 1 	 1 	 1 	 -1 
140.56		261.052 	 127.522799878 	 -93.8421657304 	 1 	 1 	 1 	 -1 
151.459		270 	 160.457373849 	 -88.5855313572 	 0 	 1 	 1 	 -1 
140.56		278.948 	 124.953880809 	 -75.7066641569 	 0 	 1 	 1 	 -1 
133.592		289.107 	 131.097530094 	 -80.4524701486 	 1 	 1 	 1 	 1 
131.188		300 	 142.812069416 	 -58.1621891391 	 1 	 1 	 1 	 -1 
133.593		310.893 	 121.415164179 	 -55.0711818613 	 0 	 0 	 1 	 -1 
140.56		321.052 	 125.428497655 	 -41.3317727817 	 0 	 1 	 1 	 0 
151.459		330 	 141.517054281 	 -32.2993363533 	 0 	 0 	 1 	 0 
165.51		337.589 	 176.625127038 	 -22.8465480216 	 0 	 0 	 1 	 0 
157.635		346.102 	 144.545590655 	 -15.2385069528 	 1 	 1 	 1 	 0 
153.545		355.285 	 174.533284031 	 -3.71664830837 	 1 	 1 	 1 	 1 
153.545		4.715 	 162.076479581 	 4.80968741497 	 1 	 0 	 1 	 0 
157.635		13.8979 	 162.840696518 	 16.3737070626 	 0 	 0 	 1 	 -1 
165.51		22.4109 	 161.014366897 	 15.738857944 	 0 	 0 	 1 	 1 
176.661		30 	 167.77577619 	 27.0088101699 	 0 	 0 	 1 	 1 
165.51		37.5891 	 157.915172513 	 37.68114591 	 0 	 0 	 1 	 -1 
157.635		46.1021 	 139.266212363 	 43.945327499 	 0 	 0 	 1 	 -1 
153.545		55.285 	 142.006163493 	 55.025166869 	 1 	 1 	 1 	 1 
153.545		64.715 	 163.890291494 	 66.4086030205 	 1 	 1 	 1 	 1 
157.635		73.8979 	 171.36777681 	 76.0904758267 	 1 	 1 	 1 	 0 
165.51		82.4109 	 173.299755344 	 76.0794306778 	 1 	 1 	 1 	 0 
176.661		90 	 176.13611362 	 94.9023532699 	 0 	 0 	 1 	 0 
165.51		97.5891 	 160.313151488 	 95.0790495494 	 0 	 0 	 1 	 -1 
157.635		106.102 	 167.902596667 	 103.040127435 	 0 	 1 	 1 	 -1 
153.545		115.285 	 156.1774692 	 112.41554419 	 0 	 0 	 1 	 0 
153.545		124.715 	 161.190112881 	 123.341385178 	 1 	 0 	 1 	 1 
157.635		133.898 	 156.802111137 	 140.019184131 	 0 	 1 	 1 	 -1 
165.51		142.411 	 155.042915002 	 137.448090504 	 0 	 0 	 1 	 -1 
176.661		150 	 171.459417692 	 144.244477475 	 0 	 0 	 1 	 0 
165.509		157.589 	 146.452394575 	 160.174785722 	 1 	 1 	 1 	 1 
157.635		166.102 	 167.348257319 	 163.069751589 	 0 	 1 	 1 	 0 
153.546		175.285 	 162.439736748 	 171.705726071 	 0 	 1 	 1 	 1 
153.546		184.715 	 169.199264415 	 -174.225907774 	 0 	 0 	 1 	 0 
157.635		193.898 	 169.236314155 	 -171.512451182 	 0 	 0 	 1 	 0 
165.509		202.411 	 154.243635318 	 -152.183226457 	 1 	 0 	 1 	 1 
165.51		217.589 	 169.358450414 	 -138.138768414 	 1 	 0 	 1 	 1 
157.635		226.102 	 148.593984874 	 -137.300715358 	 0 	 1 	 1 	 0 
153.545		235.285 	 163.761528126 	 -126.609439163 	 1 	 1 	 1 	 0 
153.545		244.715 	 149.178659214 	 -117.957641644 	 0 	 1 	 1 	 0 
157.635		253.898 	 152.415973906 	 -102.085661011 	 1 	 0 	 1 	 0 
165.51		262.411 	 186.382303441 	 -97.5673466869 	 1 	 1 	 1 	 0 
176.661		270 	 179.055819928 	 -96.3329383259 	 1 	 0 	 1 	 -1 
165.51		277.589 	 181.506444383 	 -87.5063624793 	 1 	 0 	 1 	 1 
157.635		286.102 	 155.631819567 	 -69.1321095215 	 0 	 1 	 1 	 1 
153.545		295.285 	 167.882999183 	 -58.571072604 	 1 	 1 	 1 	 0 
153.545		304.715 	 138.144598276 	 -50.1740339783 	 1 	 1 	 1 	 -1 
157.635		313.898 	 167.349874368 	 -48.1375521667 	 0 	 1 	 1 	 1 
165.51		322.411 	 153.494552591 	 -37.6539347768 	 0 	 1 	 1 	 0 
176.661		330 	 196.649872407 	 -31.0322430456 	 0 	 0 	 1 	 1 
190.511		336.587 	 170.628533014 	 -24.1360465066 	 0 	 0 	 1 	 1 
181.979		343.898 	 172.245155545 	 -15.8957664511 	 1 	 0 	 1 	 1 
176.661		351.787 	 165.053491317 	 -3.56261352912 	 0 	 1 	 1 	 0 
174.852		0 	 188.494264846 	 -1.65910238852 	 1 	 1 	 1 	 -1 
176.661		8.21321 	 166.378473729 	 6.33172908273 	 1 	 0 	 1 	 0 
181.979		16.1021 	 197.043011169 	 15.6935793345 	 0 	 0 	 1 	 -1 
190.511		23.4132 	 173.20946679 	 22.6486295771 	 0 	 0 	 1 	 -1 
201.845		30 	 201.187364084 	 35.5720864259 	 1 	 1 	 1 	 0 
181.979		43.8979 	 184.307287358 	 47.6771438532 	 0 	 0 	 1 	 1 
176.661		51.7868 	 188.151270935 	 48.4566071874 	 0 	 1 	 1 	 1 
174.852		60 	 169.991049973 	 56.0410948458 	 0 	 1 	 1 	 0 
176.661		68.2132 	 167.370787606 	 70.3503023468 	 1 	 0 	 1 	 0 
181.979		76.1021 	 171.959879051 	 72.0787779466 	 1 	 1 	 1 	 -1 
190.511		83.4132 	 188.785895873 	 87.4140107329 	 1 	 0 	 1 	 0 
201.845		90 	 194.904697635 	 91.2866876874 	 1 	 0 	 1 	 1 
190.511		96.5868 	 198.84957444 	 91.6581603422 	 1 	 1 	 1 	 1 
181.979		103.898 	 186.286026001 	 106.052157698 	 0 	 1 	 1 	 -1 
176.661		111.787 	 187.706607385 	 108.957168348 	 1 	 0 	 1 	 -1 
174.852		120 	 188.270869422 	 117.747763455 	 1 	 0 	 1 	 0 
176.661		128.213 	 163.311090433 	 131.371532967 	 0 	 1 	 1 	 0 
181.979		136.102 	 191.817992535 	 131.814576309 	 1 	 0 	 1 	 1 
190.51		143.413 	 183.467439589 	 142.437914821 	 0 	 0 	 1 	 -1 
201.845		150 	 193.520084907 	 154.68886567 	 1 	 1 	 1 	 -1 
190.511		156.587 	 210.943199873 	 156.76139256 	 1 	 0 	 1 	 0 
181.979		163.898 	 178.533149128 	 169.969204941 	 1 	 1 	 1 	 0 
176.661		171.787 	 167.4555845 	 177.820682048 	 0 	 0 	 1 	 -1 
174.852		180 	 154.88574757 	 179.777803611 	 1 	 0 	 1 	 1 
176.661		188.213 	 178.864451399 	 -174.133474279 	 1 	 1 	 1 	 0 
181.979		196.102 	 171.141369789 	 -158.614544918 	 0 	 0 	 1 	 0 
190.511		203.413 	 201.358861207 	 -157.932846297 	 1 	 1 	 1 	 0 
201.845		210 	 188.961117302 	 -154.074424028 	 0 	 0 	 1 	 1 
190.51		216.587 	 176.377206279 	 -146.549224489 	 1 	 1 	 1 	 0 
181.979		223.898 	 194.059136224 	 -137.843641866 	 1 	 1 	 1 	 -1 
176.661		231.787 	 164.318689506 	 -127.331064145 	 0 	 1 	 1 	 -1 
174.853		240 	 176.157427959 	 -124.782141358 	 0 	 0 	 1 	 -1 
176.662		248.213 	 172.707587146 	 -107.699664154 	 0 	 1 	 1 	 0 
181.979		256.102 	 193.593266231 	 -104.632319295 	 0 	 1 	 1 	 1 
190.511		263.413 	 210.887843601 	 -97.5060779427 	 0 	 0 	 1 	 -1 
190.511		276.587 	 192.569741575 	 -89.4659051376 	 0 	 1 	 1 	 1 
181.979		283.898 	 191.4003454 	 -78.2778000795 	 0 	 0 	 1 	 -1 
176.662		291.787 	 186.853106938 	 -69.0435833942 	 1 	 0 	 1 	 0 
174.853		300 	 165.427751052 	 -57.9851685835 	 1 	 1 	 1 	 -1 
176.661		308.213 	 174.321455809 	 -46.9854575451 	 1 	 1 	 1 	 -1 
181.979		316.102 	 163.442849704 	 -45.7517062685 	 1 	 1 	 1 	 1 
190.511		323.413 	 181.713043105 	 -34.8166564196 	 1 	 1 	 1 	 0 
201.845		330 	 181.101420145 	 -28.6580561249 	 0 	 0 	 1 	 -1 
215.536		335.818 	 206.284735667 	 -23.1732260549 	 1 	 0 	 1 	 0 
206.511		342.216 	 213.283357776 	 -14.3588166238 	 1 	 1 	 1 	 0 
200.265		349.107 	 210.879873846 	 -13.8538490248 	 0 	 1 	 1 	 -1 
197.068		356.329 	 198.153021079 	 -0.646824883596 	 0 	 1 	 1 	 1 
197.068		3.6705 	 204.645368304 	 9.14856304951 	 1 	 1 	 1 	 1 
200.265		10.8934 	 185.702843922 	 11.1974418336 	 0 	 0 	 1 	 -1 
206.511		17.7836 	 203.371089698 	 23.7239562403 	 1 	 1 	 1 	 0 
215.536		24.1825 	 198.247733632 	 25.6586589483 	 1 	 1 	 1 	 1 
227.007		30 	 233.516171926 	 27.0552630715 	 1 	 1 	 1 	 1 
215.536		35.8175 	 220.288153862 	 31.8150820424 	 0 	 0 	 1 	 -1 
206.511		42.2164 	 219.902366669 	 42.4510437786 	 1 	 1 	 1 	 0 
200.265		49.1066 	 203.856406309 	 54.8648489405 	 1 	 0 	 1 	 0 
197.068		56.3295 	 188.986707706 	 57.0755440608 	 1 	 0 	 1 	 1 
197.068		63.6705 	 180.38407028 	 60.1280214437 	 1 	 1 	 1 	 0 
200.265		70.8934 	 211.675299804 	 70.2293312576 	 0 	 1 	 1 	 0 
206.511		77.7836 	 223.970741163 	 74.4668173746 	 1 	 0 	 1 	 0 
215.536		84.1825 	 211.113643273 	 85.8471129103 	 1 	 0 	 1 	 -1 
227.007		90 	 232.383553033 	 93.0373884004 	 1 	 1 	 1 	 -1 
215.536		95.8175 	 202.130798551 	 96.4368304567 	 0 	 1 	 1 	 -1 
206.511		102.216 	 215.081523424 	 105.779000561 	 0 	 1 	 1 	 1 
200.265		109.107 	 189.849102997 	 110.985779557 	 1 	 1 	 1 	 1 
197.068		116.33 	 190.218631076 	 120.497010379 	 0 	 1 	 1 	 1 
197.068		123.671 	 177.410040152 	 125.930388066 	 1 	 0 	 1 	 0 
200.265		130.893 	 181.076246159 	 127.732056165 	 1 	 0 	 1 	 0 
206.51		137.784 	 211.535243244 	 135.710814929 	 1 	 1 	 1 	 0 
215.536		144.182 	 228.976077994 	 144.522275028 	 1 	 1 	 1 	 -1 
227.007		150 	 219.312633352 	 149.246696595 	 0 	 1 	 1 	 -1 
215.536		155.818 	 210.173213846 	 154.386192156 	 0 	 1 	 1 	 0 
206.511		162.216 	 222.585157701 	 158.682905614 	 0 	 1 	 1 	 0 
200.266		169.107 	 204.468891575 	 165.112846419 	 0 	 0 	 1 	 1 
197.068		176.33 	 185.014913572 	 177.998001885 	 1 	 0 	 1 	 0 
197.068		183.671 	 213.379722231 	 -174.74772743 	 1 	 0 	 1 	 0 
200.266		190.893 	 182.29230005 	 -170.139135595 	 1 	 1 	 1 	 1 
206.511		197.784 	 215.243342147 	 -163.978930464 	 0 	 0 	 1 	 -1 
215.536		204.182 	 206.981389931 	 -155.784365273 	 1 	 1 	 1 	 -1 
227.007		210 	 242.209514104 	 -148.680236012 	 0 	 0 	 1 	 -1 
215.536		215.818 	 202.794808761 	 -143.196370754 	 0 	 1 	 1 	 0 
206.51		222.216 	 187.00249343 	 -135.563643565 	 1 	 0 	 1 	 -1 
200.265		229.107 	 214.52106146 	 -132.005254423 	 1 	 1 	 1 	 0 
197.068		236.329 	 189.96107284 	 -120.432599007 	 0 	 0 	 1 	 0 
197.068		243.671 	 179.493182342 	 -117.646839031 	 0 	 0 	 1 	 -1 
200.265		250.893 	 194.303895494 	 -111.593498123 	 1 	 0 	 1 	 -1 
206.51		257.784 	 201.09841383 	 -108.200036901 	 0 	 1 	 1 	 1 
215.536		264.182 	 224.540031952 	 -91.174453245 	 1 	 1 	 1 	 1 
227.007		270 	 225.587417655 	 -84.8855021543 	 1 	 1 	 1 	 -1 
215.536		275.818 	 211.836576718 	 -87.5374545178 	 1 	 1 	 1 	 0 
206.51		282.216 	 197.209322629 	 -82.3183799116 	 1 	 0 	 1 	 -1 
200.265		289.107 	 209.908528941 	 -75.6439915185 	 1 	 0 	 1 	 1 
197.068		296.329 	 202.256788261 	 -58.2430369857 	 1 	 0 	 1 	 0 
197.068		303.67 	 203.778649858 	 -54.8009535297 	 1 	 0 	 1 	 0 
200.265		310.893 	 196.369843831 	 -45.4780597306 	 0 	 1 	 1 	 -1 
206.511		317.784 	 222.352521864 	 -45.9105063475 	 1 	 0 	 1 	 -1 
227.008		330 	 233.036788422 	 -25.4454154936 	 1 	 1 	 1 	 1 
240.57		335.209 	 256.752450721 	 -23.3083461253 	 1 	 1 	 1 	 1 
231.161		340.893 	 234.197422126 	 -24.225511174 	 0 	 0 	 1 	 -1 
224.195		346.996 	 224.741921249 	 -8.83725354677 	 1 	 0 	 1 	 -1 
219.909		353.413 	 217.441600848 	 -9.83713002976 	 0 	 0 	 1 	 1 
218.461		0 	 214.395603683 	 -3.36239147652 	 1 	 1 	 1 	 0 
219.909		6.58678 	 208.642977563 	 7.2652592882 	 0 	 0 	 1 	 1 
224.195		13.0039 	 214.684702629 	 15.4895569242 	 1 	 1 	 1 	 1 
231.161		19.1066 	 250.303110362 	 19.9531609042 	 1 	 1 	 1 	 -1 
240.57		24.7913 	 231.891052978 	 29.394292983 	 1 	 1 	 1 	 0 
252.146		30 	 254.966706715 	 33.6312323015 	 0 	 0 	 1 	 0 
240.57		35.2087 	 226.790419015 	 34.1162551023 	 1 	 1 	 1 	 -1 
231.161		40.8934 	 242.527634036 	 42.9260196128 	 1 	 0 	 1 	 0 
224.195		46.9961 	 239.325939793 	 45.5526210687 	 0 	 1 	 1 	 1 
219.909		53.4132 	 219.914510076 	 55.4677635178 	 1 	 1 	 1 	 0 
218.461		60 	 225.8940325 	 61.142157383 	 0 	 0 	 1 	 1 
219.909		66.5868 	 219.856210659 	 62.3433264252 	 0 	 0 	 1 	 0 
224.195		73.0039 	 228.93215659 	 71.4036327163 	 1 	 0 	 1 	 -1 
231.161		79.1066 	 222.197840739 	 76.9241424177 	 0 	 0 	 1 	 1 
240.57		84.7913 	 249.847751309 	 86.765392047 	 0 	 1 	 1 	 0 
240.57		95.2087 	 247.121435168 	 100.008793188 	 1 	 0 	 1 	 1 
231.161		100.893 	 251.630413878 	 102.974159145 	 1 	 0 	 1 	 -1 
224.195		106.996 	 215.278593176 	 111.261991871 	 1 	 0 	 1 	 0 
219.909		113.413 	 229.907106983 	 114.587223629 	 1 	 1 	 1 	 -1 
218.461		120 	 225.969379088 	 115.329974738 	 1 	 1 	 1 	 1 
219.909		126.587 	 212.539054217 	 128.398373353 	 0 	 1 	 1 	 1 
224.195		133.004 	 211.096517985 	 134.350453168 	 0 	 0 	 1 	 -1 
231.161		139.107 	 209.265290866 	 139.369249253 	 0 	 0 	 1 	 -1 
252.146		150 	 248.425768723 	 146.111985195 	 1 	 0 	 1 	 -1 
240.57		155.209 	 262.149456839 	 155.284859293 	 1 	 0 	 1 	 -1 
231.16		160.893 	 234.917493246 	 163.083083511 	 0 	 1 	 1 	 1 
224.196		166.996 	 233.229260024 	 162.580566968 	 1 	 1 	 1 	 0 
219.909		173.413 	 201.396619082 	 174.391330549 	 0 	 0 	 1 	 1 
218.461		180 	 238.458457464 	 -179.614636334 	 0 	 0 	 1 	 0 
219.909		186.587 	 237.326182819 	 -174.38432257 	 0 	 1 	 1 	 1 
224.196		193.004 	 221.945589073 	 -165.105451291 	 0 	 1 	 1 	 0 
231.16		199.107 	 242.217036075 	 -158.809520494 	 1 	 1 	 1 	 -1 
240.57		204.791 	 248.542378932 	 -157.326323286 	 1 	 0 	 1 	 -1 
252.146		210 	 267.238494052 	 -153.439680514 	 1 	 0 	 1 	 0 
240.57		215.209 	 257.503783501 	 -146.462805387 	 0 	 0 	 1 	 0 
231.161		220.893 	 248.324108101 	 -138.041802774 	 1 	 1 	 1 	 0 
224.196		226.996 	 227.96037886 	 -136.109871128 	 1 	 0 	 1 	 -1 
219.909		233.413 	 234.035159586 	 -125.375358786 	 1 	 1 	 1 	 1 
218.461		240 	 236.013907332 	 -121.261535372 	 1 	 0 	 1 	 1 
219.909		246.587 	 207.949553982 	 -115.293781844 	 1 	 0 	 1 	 0 
224.195		253.004 	 216.11530297 	 -111.533265482 	 1 	 1 	 1 	 0 
231.16		259.107 	 222.090433306 	 -100.700151956 	 0 	 0 	 1 	 1 
240.57		264.791 	 231.244599688 	 -91.1373242067 	 0 	 1 	 1 	 -1 
252.146		270 	 262.891749305 	 -90.823898498 	 1 	 1 	 1 	 -1 
240.57		275.209 	 246.800158192 	 -81.1238123937 	 1 	 0 	 1 	 -1 
231.16		280.893 	 236.588468745 	 -80.6044312668 	 0 	 0 	 1 	 -1 
224.195		286.996 	 213.615306972 	 -74.6149148032 	 1 	 1 	 1 	 -1 
219.909		293.413 	 218.477187199 	 -68.6489543924 	 1 	 0 	 1 	 -1 
218.461		300 	 202.226550611 	 -62.6079945784 	 1 	 1 	 1 	 -1 
219.909		306.587 	 235.508506325 	 -52.7979120607 	 1 	 1 	 1 	 0 
224.196		313.004 	 216.809728025 	 -42.7332027009 	 0 	 0 	 1 	 0 
231.161		319.107 	 243.179298919 	 -41.1846999718 	 0 	 0 	 1 	 0 
240.57		324.791 	 235.666980275 	 -33.8194047192 	 0 	 0 	 1 	 1 
252.146		330 	 249.270412719 	 -31.569278105 	 0 	 1 	 1 	 1 
265.601		334.715 	 277.14468512 	 -21.4913632965 	 0 	 0 	 1 	 0 
255.886		339.826 	 239.755538445 	 -20.1738126433 	 0 	 1 	 1 	 1 
248.348		345.295 	 251.826849036 	 -18.673558765 	 1 	 1 	 1 	 1 
243.191		351.052 	 237.112000043 	 -11.7129044133 	 1 	 0 	 1 	 0 
240.57		356.996 	 259.018335398 	 -2.58505242666 	 0 	 0 	 1 	 1 
240.57		3.00449 	 259.689708041 	 3.0807537459 	 0 	 0 	 1 	 1 
243.191		8.94827 	 248.622235892 	 6.68567896664 	 1 	 1 	 1 	 0 
248.348		14.7047 	 227.941050541 	 16.4068872996 	 0 	 0 	 1 	 0 
255.886		20.1736 	 260.384580387 	 24.4363870923 	 0 	 1 	 1 	 0 
265.601		25.285 	 284.400595129 	 23.1614438882 	 0 	 0 	 1 	 -1 
277.258		30 	 269.658662606 	 27.9423283209 	 0 	 1 	 1 	 -1 
265.601		34.715 	 262.075697168 	 33.1301225373 	 1 	 1 	 1 	 1 
255.887		39.8264 	 260.922717095 	 42.9338032844 	 1 	 0 	 1 	 0 
248.348		45.2953 	 238.84044101 	 45.7938202829 	 1 	 0 	 1 	 0 
243.191		51.0517 	 231.646559481 	 53.3893396259 	 1 	 0 	 1 	 0 
240.57		56.9955 	 231.881158944 	 60.9377390039 	 1 	 1 	 1 	 1 
240.57		63.0045 	 235.752897764 	 61.0134045791 	 1 	 1 	 1 	 1 
243.191		68.9483 	 256.290018497 	 71.4408828562 	 1 	 1 	 1 	 1 
248.348		74.7047 	 242.423014167 	 76.2195555964 	 1 	 0 	 1 	 0 
255.887		80.1736 	 263.905942289 	 79.9585957424 	 1 	 0 	 1 	 0 
265.601		85.285 	 261.241905091 	 82.0303921618 	 0 	 0 	 1 	 -1 
277.257		90 	 278.270114065 	 91.7134099483 	 0 	 1 	 1 	 -1 
265.601		94.715 	 279.585828622 	 97.9667156325 	 1 	 0 	 1 	 0 
255.887		99.8264 	 266.736732645 	 99.7568140097 	 0 	 1 	 1 	 0 
248.348		105.295 	 242.94290533 	 108.420659323 	 1 	 0 	 1 	 0 
243.191		111.052 	 255.653202294 	 112.539429518 	 1 	 0 	 1 	 1 
240.57		116.996 	 250.736486345 	 118.103480463 	 0 	 0 	 1 	 -1 
240.57		123.005 	 221.388057852 	 125.623712933 	 1 	 1 	 1 	 -1 
243.191		128.948 	 241.892538335 	 131.414869629 	 1 	 1 	 1 	 0 
248.348		134.705 	 262.461005448 	 138.422922487 	 1 	 0 	 1 	 0 
255.887		140.174 	 252.880315735 	 137.480155944 	 0 	 0 	 1 	 0 
265.6		145.285 	 262.8494501 	 141.887303964 	 1 	 1 	 1 	 -1 
277.257		150 	 263.479973824 	 148.577926775 	 1 	 1 	 1 	 1 
265.601		154.715 	 263.484580443 	 150.533520252 	 0 	 1 	 1 	 1 
255.886		159.826 	 249.387853905 	 157.885869231 	 1 	 0 	 1 	 1 
248.348		165.295 	 244.87626835 	 163.389950604 	 1 	 1 	 1 	 0 
243.191		171.052 	 257.946284121 	 173.204032732 	 1 	 0 	 1 	 -1 
240.57		176.996 	 242.749559681 	 179.671914493 	 0 	 1 	 1 	 0 
240.57		183.005 	 253.934813185 	 -173.882897201 	 1 	 1 	 1 	 0 
243.191		188.948 	 235.08300722 	 -172.072292395 	 1 	 0 	 1 	 1 
248.348		194.705 	 258.520381378 	 -165.707079924 	 0 	 1 	 1 	 1 
255.886		200.174 	 260.917166026 	 -162.967361886 	 1 	 0 	 1 	 1 
265.601		205.285 	 274.660914928 	 -153.511291911 	 1 	 0 	 1 	 1 
277.258		210 	 270.794980952 	 -150.966815553 	 0 	 0 	 1 	 1 
265.6		214.715 	 275.603962763 	 -143.247904401 	 0 	 0 	 1 	 1 
255.887		219.826 	 268.324406881 	 -140.962739026 	 0 	 1 	 1 	 1 
248.348		225.295 	 259.747976568 	 -135.958942051 	 0 	 0 	 1 	 0 
243.191		231.052 	 239.951884234 	 -131.506262294 	 0 	 0 	 1 	 -1 
240.57		236.995 	 230.697839286 	 -122.709993701 	 0 	 0 	 1 	 1 
240.57		243.004 	 257.283737045 	 -117.997650775 	 1 	 0 	 1 	 1 
243.19		248.948 	 252.582231719 	 -110.450997052 	 0 	 0 	 1 	 0 
248.348		254.705 	 251.299058329 	 -102.933121927 	 0 	 1 	 1 	 0 
255.886		260.174 	 268.530072104 	 -96.1957227553 	 0 	 1 	 1 	 0 
265.601		265.285 	 256.367043153 	 -93.1511773055 	 1 	 1 	 1 	 0 
277.258		270 	 288.030601932 	 -88.5777913135 	 1 	 0 	 1 	 -1 
265.601		274.715 	 251.081427721 	 -82.2131425255 	 1 	 1 	 1 	 0 
255.886		279.826 	 273.080756871 	 -82.1514716473 	 1 	 1 	 1 	 1 
248.348		285.295 	 254.533585828 	 -76.2576748756 	 1 	 0 	 1 	 1 
243.19		291.052 	 250.697645499 	 -69.0428499199 	 0 	 1 	 1 	 -1 
240.57		296.996 	 239.909091757 	 -64.9647713485 	 1 	 1 	 1 	 1 
240.57		303.004 	 249.859664937 	 -57.4309079595 	 1 	 1 	 1 	 -1 
243.191		308.948 	 222.059568136 	 -52.7201325894 	 0 	 0 	 1 	 1 
248.348		314.705 	 252.766626439 	 -41.1401120859 	 1 	 1 	 1 	 1 
255.886		320.174 	 254.733456313 	 -37.8473460098 	 0 	 0 	 1 	 1 
265.6		325.285 	 285.639283558 	 -35.6941239684 	 0 	 1 	 1 	 -1 
277.258		330 	 285.045686554 	 -28.0458914377 	 0 	 1 	 1 	 1 
290.619		334.307 	 295.166481153 	 -29.3654463506 	 0 	 1 	 1 	 -1 
280.659		338.948 	 271.682052489 	 -22.231030153 	 0 	 0 	 1 	 -1 
272.656		343.898 	 276.152619958 	 -11.5978529688 	 1 	 1 	 1 	 1 
266.79		349.107 	 257.527759705 	 -13.7497880003 	 0 	 0 	 1 	 1 
263.206		354.504 	 273.222520164 	 -6.93304751082 	 1 	 1 	 1 	 -1 
262.001		0 	 244.228456723 	 -2.63502810683 	 1 	 1 	 1 	 -1 
263.206		5.49637 	 260.181478398 	 8.23706212481 	 0 	 0 	 1 	 1 
266.79		10.8934 	 248.746161668 	 8.17880627663 	 1 	 1 	 1 	 0 
272.656		16.1021 	 274.084479908 	 13.6479228667 	 1 	 1 	 1 	 0 
280.659		21.0517 	 276.168144229 	 23.0658196157 	 0 	 0 	 1 	 1 
290.619		25.6934 	 289.417102181 	 27.3266349618 	 0 	 1 	 1 	 1 
302.34		30 	 287.784782624 	 29.5764919624 	 1 	 0 	 1 	 -1 
290.619		34.3066 	 284.166498495 	 36.4406007042 	 0 	 1 	 1 	 -1 
280.659		38.9483 	 266.03102823 	 35.5226570788 	 1 	 0 	 1 	 1 
272.656		43.8979 	 266.825222454 	 47.9212094887 	 0 	 1 	 1 	 0 
266.789		49.1066 	 264.515628848 	 46.6540027943 	 1 	 1 	 1 	 0 
263.206		54.5036 	 269.717331159 	 58.698666702 	 1 	 1 	 1 	 0 
262.001		60 	 283.8134427 	 60.6937128592 	 1 	 1 	 1 	 1 
263.206		65.4964 	 248.127324041 	 67.1104064086 	 0 	 0 	 1 	 1 
266.79		70.8934 	 262.350612541 	 75.0093592352 	 0 	 1 	 1 	 0 
272.656		76.1021 	 279.282507665 	 76.8026253325 	 1 	 1 	 1 	 -1 
280.659		81.0517 	 275.731441915 	 76.7546289384 	 0 	 0 	 1 	 -1 
290.619		85.6934 	 308.93201175 	 87.6135963142 	 0 	 1 	 1 	 -1 
302.34		90 	 318.193570928 	 90.4914515537 	 1 	 0 	 1 	 -1 
290.619		94.3066 	 285.273883459 	 93.0567531901 	 1 	 1 	 1 	 0 
280.659		98.9483 	 283.219944548 	 94.770933999 	 0 	 0 	 1 	 0 
272.655		103.898 	 281.106486802 	 104.094449338 	 1 	 0 	 1 	 0 
266.79		109.107 	 261.145318682 	 112.776474405 	 0 	 1 	 1 	 0 
263.206		114.504 	 256.821361245 	 112.428017591 	 1 	 0 	 1 	 -1 
262		120 	 277.45941253 	 118.927101798 	 1 	 1 	 1 	 0 
263.206		125.496 	 278.72264615 	 128.466838804 	 1 	 0 	 1 	 -1 
266.79		130.893 	 288.248659174 	 129.959125028 	 1 	 0 	 1 	 1 
272.655		136.102 	 271.934323092 	 133.029234778 	 0 	 1 	 1 	 0 
280.659		141.052 	 298.18356004 	 139.775941029 	 0 	 0 	 1 	 0 
290.619		145.693 	 278.350633091 	 144.606683605 	 1 	 1 	 1 	 -1 
302.34		150 	 302.611694127 	 148.07840349 	 1 	 1 	 1 	 -1 
290.619		154.307 	 282.962294175 	 157.197631326 	 0 	 0 	 1 	 1 
280.659		158.948 	 301.724014785 	 157.465393352 	 1 	 1 	 1 	 1 
272.656		163.898 	 263.264775248 	 163.919250769 	 1 	 1 	 1 	 0 
266.789		169.107 	 253.869830114 	 168.062035146 	 0 	 0 	 1 	 -1 
263.206		174.504 	 280.834408784 	 174.908849865 	 0 	 0 	 1 	 -1 
262.001		180 	 253.471514891 	 -175.895224857 	 0 	 1 	 1 	 1 
263.206		185.496 	 264.067689261 	 -177.907411533 	 1 	 1 	 1 	 0 
266.789		190.893 	 250.548259084 	 -166.78603974 	 1 	 0 	 1 	 1 
272.656		196.102 	 291.991413538 	 -163.780839948 	 0 	 0 	 1 	 -1 
280.659		201.052 	 265.045612748 	 -158.03243307 	 0 	 1 	 1 	 1 
290.619		205.693 	 289.920011371 	 -150.511901437 	 0 	 1 	 1 	 -1 
302.34		210 	 315.493338338 	 -146.646856113 	 1 	 1 	 1 	 -1 
290.619		214.307 	 282.066115683 	 -149.662358072 	 0 	 0 	 1 	 1 
280.658		218.948 	 285.581501677 	 -138.778526316 	 0 	 0 	 1 	 0 
272.656		223.898 	 275.703205601 	 -134.52985612 	 0 	 0 	 1 	 1 
266.79		229.107 	 279.547042359 	 -133.764232776 	 1 	 0 	 1 	 0 
263.206		234.504 	 244.125106181 	 -125.498468931 	 0 	 1 	 1 	 0 
262		240 	 276.865848948 	 -121.392671819 	 0 	 1 	 1 	 0 
263.206		245.496 	 274.210213613 	 -113.817340178 	 0 	 0 	 1 	 0 
266.789		250.893 	 271.147126018 	 -112.083103058 	 1 	 0 	 1 	 -1 
272.656		256.102 	 255.005189614 	 -104.511212697 	 0 	 0 	 1 	 0 
280.659		261.052 	 277.609209045 	 -94.8800296557 	 1 	 0 	 1 	 1 
290.62		265.693 	 299.549151731 	 -96.7853118302 	 0 	 1 	 1 	 -1 
302.34		270 	 287.243675064 	 -87.9579945518 	 1 	 0 	 1 	 -1 
290.62		274.307 	 304.269245106 	 -83.8976655536 	 1 	 0 	 1 	 -1 
280.659		278.948 	 297.041293884 	 -78.2500740861 	 0 	 0 	 1 	 0 
272.656		283.898 	 291.609620037 	 -76.9126057903 	 0 	 1 	 1 	 -1 
266.789		289.107 	 260.770883509 	 -73.4058657401 	 0 	 1 	 1 	 0 
263.206		294.504 	 274.526598695 	 -64.5871022296 	 0 	 1 	 1 	 0 
262		300 	 247.083282004 	 -59.9456991608 	 0 	 1 	 1 	 1 
263.206		305.496 	 284.672317001 	 -54.262054953 	 1 	 0 	 1 	 -1 
266.79		310.893 	 286.839439456 	 -50.6685831584 	 0 	 1 	 1 	 1 
272.656		316.102 	 285.844990461 	 -44.7575003115 	 1 	 0 	 1 	 0 
280.659		321.052 	 282.959566414 	 -41.5114987942 	 1 	 1 	 1 	 -1 
290.619		325.693 	 306.52613173 	 -35.4320039151 	 1 	 0 	 1 	 0 
302.34		330 	 303.623327116 	 -27.988055607 	 1 	 0 	 1 	 1 
315.62		333.963 	 299.718551442 	 -27.2835303821 	 0 	 0 	 1 	 0 
305.457		338.213 	 317.056152351 	 -22.589667712 	 0 	 1 	 1 	 -1 
297.071		342.731 	 288.998053367 	 -15.9636263939 	 0 	 0 	 1 	 0 
290.619		347.48 	 280.775689755 	 -11.990116909 	 1 	 0 	 1 	 -1 
286.236		352.411 	 279.177706524 	 -6.68177202407 	 1 	 0 	 1 	 0 
284.018		357.457 	 272.571123679 	 -4.43161546924 	 1 	 1 	 1 	 -1 
284.018		2.54292 	 266.02368474 	 2.62238326094 	 1 	 0 	 1 	 0 
286.236		7.58909 	 305.222153711 	 9.00510330462 	 0 	 1 	 1 	 -1 
290.619		12.5198 	 290.067778888 	 16.2987591983 	 0 	 0 	 1 	 1 
297.071		17.2695 	 293.94455681 	 21.1019710446 	 0 	 1 	 1 	 0 
305.457		21.7868 	 285.240248342 	 22.3497368943 	 0 	 1 	 1 	 1 
315.62		26.0368 	 294.621922343 	 27.4465219457 	 1 	 0 	 1 	 -1 
327.39		30 	 313.135888673 	 29.0386886912 	 0 	 1 	 1 	 1 
305.457		38.2132 	 310.04126701 	 35.3054777852 	 0 	 0 	 1 	 0 
297.071		42.7305 	 314.586579096 	 41.3606300558 	 1 	 0 	 1 	 -1 
290.619		47.4802 	 286.330807528 	 45.9169617429 	 0 	 1 	 1 	 0 
286.236		52.4109 	 278.488856576 	 53.88860383 	 1 	 1 	 1 	 0 
284.018		57.4571 	 302.818667037 	 55.3797127172 	 0 	 0 	 1 	 0 
284.018		62.5429 	 274.060373381 	 61.1439723298 	 0 	 1 	 1 	 -1 
286.236		67.5891 	 301.005209507 	 65.9548929579 	 1 	 1 	 1 	 0 
290.619		72.5198 	 307.057380794 	 74.895717619 	 1 	 0 	 1 	 0 
297.071		77.2695 	 318.398635714 	 76.9270445195 	 1 	 1 	 1 	 0 
305.457		81.7868 	 292.705037767 	 79.0370603058 	 1 	 1 	 1 	 0 
315.62		86.0368 	 295.69758991 	 85.4351050047 	 0 	 1 	 1 	 0 
327.39		90 	 346.835351986 	 90.0428864698 	 1 	 1 	 1 	 1 
315.62		93.9632 	 313.024548294 	 90.7886045266 	 1 	 0 	 1 	 0 
305.457		98.2132 	 318.609731328 	 97.1319238054 	 0 	 0 	 1 	 1 
297.071		102.731 	 282.903704272 	 102.691970693 	 1 	 0 	 1 	 0 
290.619		107.48 	 278.829091976 	 111.00551134 	 1 	 1 	 1 	 0 
286.236		112.411 	 296.274781299 	 115.324842775 	 0 	 1 	 1 	 1 
284.018		117.457 	 265.210036076 	 115.73931902 	 0 	 0 	 1 	 0 
284.018		122.543 	 275.409648912 	 124.183649973 	 0 	 0 	 1 	 -1 
286.236		127.589 	 281.018539938 	 129.26477215 	 1 	 0 	 1 	 0 
290.62		132.52 	 276.722053823 	 132.012218309 	 1 	 1 	 1 	 0 
297.071		137.269 	 304.14692752 	 134.632572408 	 0 	 1 	 1 	 -1 
305.457		141.787 	 312.229239789 	 140.429329921 	 1 	 1 	 1 	 0 
315.62		146.037 	 312.43614719 	 149.102124552 	 0 	 0 	 1 	 1 
327.39		150 	 315.216307615 	 148.21741809 	 0 	 1 	 1 	 -1 
315.619		153.963 	 330.516236084 	 155.785991325 	 0 	 1 	 1 	 -1 
305.457		158.213 	 299.894585562 	 160.570455685 	 1 	 1 	 1 	 -1 
297.071		162.731 	 296.687923929 	 160.547813217 	 0 	 1 	 1 	 0 
290.62		167.48 	 310.689927224 	 167.311168748 	 0 	 0 	 1 	 1 
286.236		172.411 	 284.622403555 	 168.132014199 	 1 	 0 	 1 	 -1 
284.019		177.457 	 295.520834646 	 176.420968049 	 1 	 1 	 1 	 1 
284.019		182.543 	 297.592773309 	 -175.016134255 	 0 	 0 	 1 	 -1 
286.236		187.589 	 286.591870325 	 -175.662031701 	 0 	 1 	 1 	 0 
290.62		192.52 	 305.797666897 	 -164.695280838 	 1 	 1 	 1 	 1 
297.071		197.269 	 277.956294826 	 -161.749162281 	 1 	 0 	 1 	 1 
305.457		201.787 	 285.959508725 	 -159.169944723 	 1 	 1 	 1 	 -1 
315.62		206.037 	 315.222760677 	 -152.266314668 	 0 	 0 	 1 	 -1 
327.39		210 	 317.890592827 	 -152.723679661 	 0 	 0 	 1 	 -1 
315.62		213.963 	 310.761954767 	 -147.06112313 	 1 	 0 	 1 	 1 
305.457		218.213 	 298.553217836 	 -142.423943119 	 0 	 1 	 1 	 -1 
297.071		222.731 	 289.909466605 	 -137.827721192 	 1 	 1 	 1 	 0 
290.619		227.48 	 303.972952524 	 -129.62925809 	 0 	 0 	 1 	 1 
286.236		232.411 	 299.172608303 	 -129.288896799 	 1 	 1 	 1 	 1 
284.018		237.457 	 301.829518691 	 -123.37581614 	 0 	 0 	 1 	 1 
284.019		242.543 	 274.345107684 	 -118.103914743 	 1 	 1 	 1 	 1 
286.236		247.589 	 280.16086068 	 -116.769787748 	 1 	 0 	 1 	 1 
290.62		252.52 	 305.721215859 	 -105.908406743 	 1 	 0 	 1 	 1 
297.071		257.269 	 279.972751799 	 -105.066363019 	 0 	 1 	 1 	 -1 
305.457		261.787 	 307.6738571 	 -99.6656373937 	 0 	 0 	 1 	 0 
315.62		266.037 	 314.747770793 	 -97.3713456905 	 0 	 1 	 1 	 0 
327.39		270 	 336.179049057 	 -89.89975301 	 1 	 0 	 1 	 1 
315.62		273.963 	 321.440133472 	 -84.9311856614 	 0 	 1 	 1 	 -1 
305.457		278.213 	 312.896825672 	 -84.6969901181 	 1 	 1 	 1 	 0 
297.071		282.731 	 292.844929133 	 -73.8239667572 	 1 	 0 	 1 	 -1 
290.62		287.48 	 283.049142794 	 -75.9374137999 	 0 	 1 	 1 	 1 
286.236		292.411 	 266.976352538 	 -68.3377203078 	 0 	 1 	 1 	 1 
284.019		297.457 	 271.556793656 	 -59.0352794778 	 1 	 0 	 1 	 0 
284.018		302.543 	 282.170722859 	 -59.5253150124 	 0 	 1 	 1 	 1 
286.236		307.589 	 301.150505652 	 -51.5487703561 	 1 	 1 	 1 	 -1 
290.619		312.52 	 273.814311237 	 -46.5334872062 	 1 	 1 	 1 	 0 
297.071		317.269 	 304.348955398 	 -45.0838693085 	 1 	 0 	 1 	 0 
305.457		321.787 	 305.710475035 	 -40.3899588523 	 1 	 1 	 1 	 -1 
327.39		330 	 328.830993073 	 -26.2000305126 	 1 	 0 	 1 	 -1 
340.597		333.67 	 349.781735758 	 -26.5321281544 	 1 	 0 	 1 	 0 
330.266		337.589 	 321.425470203 	 -23.8311015303 	 1 	 1 	 1 	 -1 
321.56		341.742 	 326.828714199 	 -20.6356179891 	 0 	 0 	 1 	 1 
314.619		346.102 	 324.657560742 	 -16.3084122416 	 1 	 0 	 1 	 1 
309.563		350.633 	 327.907850651 	 -11.4450325297 	 0 	 0 	 1 	 1 
306.489		355.285 	 296.943154524 	 -2.84688263981 	 1 	 0 	 1 	 -1 
305.457		0 	 306.948101679 	 2.27955217792 	 1 	 1 	 1 	 0 
306.489		4.715 	 296.251686417 	 5.61839174501 	 1 	 0 	 1 	 1 
309.563		9.367 	 308.609480723 	 7.71353792796 	 0 	 1 	 1 	 1 
314.619		13.8979 	 297.943479482 	 14.4120659704 	 0 	 1 	 1 	 1 
321.56		18.2585 	 300.934357715 	 16.7060264987 	 0 	 0 	 1 	 0 
330.266		22.4109 	 340.766469875 	 19.573399606 	 1 	 1 	 1 	 1 
340.597		26.3295 	 339.791503134 	 24.0853569973 	 0 	 0 	 1 	 -1 
352.406		30 	 352.825687082 	 31.9052244474 	 0 	 0 	 1 	 0 
340.597		33.6705 	 343.030168329 	 35.8965569874 	 0 	 0 	 1 	 -1 
330.266		37.5891 	 314.970576738 	 35.1197173232 	 1 	 1 	 1 	 -1 
321.56		41.7415 	 330.018721896 	 39.6933206149 	 0 	 1 	 1 	 -1 
314.619		46.1021 	 302.455008981 	 46.1184695659 	 0 	 1 	 1 	 0 
309.563		50.633 	 317.710547802 	 49.5230468911 	 1 	 1 	 1 	 0 
306.489		55.285 	 326.544208829 	 55.2454677873 	 0 	 1 	 1 	 0 
305.457		60 	 315.482655287 	 60.7345026426 	 1 	 1 	 1 	 -1 
306.489		64.715 	 296.056395609 	 63.6196163208 	 1 	 1 	 1 	 0 
309.563		69.367 	 304.23692213 	 67.2695296551 	 0 	 0 	 1 	 -1 
314.619		73.8979 	 301.222337251 	 76.2828013658 	 1 	 1 	 1 	 1 
321.56		78.2585 	 331.978094584 	 78.4496730772 	 1 	 0 	 1 	 0 
330.266		82.4109 	 309.997990342 	 83.5011783278 	 1 	 0 	 1 	 -1 
340.597		86.3295 	 337.576196017 	 85.0529139167 	 1 	 1 	 1 	 0 
352.406		90 	 369.365303632 	 90.9638370974 	 0 	 1 	 1 	 -1 
340.597		93.6705 	 354.400680947 	 91.8294519089 	 0 	 1 	 1 	 -1 
330.266		97.5891 	 318.973444174 	 95.0401920012 	 1 	 0 	 1 	 1 
321.56		101.742 	 302.783948282 	 103.973280246 	 0 	 1 	 1 	 -1 
314.619		106.102 	 303.495146895 	 108.131149007 	 1 	 0 	 1 	 0 
309.563		110.633 	 309.120384691 	 112.938437706 	 1 	 1 	 1 	 0 
306.489		115.285 	 310.107913696 	 113.907982596 	 0 	 1 	 1 	 -1 
305.457		120 	 323.250075829 	 117.71062503 	 0 	 1 	 1 	 0 
306.489		124.715 	 295.110262465 	 125.798431092 	 0 	 1 	 1 	 0 
309.563		129.367 	 310.227957729 	 127.971689268 	 0 	 0 	 1 	 -1 
314.619		133.898 	 324.4367008 	 132.185665566 	 1 	 0 	 1 	 0 
321.56		138.258 	 330.533883779 	 140.219902845 	 0 	 0 	 1 	 -1 
330.266		142.411 	 321.103634269 	 144.849909442 	 0 	 0 	 1 	 -1 
340.597		146.329 	 327.74173887 	 143.391870871 	 1 	 0 	 1 	 -1 
352.406		150 	 336.277995528 	 152.106670393 	 0 	 1 	 1 	 -1 
340.597		153.671 	 328.853837047 	 156.803402017 	 1 	 0 	 1 	 0 
330.266		157.589 	 334.311245305 	 155.607894371 	 1 	 0 	 1 	 1 
321.561		161.742 	 299.767513272 	 161.020059518 	 0 	 1 	 1 	 1 
314.618		166.102 	 298.433517582 	 165.125545495 	 1 	 1 	 1 	 -1 
309.563		170.633 	 297.234115077 	 169.924375836 	 1 	 0 	 1 	 1 
306.488		175.285 	 312.294007263 	 176.187664008 	 1 	 0 	 1 	 0 
305.457		180 	 294.625097402 	 -179.21748988 	 0 	 0 	 1 	 -1 
306.488		184.715 	 310.671838653 	 -174.038223567 	 1 	 0 	 1 	 0 
309.563		189.367 	 293.481035324 	 -172.010913709 	 0 	 0 	 1 	 1 
314.618		193.898 	 320.285957867 	 -164.443233896 	 0 	 0 	 1 	 0 
321.561		198.258 	 330.33719204 	 -161.507476496 	 1 	 1 	 1 	 -1 
330.266		202.411 	 337.435934618 	 -157.98736264 	 1 	 0 	 1 	 1 
340.597		206.329 	 353.185450733 	 -154.391564835 	 1 	 1 	 1 	 -1 
352.406		210 	 349.483134447 	 -148.852358738 	 0 	 1 	 1 	 -1 
330.266		217.589 	 334.055442918 	 -139.744062979 	 1 	 1 	 1 	 -1 
321.56		221.742 	 302.722221852 	 -136.538413334 	 1 	 1 	 1 	 1 
314.619		226.102 	 325.458733487 	 -133.911053735 	 1 	 1 	 1 	 -1 
309.563		230.633 	 294.005412074 	 -129.270827747 	 1 	 1 	 1 	 1 
306.489		235.285 	 289.179379997 	 -123.522669477 	 0 	 0 	 1 	 1 
305.456		240 	 298.087174036 	 -123.139174928 	 1 	 1 	 1 	 -1 
306.488		244.715 	 310.069791887 	 -118.248453365 	 0 	 1 	 1 	 0 
309.563		249.367 	 313.575019665 	 -112.149632129 	 0 	 0 	 1 	 1 
314.619		253.898 	 334.174141654 	 -106.22367777 	 1 	 0 	 1 	 1 
321.56		258.258 	 318.683093856 	 -103.931438971 	 1 	 0 	 1 	 0 
330.266		262.411 	 338.725140407 	 -97.2066510425 	 1 	 1 	 1 	 -1 
340.597		266.33 	 339.585852425 	 -91.0755691388 	 0 	 0 	 1 	 -1 
340.597		273.671 	 355.437393048 	 -86.4612623707 	 0 	 0 	 1 	 1 
330.266		277.589 	 316.305952235 	 -82.4367107084 	 1 	 0 	 1 	 0 
321.56		281.742 	 327.426964885 	 -82.0311919637 	 0 	 0 	 1 	 -1 
314.619		286.102 	 308.651406466 	 -76.8144965635 	 0 	 1 	 1 	 0 
309.563		290.633 	 308.029700723 	 -65.5185995808 	 0 	 0 	 1 	 1 
306.488		295.285 	 307.492705769 	 -62.4406158312 	 0 	 0 	 1 	 1 
305.457		300 	 305.802262741 	 -57.610860855 	 1 	 0 	 1 	 0 
306.489		304.715 	 296.235201784 	 -51.8199113533 	 1 	 1 	 1 	 -1 
309.563		309.367 	 303.516368425 	 -47.6968514367 	 1 	 1 	 1 	 1 
314.619		313.898 	 300.850393519 	 -45.3311549001 	 1 	 1 	 1 	 1 
321.56		318.258 	 307.650313375 	 -41.8063368348 	 0 	 1 	 1 	 0 
330.266		322.411 	 320.355645777 	 -39.7405409473 	 0 	 0 	 1 	 0 
340.597		326.33 	 335.147930065 	 -31.9982467936 	 1 	 0 	 1 	 -1 
352.406		330 	 338.745068597 	 -30.0382678265 	 0 	 1 	 1 	 0 
365.546		333.418 	 357.513330559 	 -23.2741797066 	 0 	 1 	 1 	 -1 
355.074		337.053 	 372.398718793 	 -21.0066331902 	 1 	 0 	 1 	 -1 
346.099		340.893 	 364.156946022 	 -17.7064822767 	 0 	 0 	 1 	 1 
338.742		344.921 	 349.807354198 	 -15.491017571 	 1 	 0 	 1 	 1 
333.116		349.107 	 338.657163844 	 -12.0363678855 	 0 	 1 	 1 	 1 
329.31		353.413 	 318.054492242 	 -6.2196690827 	 0 	 0 	 1 	 0 
327.39		357.796 	 347.405851205 	 -0.7085801261 	 1 	 1 	 1 	 0 
327.39		2.20423 	 326.890740058 	 5.40796736241 	 0 	 0 	 1 	 1 
329.31		6.58678 	 346.366832746 	 4.60637127001 	 0 	 0 	 1 	 1 
333.116		10.8934 	 331.744568498 	 14.1240827226 	 0 	 1 	 1 	 1 
338.742		15.0791 	 317.425717946 	 14.480973763 	 0 	 1 	 1 	 -1 
346.099		19.1066 	 358.093065651 	 20.3278833983 	 1 	 1 	 1 	 0 
355.074		22.9473 	 337.894340966 	 23.4042419804 	 0 	 0 	 1 	 1 
365.546		26.582 	 370.373448555 	 23.5329917031 	 0 	 1 	 1 	 0 
377.385		30 	 381.728217413 	 31.1659466849 	 1 	 1 	 1 	 0 
365.546		33.418 	 359.425633068 	 30.0835196809 	 0 	 0 	 1 	 1 
355.074		37.0527 	 348.594266057 	 34.4537077719 	 1 	 0 	 1 	 1 
346.099		40.8934 	 348.668835374 	 38.2926910372 	 0 	 0 	 1 	 -1 
338.743		44.9209 	 325.927133056 	 41.7859869281 	 0 	 1 	 1 	 1 
333.116		49.1066 	 342.937358273 	 46.3508434976 	 0 	 0 	 1 	 0 
329.31		53.4132 	 325.759826055 	 54.9793371479 	 0 	 1 	 1 	 0 
327.39		57.7958 	 333.841623228 	 56.1381156782 	 1 	 1 	 1 	 0 
327.39		62.2042 	 348.277492474 	 62.4677285824 	 1 	 0 	 1 	 -1 
329.31		66.5868 	 328.369051789 	 64.1349067582 	 0 	 0 	 1 	 0 
333.116		70.8934 	 325.122926418 	 71.8450077061 	 0 	 1 	 1 	 -1 
338.742		75.0791 	 345.212385567 	 72.0027596563 	 1 	 0 	 1 	 0 
346.099		79.1066 	 327.41236069 	 77.5644219945 	 1 	 0 	 1 	 1 
355.074		82.9473 	 353.950071835 	 84.8594811817 	 0 	 0 	 1 	 0 
