25.2587		30 	 234.288494603 	 115.876185256 	 1 	 0 	 1 	 1 
25.2587		90 	 190.777384678 	 -98.4398923474 	 1 	 0 	 1 	 -1 
25.2587		150 	 214.304739421 	 32.7356098616 	 0 	 1 	 1 	 0 
25.2587		210 	 40.8706354359 	 -147.543037475 	 0 	 1 	 1 	 0 
25.2587		270 	 259.886309162 	 -71.0254385241 	 1 	 0 	 1 	 -1 
43.7478		0 	 196.089090879 	 -150.506978245 	 0 	 1 	 1 	 0 
50.5147		30 	 14.1061817248 	 -115.467509016 	 1 	 0 	 1 	 1 
43.7478		60 	 221.711244658 	 99.3377925656 	 0 	 1 	 1 	 1 
50.5147		90 	 202.397723043 	 -125.613537149 	 1 	 0 	 1 	 0 
43.7478		120 	 208.278668829 	 -41.5807614494 	 0 	 1 	 1 	 0 
50.5147		150 	 295.727828561 	 -48.2648773688 	 1 	 0 	 1 	 0 
43.7478		180 	 93.4760822169 	 -77.7313470983 	 0 	 1 	 1 	 1 
50.5147		210 	 189.379294592 	 -152.801865801 	 1 	 0 	 1 	 0 
43.7478		240 	 34.4987641951 	 -132.388711856 	 0 	 1 	 1 	 0 
43.7478		300 	 123.891029097 	 -53.5073124173 	 0 	 1 	 1 	 -1 
50.5148		330 	 84.2796256168 	 179.212535858 	 0 	 1 	 1 	 -1 
66.8212		349.107 	 58.3836407662 	 73.3719103978 	 0 	 1 	 1 	 1 
66.8212		10.8934 	 285.821962769 	 22.8660807205 	 1 	 0 	 1 	 0 
75.7654		30 	 109.961036724 	 174.468442317 	 1 	 0 	 1 	 -1 
66.8212		49.1066 	 300.295105648 	 -72.2171205738 	 0 	 1 	 1 	 1 
66.8212		70.8934 	 22.2325278937 	 -31.1476182298 	 0 	 1 	 1 	 -1 
75.7654		90 	 268.834481 	 -113.673093907 	 0 	 1 	 1 	 0 
66.8212		109.107 	 169.266881755 	 -12.2436526075 	 0 	 1 	 1 	 1 
66.8212		130.893 	 257.301762492 	 89.5292905778 	 1 	 0 	 1 	 -1 
75.7654		150 	 154.295104257 	 -144.881225761 	 1 	 0 	 1 	 1 
66.8212		169.107 	 242.134509865 	 136.225251359 	 0 	 1 	 1 	 0 
66.8212		190.893 	 59.0056372507 	 33.5807867907 	 1 	 0 	 1 	 0 
66.8212		229.107 	 171.908793505 	 144.44769445 	 1 	 0 	 1 	 -1 
66.8212		250.893 	 22.8962055923 	 161.314859418 	 0 	 1 	 1 	 1 
75.7654		270 	 295.744381078 	 36.4426524044 	 1 	 0 	 1 	 -1 
66.8212		289.107 	 68.8104262733 	 171.77745221 	 0 	 1 	 1 	 1 
66.8212		310.893 	 309.41402779 	 78.4837892448 	 1 	 0 	 1 	 -1 
75.7654		330 	 255.059024022 	 20.1698287408 	 0 	 1 	 1 	 0 
91.0523		343.898 	 273.070760805 	 91.5375233168 	 0 	 1 	 1 	 0 
87.4818		0 	 170.98692724 	 -155.359993755 	 0 	 1 	 1 	 -1 
91.0523		16.1021 	 176.024969415 	 169.637221864 	 1 	 0 	 1 	 0 
101.008		30 	 122.60948659 	 175.824596801 	 1 	 0 	 1 	 -1 
91.0523		43.8979 	 35.2148916848 	 -119.412537226 	 0 	 1 	 1 	 1 
87.4818		60 	 230.285094495 	 154.368557752 	 0 	 1 	 1 	 -1 
91.0523		76.1021 	 278.299344702 	 132.767296883 	 0 	 1 	 1 	 1 
91.0523		103.898 	 243.231382594 	 -56.245923994 	 1 	 0 	 1 	 0 
87.4818		120 	 184.608223327 	 -112.847893616 	 1 	 0 	 1 	 1 
91.0523		136.102 	 11.1429405447 	 43.6514871357 	 0 	 1 	 1 	 0 
91.0523		163.898 	 283.622160432 	 -165.350252381 	 0 	 1 	 1 	 0 
87.4818		180 	 297.034521457 	 -95.1833571588 	 1 	 0 	 1 	 1 
91.0523		196.102 	 219.12263757 	 -171.746271424 	 0 	 1 	 1 	 0 
101.008		210 	 221.805211097 	 -99.2686386647 	 0 	 1 	 1 	 1 
91.0523		223.898 	 215.802656669 	 116.077671922 	 0 	 1 	 1 	 -1 
87.4818		240 	 232.297302727 	 175.09446518 	 1 	 0 	 1 	 -1 
91.0523		256.102 	 272.664127093 	 -136.71553393 	 0 	 1 	 1 	 1 
101.008		270 	 144.105918511 	 -109.951315845 	 0 	 1 	 1 	 -1 
91.0523		283.898 	 7.87722341871 	 2.89932512829 	 1 	 0 	 1 	 1 
87.4817		300 	 218.129334143 	 45.8878172475 	 0 	 1 	 1 	 -1 
91.0523		316.102 	 161.922930013 	 -175.628826299 	 0 	 1 	 1 	 0 
101.008		330 	 143.088869328 	 97.4732623203 	 0 	 1 	 1 	 1 
115.709		340.893 	 168.789803487 	 -46.8135181241 	 0 	 1 	 1 	 1 
110.065		353.413 	 312.012503936 	 -162.738415561 	 0 	 1 	 1 	 0 
110.065		6.58677 	 277.446706295 	 110.506150337 	 0 	 1 	 1 	 -1 
115.709		19.1066 	 13.5927596241 	 142.080101299 	 1 	 0 	 1 	 -1 
126.24		30 	 93.1570986251 	 174.096092622 	 1 	 0 	 1 	 -1 
115.709		40.8934 	 297.175338965 	 110.628449406 	 1 	 0 	 1 	 1 
110.065		53.4132 	 230.456163186 	 -112.448115128 	 1 	 0 	 1 	 1 
110.065		66.5868 	 289.546630295 	 71.1392330105 	 1 	 0 	 1 	 0 
115.709		79.1066 	 295.302165639 	 111.880995179 	 0 	 1 	 1 	 0 
126.24		90 	 118.397052436 	 87.1609814174 	 1 	 0 	 1 	 1 
115.709		100.893 	 153.747922612 	 134.716069721 	 0 	 1 	 1 	 1 
110.065		113.413 	 256.673852454 	 -93.91812153 	 0 	 1 	 1 	 1 
110.065		126.587 	 52.7063890983 	 55.8407960733 	 1 	 0 	 1 	 1 
115.709		139.107 	 252.020358068 	 5.19083948305 	 0 	 1 	 1 	 1 
126.24		150 	 166.151106777 	 56.7825616636 	 0 	 1 	 1 	 0 
115.709		160.893 	 147.823444448 	 -75.53915172 	 1 	 0 	 1 	 -1 
110.066		173.413 	 209.012782501 	 159.112686535 	 1 	 0 	 1 	 0 
110.066		186.587 	 88.2537428723 	 -36.5055120326 	 1 	 0 	 1 	 1 
115.709		199.107 	 87.8581420195 	 -153.893244635 	 0 	 1 	 1 	 -1 
126.24		210 	 13.096303202 	 152.641041539 	 0 	 1 	 1 	 -1 
115.709		220.893 	 256.666680594 	 167.39141394 	 0 	 1 	 1 	 -1 
110.065		233.413 	 269.819995932 	 -129.519567612 	 0 	 1 	 1 	 0 
110.065		246.587 	 191.684795714 	 -22.8352424654 	 1 	 0 	 1 	 0 
115.709		259.107 	 320.796331087 	 59.9318454913 	 1 	 0 	 1 	 -1 
126.24		270 	 120.927031123 	 -32.3189762415 	 1 	 0 	 1 	 1 
115.709		280.893 	 102.14730578 	 -113.230782784 	 1 	 0 	 1 	 0 
110.065		293.413 	 96.052161034 	 -116.157525817 	 0 	 1 	 1 	 0 
110.065		306.587 	 275.806378253 	 11.8782568378 	 1 	 0 	 1 	 1 
115.709		319.107 	 61.5871541846 	 78.7684575251 	 1 	 0 	 1 	 0 
126.24		330 	 166.604784943 	 62.2120230798 	 0 	 1 	 1 	 -1 
140.56		338.948 	 33.1227570891 	 131.181859099 	 1 	 0 	 1 	 0 
133.593		349.107 	 285.477614148 	 125.580784542 	 0 	 1 	 1 	 1 
131.188		0 	 89.5495419252 	 24.3112027553 	 0 	 1 	 1 	 1 
133.593		10.8934 	 170.498657578 	 -88.0168514789 	 1 	 0 	 1 	 1 
140.56		21.0517 	 143.593073655 	 -90.8570206593 	 1 	 0 	 1 	 -1 
151.459		30 	 80.7832420641 	 26.9825762364 	 0 	 1 	 1 	 1 
140.56		38.9483 	 52.7869340136 	 143.374823621 	 1 	 0 	 1 	 0 
133.593		49.1066 	 244.239243608 	 -6.30691974034 	 1 	 0 	 1 	 0 
131.188		60 	 150.509785087 	 -64.2580481169 	 1 	 0 	 1 	 1 
133.593		70.8934 	 30.471549007 	 -110.579366935 	 0 	 1 	 1 	 0 
140.56		81.0517 	 324.853843232 	 29.5777703701 	 0 	 1 	 1 	 -1 
151.459		90 	 142.699536359 	 -128.723304793 	 1 	 0 	 1 	 -1 
140.56		98.9483 	 13.8663444122 	 86.3103604194 	 0 	 1 	 1 	 1 
133.593		109.107 	 20.8221191178 	 -71.2307045488 	 0 	 1 	 1 	 0 
131.188		120 	 117.169203901 	 158.177760293 	 0 	 1 	 1 	 -1 
133.593		130.893 	 18.6143761382 	 91.2142168973 	 0 	 1 	 1 	 1 
140.56		141.052 	 251.427488471 	 -72.5726561997 	 1 	 0 	 1 	 1 
151.459		150 	 287.574756264 	 -37.6118071812 	 0 	 1 	 1 	 -1 
140.56		158.948 	 172.356200877 	 -124.175498058 	 0 	 1 	 1 	 -1 
133.593		169.107 	 245.000719084 	 -110.254500583 	 1 	 0 	 1 	 1 
131.188		180 	 134.025835491 	 78.2277703651 	 1 	 0 	 1 	 1 
133.593		190.893 	 50.0523198995 	 42.0816243054 	 1 	 0 	 1 	 -1 
140.56		201.052 	 258.830679398 	 169.183696947 	 0 	 1 	 1 	 0 
151.459		210 	 234.132654141 	 -31.6953729606 	 1 	 0 	 1 	 1 
140.56		218.948 	 300.923046248 	 76.4812753478 	 1 	 0 	 1 	 1 
133.593		229.107 	 68.4235622884 	 97.9078750924 	 0 	 1 	 1 	 -1 
131.188		240 	 313.176783007 	 143.718152777 	 0 	 1 	 1 	 0 
133.592		250.893 	 128.272968725 	 -142.142057976 	 1 	 0 	 1 	 0 
140.56		261.052 	 53.891163617 	 1.64957077485 	 1 	 0 	 1 	 0 
151.459		270 	 47.5335322255 	 95.5418034507 	 0 	 1 	 1 	 0 
140.56		278.948 	 159.199427297 	 -162.903085072 	 1 	 0 	 1 	 -1 
133.592		289.107 	 138.628564495 	 49.3767362635 	 0 	 1 	 1 	 0 
131.188		300 	 306.83497805 	 132.557706412 	 1 	 0 	 1 	 1 
133.593		310.893 	 26.0993904135 	 -169.574965605 	 0 	 1 	 1 	 -1 
140.56		321.052 	 109.946097875 	 -127.302701998 	 0 	 1 	 1 	 -1 
151.459		330 	 174.147194512 	 74.0605725629 	 1 	 0 	 1 	 1 
165.51		337.589 	 249.009793861 	 131.997178995 	 0 	 1 	 1 	 1 
157.635		346.102 	 93.1782242916 	 124.691353521 	 1 	 0 	 1 	 -1 
153.545		355.285 	 164.759060583 	 34.6654808473 	 1 	 0 	 1 	 0 
153.545		4.715 	 270.824440616 	 -25.2799030419 	 1 	 0 	 1 	 1 
157.635		13.8979 	 231.319752771 	 60.3704377864 	 0 	 1 	 1 	 1 
165.51		22.4109 	 16.7204913793 	 -114.583516579 	 0 	 1 	 1 	 -1 
176.661		30 	 275.587271066 	 57.2911834946 	 1 	 0 	 1 	 1 
165.51		37.5891 	 280.466596532 	 -28.8309535958 	 1 	 0 	 1 	 1 
157.635		46.1021 	 7.18458141349 	 -158.242097594 	 0 	 1 	 1 	 1 
153.545		55.285 	 30.8432346034 	 68.8063224751 	 0 	 1 	 1 	 -1 
153.545		64.715 	 129.910137733 	 167.78000792 	 1 	 0 	 1 	 0 
157.635		73.8979 	 15.5332807463 	 -44.0224306752 	 1 	 0 	 1 	 1 
165.51		82.4109 	 309.163512848 	 60.3391435995 	 0 	 1 	 1 	 1 
176.661		90 	 323.268703951 	 119.989039494 	 1 	 0 	 1 	 1 
165.51		97.5891 	 78.595736329 	 -123.447666176 	 1 	 0 	 1 	 -1 
157.635		106.102 	 162.045244043 	 -1.48343417375 	 0 	 1 	 1 	 -1 
153.545		115.285 	 182.419395644 	 107.9339529 	 1 	 0 	 1 	 -1 
153.545		124.715 	 148.283079667 	 -170.394696353 	 1 	 0 	 1 	 1 
157.635		133.898 	 46.821713353 	 -34.1307839474 	 1 	 0 	 1 	 0 
165.51		142.411 	 129.971192183 	 43.1709844112 	 1 	 0 	 1 	 0 
176.661		150 	 217.473184505 	 -145.320292293 	 0 	 1 	 1 	 -1 
165.509		157.589 	 136.956005505 	 145.174535579 	 1 	 0 	 1 	 -1 
157.635		166.102 	 48.275833273 	 172.774602866 	 1 	 0 	 1 	 1 
153.546		175.285 	 200.658012341 	 -68.7870183189 	 1 	 0 	 1 	 -1 
153.546		184.715 	 233.944738441 	 111.264338789 	 1 	 0 	 1 	 0 
157.635		193.898 	 60.1198716453 	 90.9372973823 	 0 	 1 	 1 	 -1 
165.509		202.411 	 169.173999321 	 24.1262780442 	 0 	 1 	 1 	 0 
165.51		217.589 	 93.8742052346 	 12.8747757377 	 1 	 0 	 1 	 0 
157.635		226.102 	 232.46490384 	 140.398538995 	 1 	 0 	 1 	 1 
153.545		235.285 	 304.924327908 	 -154.990444588 	 0 	 1 	 1 	 1 
153.545		244.715 	 253.209854019 	 -101.735215773 	 1 	 0 	 1 	 0 
157.635		253.898 	 206.747411135 	 -174.903149949 	 1 	 0 	 1 	 1 
165.51		262.411 	 91.8028110134 	 25.3825312802 	 1 	 0 	 1 	 1 
176.661		270 	 105.576260598 	 -138.468305879 	 0 	 1 	 1 	 -1 
165.51		277.589 	 64.3644737862 	 -44.4971139146 	 1 	 0 	 1 	 -1 
157.635		286.102 	 157.455360863 	 -126.687242282 	 1 	 0 	 1 	 1 
153.545		295.285 	 141.338835623 	 -128.916270686 	 1 	 0 	 1 	 0 
153.545		304.715 	 194.686021917 	 72.3566837104 	 0 	 1 	 1 	 -1 
157.635		313.898 	 274.521638728 	 -115.914231901 	 0 	 1 	 1 	 -1 
165.51		322.411 	 169.411961633 	 142.167535074 	 1 	 0 	 1 	 0 
176.661		330 	 210.341568113 	 -48.6771483288 	 0 	 1 	 1 	 -1 
190.511		336.587 	 123.023738771 	 -89.3399558362 	 1 	 0 	 1 	 0 
181.979		343.898 	 166.830759524 	 5.6094889293 	 0 	 1 	 1 	 0 
176.661		351.787 	 65.5820655833 	 -71.672889445 	 0 	 1 	 1 	 0 
174.852		0 	 209.675049666 	 -44.7839419425 	 1 	 0 	 1 	 -1 
176.661		8.21321 	 23.7214692308 	 -58.7446610504 	 0 	 1 	 1 	 1 
181.979		16.1021 	 243.61857376 	 116.203032491 	 1 	 0 	 1 	 0 
190.511		23.4132 	 121.394245811 	 54.5084386606 	 1 	 0 	 1 	 1 
201.845		30 	 18.2932881155 	 -147.434500639 	 1 	 0 	 1 	 -1 
181.979		43.8979 	 87.3853068451 	 -65.364976799 	 0 	 1 	 1 	 0 
176.661		51.7868 	 318.15491434 	 -53.2944553116 	 1 	 0 	 1 	 0 
174.852		60 	 317.923258025 	 -158.167552795 	 1 	 0 	 1 	 -1 
176.661		68.2132 	 316.835026288 	 136.139635536 	 1 	 0 	 1 	 1 
181.979		76.1021 	 69.2528083973 	 -43.9519195519 	 1 	 0 	 1 	 -1 
190.511		83.4132 	 96.6293878473 	 -35.9587152632 	 1 	 0 	 1 	 0 
201.845		90 	 199.295847922 	 -158.523780603 	 1 	 0 	 1 	 1 
190.511		96.5868 	 151.421603699 	 117.979709485 	 1 	 0 	 1 	 -1 
181.979		103.898 	 48.9030217442 	 142.325396535 	 0 	 1 	 1 	 -1 
176.661		111.787 	 234.074983956 	 88.8941111024 	 0 	 1 	 1 	 1 
174.852		120 	 304.25917635 	 137.481756887 	 0 	 1 	 1 	 -1 
176.661		128.213 	 176.481450074 	 -41.0776733256 	 1 	 0 	 1 	 0 
181.979		136.102 	 115.906960359 	 -168.287364806 	 1 	 0 	 1 	 1 
190.51		143.413 	 263.327941087 	 -117.3149202 	 0 	 1 	 1 	 0 
201.845		150 	 23.1584467118 	 14.6517327238 	 0 	 1 	 1 	 -1 
190.511		156.587 	 311.119023819 	 39.2232871622 	 0 	 1 	 1 	 -1 
181.979		163.898 	 219.571416179 	 141.153670733 	 1 	 0 	 1 	 1 
176.661		171.787 	 178.799161661 	 -95.9797994176 	 1 	 0 	 1 	 1 
174.852		180 	 65.5962407713 	 -106.921806112 	 1 	 0 	 1 	 -1 
176.661		188.213 	 262.122472077 	 2.4529311201 	 0 	 1 	 1 	 0 
181.979		196.102 	 31.312906273 	 -125.804173788 	 0 	 1 	 1 	 0 
190.511		203.413 	 299.796367799 	 -107.449133898 	 0 	 1 	 1 	 -1 
201.845		210 	 320.6891764 	 107.50088351 	 0 	 1 	 1 	 0 
190.51		216.587 	 59.0852475488 	 -169.484134129 	 1 	 0 	 1 	 0 
181.979		223.898 	 189.055852885 	 -9.3406655787 	 0 	 1 	 1 	 1 
176.661		231.787 	 220.298085663 	 32.2022682252 	 0 	 1 	 1 	 1 
174.853		240 	 273.899982044 	 -127.09285606 	 0 	 1 	 1 	 -1 
176.662		248.213 	 277.986044282 	 -135.611705913 	 0 	 1 	 1 	 1 
181.979		256.102 	 163.250873558 	 -69.2615144008 	 1 	 0 	 1 	 -1 
190.511		263.413 	 159.793294005 	 -57.6304702582 	 1 	 0 	 1 	 0 
190.511		276.587 	 298.031310893 	 -166.098252753 	 1 	 0 	 1 	 1 
181.979		283.898 	 176.14872883 	 130.416539043 	 1 	 0 	 1 	 -1 
176.662		291.787 	 117.943889266 	 -75.8857671589 	 0 	 1 	 1 	 -1 
174.853		300 	 33.9995536096 	 112.87945005 	 1 	 0 	 1 	 0 
176.661		308.213 	 28.4543451366 	 -49.4927746739 	 1 	 0 	 1 	 -1 
181.979		316.102 	 84.9117466089 	 -64.6750364824 	 1 	 0 	 1 	 -1 
190.511		323.413 	 147.4549303 	 174.504702743 	 0 	 1 	 1 	 1 
201.845		330 	 133.77181945 	 60.1177543177 	 0 	 1 	 1 	 0 
215.536		335.818 	 32.6254454505 	 17.4783155737 	 0 	 1 	 1 	 -1 
206.511		342.216 	 139.11526329 	 -12.8838574472 	 1 	 0 	 1 	 0 
200.265		349.107 	 33.9517908709 	 132.911991364 	 1 	 0 	 1 	 0 
197.068		356.329 	 144.817356845 	 107.091158464 	 0 	 1 	 1 	 0 
197.068		3.6705 	 148.796845547 	 -16.8949440626 	 0 	 1 	 1 	 1 
200.265		10.8934 	 163.201746009 	 129.720672003 	 0 	 1 	 1 	 1 
206.511		17.7836 	 137.186752331 	 131.119742669 	 0 	 1 	 1 	 1 
215.536		24.1825 	 189.696046109 	 -32.5815485255 	 1 	 0 	 1 	 -1 
227.007		30 	 44.9740620726 	 78.9558600971 	 1 	 0 	 1 	 1 
215.536		35.8175 	 276.488288121 	 119.276179277 	 0 	 1 	 1 	 0 
206.511		42.2164 	 323.505769515 	 88.9249164952 	 1 	 0 	 1 	 0 
200.265		49.1066 	 215.700960554 	 -61.7609751603 	 1 	 0 	 1 	 0 
197.068		56.3295 	 149.91126313 	 156.583989193 	 0 	 1 	 1 	 1 
197.068		63.6705 	 195.20453496 	 51.2299900031 	 0 	 1 	 1 	 0 
200.265		70.8934 	 169.082224833 	 -86.797524428 	 0 	 1 	 1 	 1 
206.511		77.7836 	 155.329609655 	 17.7318770479 	 0 	 1 	 1 	 1 
215.536		84.1825 	 199.894533999 	 -174.470108294 	 0 	 1 	 1 	 1 
227.007		90 	 68.799700089 	 -0.406994670578 	 1 	 0 	 1 	 1 
215.536		95.8175 	 201.327457211 	 -89.9773441621 	 0 	 1 	 1 	 1 
206.511		102.216 	 303.428956533 	 -52.5840308724 	 0 	 1 	 1 	 -1 
200.265		109.107 	 20.7818939835 	 -132.918133731 	 0 	 1 	 1 	 0 
197.068		116.33 	 97.3782527967 	 178.388767422 	 1 	 0 	 1 	 0 
197.068		123.671 	 68.5579596223 	 120.211780108 	 1 	 0 	 1 	 -1 
200.265		130.893 	 31.6943198259 	 -46.2844327957 	 1 	 0 	 1 	 1 
206.51		137.784 	 28.6290732781 	 -123.726032669 	 0 	 1 	 1 	 0 
215.536		144.182 	 267.938693224 	 11.0153178235 	 1 	 0 	 1 	 0 
227.007		150 	 58.8352526012 	 8.71537617563 	 0 	 1 	 1 	 1 
215.536		155.818 	 279.339247904 	 -65.3579542042 	 0 	 1 	 1 	 0 
206.511		162.216 	 242.449397819 	 -25.1944722577 	 1 	 0 	 1 	 0 
200.266		169.107 	 224.555475571 	 99.8631447151 	 0 	 1 	 1 	 0 
197.068		176.33 	 150.576370281 	 -84.6993805718 	 1 	 0 	 1 	 1 
197.068		183.671 	 297.414270721 	 174.15102964 	 0 	 1 	 1 	 1 
200.266		190.893 	 128.059054432 	 152.985996148 	 0 	 1 	 1 	 -1 
206.511		197.784 	 265.489432478 	 171.411245986 	 0 	 1 	 1 	 -1 
215.536		204.182 	 223.853908883 	 63.7633306135 	 0 	 1 	 1 	 -1 
227.007		210 	 125.763760779 	 26.9796945951 	 1 	 0 	 1 	 -1 
215.536		215.818 	 140.62605622 	 52.5376776092 	 1 	 0 	 1 	 0 
206.51		222.216 	 225.243378258 	 -155.033271891 	 1 	 0 	 1 	 -1 
200.265		229.107 	 249.939306528 	 90.806563536 	 0 	 1 	 1 	 1 
197.068		236.329 	 264.133601502 	 36.7475721499 	 0 	 1 	 1 	 0 
197.068		243.671 	 288.259888638 	 72.7677197296 	 1 	 0 	 1 	 1 
200.265		250.893 	 191.286037467 	 174.163122235 	 0 	 1 	 1 	 -1 
206.51		257.784 	 262.402092224 	 45.0766558861 	 1 	 0 	 1 	 1 
215.536		264.182 	 93.2413614847 	 -145.632498216 	 0 	 1 	 1 	 -1 
227.007		270 	 48.2233588855 	 -108.882314011 	 0 	 1 	 1 	 -1 
215.536		275.818 	 2.81347372648 	 140.27755602 	 0 	 1 	 1 	 -1 
206.51		282.216 	 297.393648204 	 -114.202231207 	 0 	 1 	 1 	 0 
200.265		289.107 	 244.547204464 	 19.444973917 	 1 	 0 	 1 	 -1 
197.068		296.329 	 23.6176221767 	 178.945027475 	 1 	 0 	 1 	 1 
197.068		303.67 	 176.48999987 	 40.8932296455 	 1 	 0 	 1 	 0 
200.265		310.893 	 140.233863133 	 36.3779716623 	 0 	 1 	 1 	 -1 
206.511		317.784 	 98.8241535571 	 -135.012210781 	 0 	 1 	 1 	 1 
227.008		330 	 120.746688057 	 -58.8085274352 	 1 	 0 	 1 	 0 
240.57		335.209 	 93.4062185778 	 -106.476826214 	 0 	 1 	 1 	 -1 
231.161		340.893 	 131.899165558 	 -1.34797415707 	 0 	 1 	 1 	 1 
224.195		346.996 	 57.2857645673 	 -173.244197559 	 1 	 0 	 1 	 -1 
219.909		353.413 	 56.6657194277 	 -45.9808132841 	 1 	 0 	 1 	 0 
218.461		0 	 175.911598177 	 -42.2152623664 	 0 	 1 	 1 	 -1 
219.909		6.58678 	 173.467018135 	 -81.2315835597 	 0 	 1 	 1 	 0 
224.195		13.0039 	 9.96966202543 	 -151.318283928 	 1 	 0 	 1 	 0 
231.161		19.1066 	 43.3671524926 	 39.6904898043 	 1 	 0 	 1 	 1 
240.57		24.7913 	 131.193042119 	 64.9475720333 	 1 	 0 	 1 	 0 
252.146		30 	 245.238245566 	 165.094764752 	 1 	 0 	 1 	 1 
240.57		35.2087 	 162.154993815 	 -65.5021494022 	 0 	 1 	 1 	 0 
231.161		40.8934 	 226.753674757 	 30.2087955793 	 0 	 1 	 1 	 1 
224.195		46.9961 	 57.5943218537 	 -64.9442847908 	 0 	 1 	 1 	 -1 
219.909		53.4132 	 19.7274360492 	 99.4133492632 	 0 	 1 	 1 	 0 
218.461		60 	 46.447425124 	 78.3451209668 	 0 	 1 	 1 	 0 
219.909		66.5868 	 220.040230245 	 -25.1250372374 	 0 	 1 	 1 	 1 
224.195		73.0039 	 86.506670353 	 60.6811851113 	 1 	 0 	 1 	 -1 
231.161		79.1066 	 259.360873414 	 -50.9759934992 	 0 	 1 	 1 	 1 
240.57		84.7913 	 102.56251495 	 6.56878686888 	 0 	 1 	 1 	 1 
240.57		95.2087 	 125.231646184 	 149.813953686 	 1 	 0 	 1 	 0 
231.161		100.893 	 85.8954700962 	 -98.6982349299 	 1 	 0 	 1 	 -1 
224.195		106.996 	 61.8749129203 	 -48.2113066297 	 0 	 1 	 1 	 -1 
219.909		113.413 	 160.850681896 	 64.3596162289 	 1 	 0 	 1 	 -1 
218.461		120 	 171.964108994 	 -11.4296386443 	 1 	 0 	 1 	 1 
219.909		126.587 	 62.7391620646 	 128.411787204 	 0 	 1 	 1 	 0 
224.195		133.004 	 246.594045762 	 -109.089840056 	 0 	 1 	 1 	 0 
231.161		139.107 	 152.905230951 	 -26.6513254832 	 1 	 0 	 1 	 0 
252.146		150 	 215.700092772 	 12.8299394776 	 0 	 1 	 1 	 1 
240.57		155.209 	 147.997369081 	 -110.487400986 	 1 	 0 	 1 	 1 
231.16		160.893 	 315.999935415 	 122.467738403 	 1 	 0 	 1 	 0 
224.196		166.996 	 200.625716069 	 152.431004494 	 0 	 1 	 1 	 1 
219.909		173.413 	 283.594615438 	 33.0582743605 	 0 	 1 	 1 	 -1 
218.461		180 	 63.5801242079 	 -128.708121526 	 0 	 1 	 1 	 0 
219.909		186.587 	 199.143623429 	 -11.1262099071 	 1 	 0 	 1 	 -1 
224.196		193.004 	 106.610738344 	 11.1013532647 	 1 	 0 	 1 	 0 
231.16		199.107 	 87.886790786 	 -100.164660704 	 0 	 1 	 1 	 -1 
240.57		204.791 	 166.772705286 	 -172.209773632 	 0 	 1 	 1 	 1 
252.146		210 	 206.153086692 	 41.0492004253 	 1 	 0 	 1 	 1 
240.57		215.209 	 146.085366268 	 -131.911915259 	 0 	 1 	 1 	 -1 
231.161		220.893 	 226.262160006 	 -15.0511716241 	 1 	 0 	 1 	 -1 
224.196		226.996 	 214.845911505 	 29.1067022418 	 0 	 1 	 1 	 -1 
219.909		233.413 	 256.340309506 	 -95.3358980578 	 1 	 0 	 1 	 1 
218.461		240 	 296.788697134 	 114.457401594 	 1 	 0 	 1 	 -1 
219.909		246.587 	 187.936531922 	 -70.3359983569 	 1 	 0 	 1 	 -1 
224.195		253.004 	 134.013118752 	 -177.856638247 	 0 	 1 	 1 	 0 
231.16		259.107 	 239.26117508 	 131.239509158 	 1 	 0 	 1 	 -1 
240.57		264.791 	 264.051043478 	 9.29242744409 	 0 	 1 	 1 	 1 
252.146		270 	 173.13398257 	 -131.354904423 	 0 	 1 	 1 	 1 
240.57		275.209 	 9.68660118665 	 31.7290741702 	 0 	 1 	 1 	 -1 
231.16		280.893 	 44.9629008412 	 17.4300855085 	 0 	 1 	 1 	 0 
224.195		286.996 	 195.871576605 	 -71.5627473915 	 1 	 0 	 1 	 1 
219.909		293.413 	 232.892843267 	 -152.916982463 	 1 	 0 	 1 	 -1 
218.461		300 	 280.845798872 	 24.4050097502 	 1 	 0 	 1 	 0 
219.909		306.587 	 41.6556650613 	 -8.40139113357 	 0 	 1 	 1 	 -1 
224.196		313.004 	 306.039044458 	 -172.062826523 	 1 	 0 	 1 	 1 
231.161		319.107 	 118.228637791 	 -120.190102456 	 1 	 0 	 1 	 -1 
240.57		324.791 	 203.758729491 	 167.522419876 	 1 	 0 	 1 	 1 
252.146		330 	 37.4537527906 	 -75.6018506267 	 1 	 0 	 1 	 1 
265.601		334.715 	 289.88691272 	 32.9031321043 	 1 	 0 	 1 	 0 
255.886		339.826 	 157.685115537 	 152.229449493 	 1 	 0 	 1 	 -1 
248.348		345.295 	 307.506527371 	 -123.929374471 	 0 	 1 	 1 	 -1 
243.191		351.052 	 280.35787331 	 97.7954512917 	 1 	 0 	 1 	 0 
240.57		356.996 	 287.978915264 	 -93.7611787554 	 1 	 0 	 1 	 0 
240.57		3.00449 	 297.863858379 	 -41.8081221446 	 0 	 1 	 1 	 -1 
243.191		8.94827 	 169.269502866 	 93.2202770207 	 1 	 0 	 1 	 -1 
248.348		14.7047 	 112.93665235 	 140.398939918 	 1 	 0 	 1 	 1 
255.886		20.1736 	 300.513135795 	 -99.1722346892 	 0 	 1 	 1 	 1 
265.601		25.285 	 233.030653288 	 -12.572554572 	 1 	 0 	 1 	 -1 
277.258		30 	 192.545566886 	 59.9207781409 	 1 	 0 	 1 	 -1 
265.601		34.715 	 68.9792210719 	 -102.84538849 	 1 	 0 	 1 	 1 
255.887		39.8264 	 152.506131246 	 80.9377872753 	 0 	 1 	 1 	 -1 
248.348		45.2953 	 228.787146911 	 83.3800706496 	 0 	 1 	 1 	 0 
243.191		51.0517 	 92.4359972097 	 45.7129287522 	 0 	 1 	 1 	 -1 
240.57		56.9955 	 248.933172205 	 -139.573912656 	 1 	 0 	 1 	 -1 
240.57		63.0045 	 200.596028018 	 -156.405720589 	 1 	 0 	 1 	 0 
243.191		68.9483 	 324.640638433 	 -37.7075263902 	 0 	 1 	 1 	 0 
248.348		74.7047 	 77.2960663888 	 98.7092549476 	 0 	 1 	 1 	 0 
255.887		80.1736 	 111.255848403 	 -140.525549143 	 0 	 1 	 1 	 0 
265.601		85.285 	 252.312029217 	 161.541359619 	 0 	 1 	 1 	 0 
277.257		90 	 56.1338987445 	 83.531756649 	 1 	 0 	 1 	 -1 
265.601		94.715 	 71.0731068052 	 36.8839415034 	 0 	 1 	 1 	 0 
255.887		99.8264 	 116.775370599 	 -112.003143054 	 1 	 0 	 1 	 1 
248.348		105.295 	 119.136821286 	 47.1857684224 	 1 	 0 	 1 	 -1 
243.191		111.052 	 225.934143576 	 -30.5543078938 	 1 	 0 	 1 	 1 
240.57		116.996 	 116.936006357 	 -122.36568402 	 1 	 0 	 1 	 0 
240.57		123.005 	 168.022111735 	 -62.7055589714 	 1 	 0 	 1 	 -1 
243.191		128.948 	 123.316277132 	 -149.753336863 	 0 	 1 	 1 	 -1 
248.348		134.705 	 26.7385021662 	 -157.970155942 	 0 	 1 	 1 	 1 
255.887		140.174 	 272.958395517 	 46.176276346 	 0 	 1 	 1 	 0 
265.6		145.285 	 4.85414610913 	 -143.806310709 	 0 	 1 	 1 	 -1 
277.257		150 	 128.411744105 	 -70.510490012 	 0 	 1 	 1 	 1 
265.601		154.715 	 137.058170784 	 112.010674045 	 1 	 0 	 1 	 1 
255.886		159.826 	 139.901880988 	 140.405931041 	 1 	 0 	 1 	 -1 
248.348		165.295 	 178.14760601 	 15.8014051179 	 1 	 0 	 1 	 1 
243.191		171.052 	 116.250962611 	 -122.431330725 	 1 	 0 	 1 	 0 
240.57		176.996 	 9.87154776171 	 -176.356944445 	 1 	 0 	 1 	 -1 
240.57		183.005 	 63.5524296167 	 99.2464972306 	 1 	 0 	 1 	 -1 
243.191		188.948 	 122.618299096 	 145.817150919 	 1 	 0 	 1 	 -1 
248.348		194.705 	 227.127518095 	 134.344275227 	 0 	 1 	 1 	 1 
255.886		200.174 	 110.61662549 	 -10.1741183934 	 0 	 1 	 1 	 1 
265.601		205.285 	 198.423826584 	 -145.341228857 	 0 	 1 	 1 	 0 
277.258		210 	 266.373813792 	 -26.4539574909 	 0 	 1 	 1 	 0 
265.6		214.715 	 267.629885171 	 17.5712521635 	 1 	 0 	 1 	 -1 
255.887		219.826 	 229.943247582 	 -98.1669852229 	 0 	 1 	 1 	 0 
248.348		225.295 	 121.31674568 	 -48.4543989751 	 1 	 0 	 1 	 -1 
243.191		231.052 	 320.702426949 	 -112.582953772 	 0 	 1 	 1 	 1 
240.57		236.995 	 255.114199154 	 152.33319878 	 0 	 1 	 1 	 1 
240.57		243.004 	 226.050154123 	 97.7038480027 	 1 	 0 	 1 	 1 
243.19		248.948 	 171.703737413 	 -172.693921257 	 0 	 1 	 1 	 1 
248.348		254.705 	 210.412677861 	 -75.2089244702 	 0 	 1 	 1 	 -1 
255.886		260.174 	 40.1114224085 	 118.581905632 	 1 	 0 	 1 	 -1 
265.601		265.285 	 20.6488258119 	 -116.22587363 	 0 	 1 	 1 	 1 
277.258		270 	 235.237383481 	 -13.6550454016 	 0 	 1 	 1 	 -1 
265.601		274.715 	 296.874286175 	 101.890729785 	 0 	 1 	 1 	 0 
255.886		279.826 	 307.516265411 	 -77.1003147656 	 1 	 0 	 1 	 0 
248.348		285.295 	 31.608048034 	 29.1276982572 	 0 	 1 	 1 	 -1 
243.19		291.052 	 143.82367786 	 -151.426155402 	 0 	 1 	 1 	 -1 
240.57		296.996 	 30.303799295 	 -3.28927736997 	 0 	 1 	 1 	 0 
240.57		303.004 	 304.913050403 	 126.935070859 	 0 	 1 	 1 	 0 
243.191		308.948 	 53.0738670404 	 -66.3149236201 	 0 	 1 	 1 	 0 
248.348		314.705 	 312.348990396 	 65.6854456075 	 1 	 0 	 1 	 1 
255.886		320.174 	 186.16785294 	 60.1449668367 	 0 	 1 	 1 	 1 
265.6		325.285 	 107.666123438 	 -2.43773662957 	 1 	 0 	 1 	 1 
277.258		330 	 180.740537919 	 53.783123942 	 1 	 0 	 1 	 -1 
290.619		334.307 	 300.881333336 	 -57.893892567 	 0 	 1 	 1 	 1 
280.659		338.948 	 96.8998811467 	 58.8286066461 	 0 	 1 	 1 	 1 
272.656		343.898 	 216.268286206 	 -0.100645010798 	 1 	 0 	 1 	 0 
266.79		349.107 	 248.664577375 	 133.098029541 	 1 	 0 	 1 	 -1 
263.206		354.504 	 144.21858898 	 108.164546425 	 1 	 0 	 1 	 0 
262.001		0 	 129.720000788 	 68.5613164373 	 1 	 0 	 1 	 -1 
263.206		5.49637 	 90.3514273557 	 51.9905741796 	 0 	 1 	 1 	 1 
266.79		10.8934 	 149.587826402 	 -7.19722934087 	 0 	 1 	 1 	 0 
272.656		16.1021 	 221.631355587 	 -48.0087424171 	 0 	 1 	 1 	 -1 
280.659		21.0517 	 189.683037939 	 -143.306657512 	 1 	 0 	 1 	 1 
290.619		25.6934 	 238.552107141 	 67.613182878 	 0 	 1 	 1 	 1 
302.34		30 	 18.4832795039 	 -125.119958135 	 0 	 1 	 1 	 0 
290.619		34.3066 	 205.525827808 	 -116.870498035 	 1 	 0 	 1 	 1 
280.659		38.9483 	 12.4124744147 	 110.008334082 	 1 	 0 	 1 	 -1 
272.656		43.8979 	 253.614326506 	 69.6687525573 	 1 	 0 	 1 	 0 
266.789		49.1066 	 41.2201928733 	 -146.313933101 	 1 	 0 	 1 	 0 
263.206		54.5036 	 13.9070489816 	 24.7892724177 	 0 	 1 	 1 	 -1 
262.001		60 	 292.526159174 	 -176.450926358 	 0 	 1 	 1 	 0 
263.206		65.4964 	 35.8421081696 	 -14.0540173636 	 1 	 0 	 1 	 0 
266.79		70.8934 	 279.222436094 	 -120.869700288 	 0 	 1 	 1 	 0 
272.656		76.1021 	 42.9960825706 	 -124.208507966 	 1 	 0 	 1 	 0 
280.659		81.0517 	 41.9702474241 	 -84.098135319 	 0 	 1 	 1 	 1 
290.619		85.6934 	 210.444350958 	 -68.411558895 	 1 	 0 	 1 	 -1 
302.34		90 	 89.8627087199 	 -167.611587456 	 0 	 1 	 1 	 1 
290.619		94.3066 	 315.305689387 	 167.74248064 	 1 	 0 	 1 	 0 
280.659		98.9483 	 197.355923587 	 118.992442781 	 1 	 0 	 1 	 -1 
272.655		103.898 	 239.119815121 	 -161.194572642 	 1 	 0 	 1 	 -1 
266.79		109.107 	 68.0106672576 	 83.4580031307 	 0 	 1 	 1 	 1 
263.206		114.504 	 5.39411273021 	 104.571845236 	 1 	 0 	 1 	 0 
262		120 	 36.6183254111 	 -165.401032728 	 1 	 0 	 1 	 1 
263.206		125.496 	 310.280950633 	 24.6436471419 	 0 	 1 	 1 	 1 
266.79		130.893 	 37.033843086 	 -18.7134947707 	 1 	 0 	 1 	 1 
272.655		136.102 	 228.072153888 	 175.833493885 	 1 	 0 	 1 	 -1 
280.659		141.052 	 141.298431876 	 149.631511605 	 0 	 1 	 1 	 -1 
290.619		145.693 	 116.75879874 	 60.9031038986 	 0 	 1 	 1 	 -1 
302.34		150 	 33.0260541611 	 -82.5912679782 	 0 	 1 	 1 	 -1 
290.619		154.307 	 218.37265107 	 159.496544066 	 0 	 1 	 1 	 -1 
280.659		158.948 	 207.530263997 	 -123.546289434 	 0 	 1 	 1 	 1 
272.656		163.898 	 67.3005548646 	 75.626925243 	 1 	 0 	 1 	 1 
266.789		169.107 	 242.709278636 	 -24.8313743994 	 0 	 1 	 1 	 0 
263.206		174.504 	 320.388853269 	 153.302577513 	 1 	 0 	 1 	 1 
262.001		180 	 236.833739093 	 -30.1776994145 	 0 	 1 	 1 	 -1 
263.206		185.496 	 206.35993057 	 -63.5701134814 	 1 	 0 	 1 	 1 
266.789		190.893 	 166.412579143 	 138.397831297 	 1 	 0 	 1 	 1 
272.656		196.102 	 134.352131796 	 -125.43129833 	 1 	 0 	 1 	 1 
280.659		201.052 	 307.411178469 	 44.4123202047 	 1 	 0 	 1 	 0 
290.619		205.693 	 292.45437516 	 -18.3159261741 	 1 	 0 	 1 	 -1 
302.34		210 	 245.059028108 	 97.6072069497 	 0 	 1 	 1 	 1 
290.619		214.307 	 35.1104766517 	 -52.6328816202 	 1 	 0 	 1 	 -1 
280.658		218.948 	 265.088720689 	 9.43382826969 	 0 	 1 	 1 	 1 
272.656		223.898 	 246.812214816 	 89.4572066846 	 1 	 0 	 1 	 -1 
266.79		229.107 	 211.588013119 	 53.2541064884 	 0 	 1 	 1 	 0 
263.206		234.504 	 272.802412199 	 167.643080588 	 0 	 1 	 1 	 1 
262		240 	 153.999152172 	 -75.7249722421 	 0 	 1 	 1 	 1 
263.206		245.496 	 12.4473339456 	 -12.2351878038 	 0 	 1 	 1 	 1 
266.789		250.893 	 237.501156428 	 82.0917046982 	 0 	 1 	 1 	 1 
272.656		256.102 	 114.077427597 	 30.1962634714 	 0 	 1 	 1 	 1 
280.659		261.052 	 38.7277813734 	 146.529499367 	 0 	 1 	 1 	 0 
290.62		265.693 	 60.890942261 	 -101.396296159 	 1 	 0 	 1 	 0 
302.34		270 	 307.536818767 	 -133.687340124 	 0 	 1 	 1 	 1 
290.62		274.307 	 61.0868949983 	 -105.483884152 	 1 	 0 	 1 	 1 
280.659		278.948 	 18.7514644079 	 165.653212374 	 1 	 0 	 1 	 -1 
272.656		283.898 	 234.0979655 	 21.8882355671 	 1 	 0 	 1 	 0 
266.789		289.107 	 317.016715853 	 -100.240512779 	 0 	 1 	 1 	 1 
263.206		294.504 	 170.391799125 	 -115.31296696 	 1 	 0 	 1 	 1 
262		300 	 24.8998250195 	 -15.0256193974 	 0 	 1 	 1 	 0 
263.206		305.496 	 278.204703063 	 -3.76552715308 	 1 	 0 	 1 	 1 
266.79		310.893 	 144.92158572 	 -176.548943514 	 0 	 1 	 1 	 0 
272.656		316.102 	 280.977301609 	 129.116121323 	 1 	 0 	 1 	 1 
280.659		321.052 	 254.812961953 	 -114.333116283 	 0 	 1 	 1 	 -1 
290.619		325.693 	 114.01600888 	 -121.513021058 	 1 	 0 	 1 	 1 
302.34		330 	 17.6664627319 	 -78.7245606194 	 1 	 0 	 1 	 1 
315.62		333.963 	 208.80564786 	 36.3913994593 	 1 	 0 	 1 	 0 
305.457		338.213 	 173.18498638 	 70.4416552144 	 1 	 0 	 1 	 0 
297.071		342.731 	 124.050233493 	 91.3108139382 	 0 	 1 	 1 	 -1 
290.619		347.48 	 57.6216761425 	 176.664456161 	 0 	 1 	 1 	 1 
286.236		352.411 	 111.091768766 	 -10.877938537 	 0 	 1 	 1 	 -1 
284.018		357.457 	 55.9859559638 	 -164.224825634 	 0 	 1 	 1 	 0 
284.018		2.54292 	 126.904134749 	 1.02565424079 	 1 	 0 	 1 	 0 
286.236		7.58909 	 195.757516631 	 78.0135804532 	 1 	 0 	 1 	 1 
290.619		12.5198 	 142.835282794 	 174.688110813 	 0 	 1 	 1 	 1 
297.071		17.2695 	 53.7788283358 	 -57.8224882476 	 1 	 0 	 1 	 1 
305.457		21.7868 	 38.6568575519 	 98.5161511706 	 0 	 1 	 1 	 1 
315.62		26.0368 	 113.477790622 	 104.24583129 	 1 	 0 	 1 	 0 
327.39		30 	 309.818398946 	 57.293239102 	 1 	 0 	 1 	 -1 
305.457		38.2132 	 190.522690403 	 100.835461244 	 0 	 1 	 1 	 -1 
297.071		42.7305 	 120.187466072 	 -80.0636693347 	 1 	 0 	 1 	 -1 
290.619		47.4802 	 266.746349456 	 1.8649032685 	 1 	 0 	 1 	 0 
286.236		52.4109 	 105.284671671 	 165.707668485 	 0 	 1 	 1 	 -1 
284.018		57.4571 	 52.0374807627 	 54.6433160171 	 0 	 1 	 1 	 1 
284.018		62.5429 	 64.6765418482 	 122.47130361 	 0 	 1 	 1 	 -1 
286.236		67.5891 	 177.83598166 	 -119.342200535 	 0 	 1 	 1 	 0 
290.619		72.5198 	 23.0356633256 	 62.7645668719 	 0 	 1 	 1 	 0 
297.071		77.2695 	 175.333243797 	 136.109509353 	 1 	 0 	 1 	 0 
305.457		81.7868 	 244.457423228 	 -140.795294243 	 1 	 0 	 1 	 1 
315.62		86.0368 	 280.369024314 	 -170.406874279 	 0 	 1 	 1 	 0 
327.39		90 	 206.077500317 	 25.9494573443 	 1 	 0 	 1 	 -1 
315.62		93.9632 	 181.952676214 	 118.776397833 	 1 	 0 	 1 	 0 
305.457		98.2132 	 102.854573851 	 21.8764798988 	 0 	 1 	 1 	 0 
297.071		102.731 	 76.5712287147 	 169.223575252 	 1 	 0 	 1 	 0 
290.619		107.48 	 243.426416007 	 143.2923177 	 0 	 1 	 1 	 0 
286.236		112.411 	 194.485040232 	 -112.287876303 	 1 	 0 	 1 	 0 
284.018		117.457 	 176.088242116 	 27.5630990206 	 0 	 1 	 1 	 1 
284.018		122.543 	 256.53852181 	 89.6912433113 	 1 	 0 	 1 	 0 
286.236		127.589 	 285.862186887 	 -172.316397558 	 1 	 0 	 1 	 -1 
290.62		132.52 	 271.141357722 	 -153.048847236 	 0 	 1 	 1 	 1 
297.071		137.269 	 16.3367131586 	 -160.563601061 	 0 	 1 	 1 	 0 
305.457		141.787 	 209.67038084 	 -163.228966808 	 1 	 0 	 1 	 1 
315.62		146.037 	 199.030526349 	 34.9354346055 	 0 	 1 	 1 	 -1 
327.39		150 	 184.232913381 	 141.910531406 	 0 	 1 	 1 	 0 
315.619		153.963 	 215.857286365 	 -49.2848453483 	 0 	 1 	 1 	 1 
305.457		158.213 	 284.54392772 	 70.238549364 	 1 	 0 	 1 	 1 
297.071		162.731 	 121.259633983 	 124.877292525 	 1 	 0 	 1 	 0 
290.62		167.48 	 178.121898257 	 78.1610213748 	 1 	 0 	 1 	 -1 
286.236		172.411 	 89.7545271149 	 164.503246593 	 1 	 0 	 1 	 0 
284.019		177.457 	 191.58688657 	 100.092112828 	 0 	 1 	 1 	 1 
284.019		182.543 	 191.109385854 	 -108.784731257 	 1 	 0 	 1 	 1 
286.236		187.589 	 242.513166539 	 -142.543530204 	 0 	 1 	 1 	 0 
290.62		192.52 	 216.6880802 	 -66.6091939411 	 0 	 1 	 1 	 1 
297.071		197.269 	 88.9538114337 	 59.0516425098 	 0 	 1 	 1 	 1 
305.457		201.787 	 102.145962513 	 -2.23917572774 	 1 	 0 	 1 	 1 
315.62		206.037 	 215.646472155 	 130.204272282 	 0 	 1 	 1 	 0 
327.39		210 	 82.1860704816 	 -63.1133930812 	 0 	 1 	 1 	 1 
315.62		213.963 	 94.0698584528 	 130.096337404 	 0 	 1 	 1 	 0 
305.457		218.213 	 253.004126755 	 -93.165683032 	 0 	 1 	 1 	 1 
297.071		222.731 	 207.654167262 	 109.336405963 	 1 	 0 	 1 	 1 
290.619		227.48 	 1.04101131192 	 159.917996974 	 0 	 1 	 1 	 1 
286.236		232.411 	 39.0870151967 	 -31.0718807809 	 1 	 0 	 1 	 1 
284.018		237.457 	 274.450264379 	 -125.35472037 	 0 	 1 	 1 	 0 
284.019		242.543 	 44.6665157 	 -152.148871623 	 0 	 1 	 1 	 1 
286.236		247.589 	 157.071157219 	 39.2815163969 	 0 	 1 	 1 	 0 
290.62		252.52 	 17.1811910321 	 69.8630329033 	 0 	 1 	 1 	 1 
297.071		257.269 	 308.631096653 	 -148.513861404 	 1 	 0 	 1 	 0 
305.457		261.787 	 40.4115486006 	 145.706693585 	 1 	 0 	 1 	 1 
315.62		266.037 	 66.7973855358 	 38.2451623461 	 0 	 1 	 1 	 -1 
327.39		270 	 275.351651264 	 -82.577604955 	 1 	 0 	 1 	 0 
315.62		273.963 	 203.742456063 	 121.57909028 	 1 	 0 	 1 	 -1 
305.457		278.213 	 248.314386855 	 -101.38780815 	 0 	 1 	 1 	 0 
297.071		282.731 	 262.795848548 	 174.546956171 	 1 	 0 	 1 	 0 
290.62		287.48 	 61.7666802011 	 140.578720382 	 1 	 0 	 1 	 -1 
286.236		292.411 	 255.605531512 	 -24.7757308362 	 0 	 1 	 1 	 1 
284.019		297.457 	 240.950189972 	 120.543398615 	 0 	 1 	 1 	 -1 
284.018		302.543 	 291.274997954 	 85.5884398639 	 1 	 0 	 1 	 -1 
286.236		307.589 	 233.520975214 	 49.4473381303 	 0 	 1 	 1 	 1 
290.619		312.52 	 130.34066796 	 105.232442782 	 0 	 1 	 1 	 0 
297.071		317.269 	 278.911760462 	 -82.9666190366 	 0 	 1 	 1 	 -1 
305.457		321.787 	 257.983699809 	 92.8753354344 	 0 	 1 	 1 	 0 
327.39		330 	 47.1822946397 	 -75.9372361391 	 0 	 1 	 1 	 0 
340.597		333.67 	 194.312562145 	 104.98074286 	 1 	 0 	 1 	 -1 
330.266		337.589 	 47.8710641187 	 59.3528384005 	 1 	 0 	 1 	 -1 
321.56		341.742 	 20.77016491 	 -90.3495241741 	 0 	 1 	 1 	 1 
314.619		346.102 	 8.30083966223 	 -19.8693769696 	 0 	 1 	 1 	 -1 
309.563		350.633 	 96.9791164751 	 -155.31890778 	 1 	 0 	 1 	 1 
306.489		355.285 	 18.5823219367 	 -72.2747901176 	 0 	 1 	 1 	 -1 
305.457		0 	 283.519566749 	 -115.027954342 	 0 	 1 	 1 	 -1 
306.489		4.715 	 130.75662835 	 -71.5332973876 	 1 	 0 	 1 	 -1 
309.563		9.367 	 126.565369749 	 -142.956430038 	 0 	 1 	 1 	 1 
314.619		13.8979 	 146.065946829 	 30.1740054035 	 0 	 1 	 1 	 1 
321.56		18.2585 	 120.913846071 	 162.082257584 	 1 	 0 	 1 	 0 
330.266		22.4109 	 220.109042805 	 -11.724845473 	 1 	 0 	 1 	 -1 
340.597		26.3295 	 181.579984569 	 109.72577034 	 1 	 0 	 1 	 0 
352.406		30 	 278.245171332 	 52.1944645409 	 1 	 0 	 1 	 0 
340.597		33.6705 	 153.499797711 	 160.621000236 	 0 	 1 	 1 	 0 
330.266		37.5891 	 292.21886789 	 131.831352255 	 0 	 1 	 1 	 -1 
321.56		41.7415 	 320.819683735 	 -130.053077308 	 0 	 1 	 1 	 1 
314.619		46.1021 	 304.150463207 	 86.6656143176 	 1 	 0 	 1 	 0 
309.563		50.633 	 180.309939844 	 5.64966856427 	 1 	 0 	 1 	 -1 
306.489		55.285 	 11.7526109286 	 96.5489477685 	 0 	 1 	 1 	 -1 
305.457		60 	 143.103168155 	 16.3495441408 	 1 	 0 	 1 	 0 
306.489		64.715 	 175.031392577 	 179.796819766 	 0 	 1 	 1 	 -1 
309.563		69.367 	 65.4214551112 	 -121.668712105 	 1 	 0 	 1 	 -1 
314.619		73.8979 	 126.528103914 	 175.272692467 	 0 	 1 	 1 	 1 
321.56		78.2585 	 8.05031063809 	 166.270351844 	 0 	 1 	 1 	 0 
330.266		82.4109 	 243.893145455 	 -126.889025081 	 1 	 0 	 1 	 0 
340.597		86.3295 	 23.3666509694 	 -11.7609102881 	 0 	 1 	 1 	 0 
352.406		90 	 244.881838273 	 -39.4088646092 	 0 	 1 	 1 	 1 
340.597		93.6705 	 184.750703867 	 62.4129909455 	 0 	 1 	 1 	 1 
330.266		97.5891 	 152.63870625 	 82.7635759647 	 0 	 1 	 1 	 0 
321.56		101.742 	 36.9974631479 	 -116.771720963 	 1 	 0 	 1 	 1 
314.619		106.102 	 260.542925419 	 144.307447367 	 1 	 0 	 1 	 -1 
309.563		110.633 	 87.4822723565 	 -64.0709908419 	 1 	 0 	 1 	 -1 
306.489		115.285 	 49.5766378524 	 -56.3418169945 	 0 	 1 	 1 	 0 
305.457		120 	 28.8182253694 	 -107.053568888 	 1 	 0 	 1 	 0 
306.489		124.715 	 119.556375197 	 -71.3398074497 	 1 	 0 	 1 	 1 
309.563		129.367 	 208.021836599 	 -170.666211095 	 1 	 0 	 1 	 -1 
314.619		133.898 	 13.3797769716 	 154.838456634 	 0 	 1 	 1 	 1 
321.56		138.258 	 226.543840661 	 -103.365595226 	 1 	 0 	 1 	 -1 
330.266		142.411 	 109.822639907 	 -0.858971539311 	 1 	 0 	 1 	 -1 
340.597		146.329 	 79.2471033636 	 108.37468051 	 0 	 1 	 1 	 1 
352.406		150 	 55.8570953048 	 82.5443724677 	 1 	 0 	 1 	 -1 
340.597		153.671 	 157.304959435 	 -80.2921527392 	 1 	 0 	 1 	 1 
330.266		157.589 	 75.9182131104 	 -166.449250623 	 1 	 0 	 1 	 0 
321.561		161.742 	 252.719237635 	 -3.64775568816 	 0 	 1 	 1 	 0 
314.618		166.102 	 110.919278989 	 101.76655249 	 1 	 0 	 1 	 1 
309.563		170.633 	 74.7079063277 	 148.126806256 	 0 	 1 	 1 	 0 
306.488		175.285 	 111.113847809 	 -160.248927098 	 0 	 1 	 1 	 1 
305.457		180 	 216.350788316 	 -115.069078948 	 0 	 1 	 1 	 0 
306.488		184.715 	 5.55602912798 	 -105.177165091 	 0 	 1 	 1 	 -1 
309.563		189.367 	 16.2407065288 	 -41.5040179004 	 0 	 1 	 1 	 1 
314.618		193.898 	 3.76614129403 	 20.2386258032 	 0 	 1 	 1 	 1 
321.561		198.258 	 33.4357882826 	 -135.531974502 	 1 	 0 	 1 	 0 
330.266		202.411 	 24.5592915418 	 -143.370047546 	 1 	 0 	 1 	 -1 
340.597		206.329 	 266.166931842 	 103.71113074 	 0 	 1 	 1 	 -1 
352.406		210 	 266.973869463 	 -24.9235189471 	 1 	 0 	 1 	 -1 
330.266		217.589 	 189.875620514 	 5.14042324251 	 0 	 1 	 1 	 0 
321.56		221.742 	 156.369278264 	 24.9381097941 	 1 	 0 	 1 	 -1 
314.619		226.102 	 299.017922989 	 -99.3773533149 	 1 	 0 	 1 	 0 
309.563		230.633 	 86.85260579 	 82.3587122245 	 0 	 1 	 1 	 -1 
306.489		235.285 	 86.4814898345 	 14.7132154605 	 0 	 1 	 1 	 -1 
305.456		240 	 247.044699056 	 29.8469071353 	 0 	 1 	 1 	 0 
306.488		244.715 	 111.952165508 	 -12.6057913194 	 0 	 1 	 1 	 -1 
309.563		249.367 	 91.4089272873 	 -69.307385235 	 0 	 1 	 1 	 0 
314.619		253.898 	 2.7167571318 	 171.230960477 	 1 	 0 	 1 	 -1 
321.56		258.258 	 187.358745635 	 76.9807054674 	 0 	 1 	 1 	 0 
330.266		262.411 	 207.639491236 	 20.7389977563 	 0 	 1 	 1 	 0 
340.597		266.33 	 14.7388760495 	 49.9699730925 	 0 	 1 	 1 	 0 
340.597		273.671 	 144.512952287 	 11.6417136071 	 1 	 0 	 1 	 -1 
330.266		277.589 	 71.4081438777 	 34.5845962123 	 1 	 0 	 1 	 -1 
321.56		281.742 	 271.360026209 	 -102.976400609 	 1 	 0 	 1 	 0 
314.619		286.102 	 51.9880862602 	 103.27328729 	 0 	 1 	 1 	 1 
309.563		290.633 	 87.0077338675 	 -134.263870489 	 1 	 0 	 1 	 0 
306.488		295.285 	 225.481759593 	 -28.5994625546 	 0 	 1 	 1 	 1 
305.457		300 	 57.1968907577 	 -171.48676031 	 1 	 0 	 1 	 1 
306.489		304.715 	 52.8914340633 	 146.28670182 	 0 	 1 	 1 	 0 
309.563		309.367 	 114.763465976 	 -2.21233788945 	 1 	 0 	 1 	 0 
314.619		313.898 	 163.350663738 	 16.9992865713 	 0 	 1 	 1 	 0 
321.56		318.258 	 237.974979216 	 16.693130578 	 0 	 1 	 1 	 -1 
330.266		322.411 	 253.984863841 	 146.935394897 	 1 	 0 	 1 	 1 
340.597		326.33 	 162.420628976 	 -124.731674816 	 1 	 0 	 1 	 0 
352.406		330 	 171.5123246 	 9.18852945315 	 0 	 1 	 1 	 0 
365.546		333.418 	 114.466127295 	 124.605288603 	 1 	 0 	 1 	 1 
355.074		337.053 	 105.866205713 	 -78.357875861 	 0 	 1 	 1 	 0 
346.099		340.893 	 219.271698267 	 -173.988748041 	 0 	 1 	 1 	 0 
338.742		344.921 	 234.617083323 	 -9.38228530726 	 0 	 1 	 1 	 -1 
333.116		349.107 	 128.122437696 	 -36.411169667 	 1 	 0 	 1 	 0 
329.31		353.413 	 63.7546456053 	 -98.9666957882 	 1 	 0 	 1 	 -1 
327.39		357.796 	 284.341400271 	 -166.771134069 	 1 	 0 	 1 	 0 
327.39		2.20423 	 11.6570070649 	 153.070425799 	 0 	 1 	 1 	 -1 
329.31		6.58678 	 227.827023292 	 157.604104609 	 0 	 1 	 1 	 0 
333.116		10.8934 	 180.10207371 	 -153.616540632 	 1 	 0 	 1 	 0 
338.742		15.0791 	 180.082519477 	 -54.3181496908 	 1 	 0 	 1 	 0 
346.099		19.1066 	 84.3115486552 	 85.3064535699 	 0 	 1 	 1 	 0 
355.074		22.9473 	 225.709668868 	 -119.62983805 	 1 	 0 	 1 	 1 
365.546		26.582 	 114.819324425 	 -171.564671126 	 1 	 0 	 1 	 0 
377.385		30 	 55.432036187 	 148.173307262 	 0 	 1 	 1 	 0 
365.546		33.418 	 110.465249041 	 -148.524645011 	 0 	 1 	 1 	 0 
355.074		37.0527 	 259.755645751 	 -159.644601523 	 0 	 1 	 1 	 1 
346.099		40.8934 	 206.104720598 	 9.25214408961 	 1 	 0 	 1 	 1 
338.743		44.9209 	 151.000638317 	 -118.845424578 	 0 	 1 	 1 	 1 
333.116		49.1066 	 119.475303473 	 20.2994052125 	 1 	 0 	 1 	 -1 
329.31		53.4132 	 83.8684176228 	 -99.5974019449 	 0 	 1 	 1 	 0 
327.39		57.7958 	 175.806084282 	 76.3802715338 	 1 	 0 	 1 	 -1 
327.39		62.2042 	 206.213909805 	 102.270306753 	 1 	 0 	 1 	 -1 
329.31		66.5868 	 5.72838779206 	 -5.24550019316 	 1 	 0 	 1 	 0 
333.116		70.8934 	 94.8232426059 	 65.4289608538 	 1 	 0 	 1 	 -1 
338.742		75.0791 	 285.762277571 	 -166.981587293 	 1 	 0 	 1 	 -1 
346.099		79.1066 	 225.341213813 	 -12.5551591889 	 1 	 0 	 1 	 1 
355.074		82.9473 	 303.060357524 	 -68.4968145106 	 0 	 1 	 1 	 0 
