25.2587		30 	 30.4573320953 	 173.653288371 	 0 	 1 	 1 	 1 
25.2587		90 	 291.673184971 	 151.179844258 	 1 	 0 	 1 	 1 
25.2587		150 	 246.98170773 	 34.5710416553 	 0 	 1 	 1 	 -1 
25.2587		210 	 209.456394248 	 -88.6141025409 	 0 	 1 	 1 	 -1 
25.2587		270 	 125.560469888 	 176.02964873 	 0 	 1 	 1 	 1 
43.7478		0 	 268.808867759 	 -77.256266459 	 1 	 0 	 1 	 1 
50.5147		30 	 31.8872679297 	 76.369341008 	 0 	 1 	 1 	 1 
43.7478		60 	 198.458458243 	 145.124406651 	 1 	 0 	 1 	 0 
50.5147		90 	 136.617166743 	 -7.59918560107 	 1 	 0 	 1 	 1 
43.7478		120 	 85.8804517807 	 -127.961255522 	 1 	 0 	 1 	 -1 
50.5147		150 	 178.405039448 	 -92.0801017074 	 0 	 1 	 1 	 -1 
43.7478		180 	 236.671255913 	 -85.4736076684 	 0 	 1 	 1 	 0 
50.5147		210 	 208.346305902 	 81.2397731186 	 0 	 1 	 1 	 1 
43.7478		240 	 204.042445009 	 169.192668481 	 0 	 1 	 1 	 0 
43.7478		300 	 307.713358193 	 79.4280982686 	 1 	 0 	 1 	 -1 
50.5148		330 	 131.68129081 	 -60.701659253 	 1 	 0 	 1 	 1 
66.8212		349.107 	 138.659697994 	 2.42049847752 	 1 	 0 	 1 	 -1 
66.8212		10.8934 	 257.31464609 	 50.7475590075 	 1 	 0 	 1 	 -1 
75.7654		30 	 113.93200728 	 48.4046780234 	 1 	 0 	 1 	 -1 
66.8212		49.1066 	 141.048773291 	 -5.47337921266 	 1 	 0 	 1 	 0 
66.8212		70.8934 	 185.311851477 	 -47.1544810903 	 1 	 0 	 1 	 1 
75.7654		90 	 38.5003487383 	 14.9621086154 	 0 	 1 	 1 	 0 
66.8212		109.107 	 126.603019414 	 130.110154543 	 0 	 1 	 1 	 -1 
66.8212		130.893 	 266.807988925 	 -111.891016727 	 0 	 1 	 1 	 1 
75.7654		150 	 253.491743266 	 88.8346556722 	 0 	 1 	 1 	 0 
66.8212		169.107 	 70.9172010763 	 165.027675918 	 0 	 1 	 1 	 -1 
66.8212		190.893 	 37.8827124907 	 101.956259719 	 0 	 1 	 1 	 -1 
66.8212		229.107 	 223.873846601 	 -123.271879384 	 0 	 1 	 1 	 0 
66.8212		250.893 	 147.052593938 	 -66.785523193 	 0 	 1 	 1 	 0 
75.7654		270 	 81.5631301317 	 79.0326892021 	 0 	 1 	 1 	 0 
66.8212		289.107 	 63.0780072039 	 -24.8847922484 	 0 	 1 	 1 	 -1 
66.8212		310.893 	 87.2126518052 	 114.553669313 	 0 	 1 	 1 	 1 
75.7654		330 	 228.22516633 	 124.212115192 	 1 	 0 	 1 	 0 
91.0523		343.898 	 65.960349273 	 -75.3956530881 	 1 	 0 	 1 	 1 
87.4818		0 	 306.373947872 	 133.948323014 	 0 	 1 	 1 	 1 
91.0523		16.1021 	 196.249883744 	 -116.61532496 	 1 	 0 	 1 	 1 
101.008		30 	 191.02994744 	 163.435508797 	 0 	 1 	 1 	 -1 
91.0523		43.8979 	 241.778217701 	 -8.27091159297 	 0 	 1 	 1 	 1 
87.4818		60 	 4.76230256669 	 -162.105810362 	 1 	 0 	 1 	 -1 
91.0523		76.1021 	 293.916916889 	 -78.3779136801 	 0 	 1 	 1 	 0 
91.0523		103.898 	 220.655443608 	 -38.9101746982 	 1 	 0 	 1 	 -1 
87.4818		120 	 316.374695816 	 -23.6825256511 	 1 	 0 	 1 	 0 
91.0523		136.102 	 296.807992397 	 75.6483956251 	 1 	 0 	 1 	 -1 
91.0523		163.898 	 318.598589984 	 118.115035215 	 0 	 1 	 1 	 1 
87.4818		180 	 66.8514613336 	 137.545913695 	 0 	 1 	 1 	 -1 
91.0523		196.102 	 170.314931091 	 -95.9791393452 	 0 	 1 	 1 	 -1 
101.008		210 	 196.862814446 	 12.1553596594 	 1 	 0 	 1 	 0 
91.0523		223.898 	 13.5167083504 	 -130.876961564 	 0 	 1 	 1 	 -1 
87.4818		240 	 283.288807918 	 -156.330193743 	 1 	 0 	 1 	 0 
91.0523		256.102 	 83.61515887 	 -42.6157739951 	 1 	 0 	 1 	 -1 
101.008		270 	 240.314652073 	 -33.7688810186 	 1 	 0 	 1 	 -1 
91.0523		283.898 	 201.867351354 	 123.8831592 	 1 	 0 	 1 	 1 
87.4817		300 	 209.662488566 	 11.9923271903 	 1 	 0 	 1 	 -1 
91.0523		316.102 	 314.190722867 	 -116.608568487 	 0 	 1 	 1 	 1 
101.008		330 	 170.431244386 	 -175.004214677 	 0 	 1 	 1 	 0 
115.709		340.893 	 189.374979019 	 -38.2969571399 	 0 	 1 	 1 	 0 
110.065		353.413 	 217.952682556 	 -144.28640284 	 1 	 0 	 1 	 1 
110.065		6.58677 	 270.628383623 	 55.4165449608 	 1 	 0 	 1 	 0 
115.709		19.1066 	 182.241727489 	 -44.6434926331 	 1 	 0 	 1 	 1 
126.24		30 	 106.411258053 	 160.100195106 	 0 	 1 	 1 	 -1 
115.709		40.8934 	 235.715154956 	 174.334138634 	 0 	 1 	 1 	 1 
110.065		53.4132 	 223.036781337 	 40.4111959349 	 0 	 1 	 1 	 1 
110.065		66.5868 	 278.365177226 	 -137.973053915 	 1 	 0 	 1 	 0 
115.709		79.1066 	 119.045824494 	 88.579091472 	 1 	 0 	 1 	 1 
126.24		90 	 3.48643995131 	 -65.474650404 	 0 	 1 	 1 	 0 
115.709		100.893 	 132.437371642 	 11.7275543031 	 1 	 0 	 1 	 1 
110.065		113.413 	 82.6514924793 	 -21.7649426508 	 1 	 0 	 1 	 1 
110.065		126.587 	 128.561666888 	 -135.835334633 	 1 	 0 	 1 	 1 
115.709		139.107 	 72.7212292976 	 -23.1395369901 	 0 	 1 	 1 	 -1 
126.24		150 	 315.804373693 	 -178.305234569 	 1 	 0 	 1 	 1 
115.709		160.893 	 202.68575727 	 7.63690614283 	 0 	 1 	 1 	 0 
110.066		173.413 	 95.9056231683 	 70.9768352075 	 1 	 0 	 1 	 1 
110.066		186.587 	 239.187655531 	 -56.4617558471 	 0 	 1 	 1 	 -1 
115.709		199.107 	 308.897759875 	 5.26051616294 	 0 	 1 	 1 	 -1 
126.24		210 	 194.754331439 	 -176.971440772 	 0 	 1 	 1 	 1 
115.709		220.893 	 273.805636883 	 -153.009834839 	 1 	 0 	 1 	 0 
110.065		233.413 	 181.284858851 	 -24.197908476 	 1 	 0 	 1 	 -1 
110.065		246.587 	 55.274845884 	 80.5644451892 	 1 	 0 	 1 	 0 
115.709		259.107 	 9.82498490847 	 -10.5180685762 	 0 	 1 	 1 	 0 
126.24		270 	 150.586684911 	 -73.7618712706 	 1 	 0 	 1 	 0 
115.709		280.893 	 262.761406626 	 -150.982578209 	 0 	 1 	 1 	 1 
110.065		293.413 	 306.852181898 	 -176.644939751 	 0 	 1 	 1 	 0 
110.065		306.587 	 221.630119349 	 -50.0481980447 	 1 	 0 	 1 	 0 
115.709		319.107 	 85.6170273989 	 48.2087203002 	 0 	 1 	 1 	 -1 
126.24		330 	 268.559385912 	 2.35295013514 	 1 	 0 	 1 	 -1 
140.56		338.948 	 216.981490066 	 9.89384219676 	 0 	 1 	 1 	 1 
133.593		349.107 	 161.23026004 	 -96.4320388869 	 0 	 1 	 1 	 1 
131.188		0 	 139.150016951 	 120.935849797 	 0 	 1 	 1 	 1 
133.593		10.8934 	 199.368423924 	 -86.3300123365 	 0 	 1 	 1 	 -1 
140.56		21.0517 	 81.6190643976 	 -96.8660304962 	 0 	 1 	 1 	 0 
151.459		30 	 220.864182948 	 -39.9084579575 	 0 	 1 	 1 	 -1 
140.56		38.9483 	 167.761909858 	 176.736407336 	 1 	 0 	 1 	 1 
133.593		49.1066 	 221.976941078 	 167.733455937 	 1 	 0 	 1 	 -1 
131.188		60 	 33.5122082044 	 -83.8431263769 	 1 	 0 	 1 	 0 
133.593		70.8934 	 236.997464144 	 46.7531027946 	 0 	 1 	 1 	 1 
140.56		81.0517 	 17.3477342932 	 -154.865761233 	 0 	 1 	 1 	 0 
151.459		90 	 115.622005628 	 91.6327971681 	 1 	 0 	 1 	 1 
140.56		98.9483 	 316.978775655 	 -97.3116070129 	 1 	 0 	 1 	 -1 
133.593		109.107 	 58.2352269737 	 25.1478278973 	 0 	 1 	 1 	 1 
131.188		120 	 115.075580802 	 -82.942838424 	 0 	 1 	 1 	 -1 
133.593		130.893 	 145.398601426 	 55.6924119825 	 1 	 0 	 1 	 0 
140.56		141.052 	 41.489089389 	 -24.7975285615 	 0 	 1 	 1 	 -1 
151.459		150 	 168.643308702 	 -145.984847375 	 1 	 0 	 1 	 -1 
140.56		158.948 	 195.641540125 	 -164.854835988 	 1 	 0 	 1 	 1 
133.593		169.107 	 146.594655712 	 117.337112193 	 0 	 1 	 1 	 1 
131.188		180 	 102.347910104 	 -16.2185069092 	 0 	 1 	 1 	 1 
133.593		190.893 	 134.389668676 	 23.9975490749 	 0 	 1 	 1 	 0 
140.56		201.052 	 114.985759141 	 75.746152651 	 0 	 1 	 1 	 1 
151.459		210 	 225.363646959 	 -50.529690587 	 1 	 0 	 1 	 -1 
140.56		218.948 	 139.266463452 	 -54.8316781162 	 0 	 1 	 1 	 0 
133.593		229.107 	 232.775172973 	 143.226328634 	 0 	 1 	 1 	 0 
131.188		240 	 153.13520153 	 -87.3854669965 	 0 	 1 	 1 	 -1 
133.592		250.893 	 293.46504863 	 -6.36333303716 	 1 	 0 	 1 	 1 
140.56		261.052 	 74.0905547597 	 -170.590017312 	 0 	 1 	 1 	 -1 
151.459		270 	 86.5549611564 	 -13.0824371814 	 1 	 0 	 1 	 1 
140.56		278.948 	 296.396481843 	 -177.782389573 	 1 	 0 	 1 	 -1 
133.592		289.107 	 179.723477412 	 -131.712108654 	 1 	 0 	 1 	 -1 
131.188		300 	 275.070258433 	 -50.6670811159 	 0 	 1 	 1 	 1 
133.593		310.893 	 33.667842524 	 -176.192941774 	 1 	 0 	 1 	 0 
140.56		321.052 	 116.092881832 	 -25.8057599323 	 0 	 1 	 1 	 -1 
151.459		330 	 282.41383102 	 12.2859607423 	 1 	 0 	 1 	 -1 
165.51		337.589 	 88.7876717123 	 -159.858054017 	 1 	 0 	 1 	 0 
157.635		346.102 	 72.7903105118 	 -18.7636591899 	 1 	 0 	 1 	 1 
153.545		355.285 	 17.0378598631 	 81.9176055751 	 1 	 0 	 1 	 -1 
153.545		4.715 	 44.5655975858 	 20.9112478299 	 1 	 0 	 1 	 1 
157.635		13.8979 	 136.178689505 	 55.5476647183 	 0 	 1 	 1 	 -1 
165.51		22.4109 	 218.192033377 	 16.9486834127 	 0 	 1 	 1 	 1 
176.661		30 	 296.235436134 	 -30.2840701871 	 0 	 1 	 1 	 0 
165.51		37.5891 	 121.018494714 	 -104.769799412 	 1 	 0 	 1 	 1 
157.635		46.1021 	 314.236221927 	 -134.334610714 	 1 	 0 	 1 	 0 
153.545		55.285 	 307.657744009 	 -157.680306743 	 0 	 1 	 1 	 -1 
153.545		64.715 	 195.662780369 	 -140.912079901 	 1 	 0 	 1 	 -1 
157.635		73.8979 	 93.9305859817 	 179.528204916 	 0 	 1 	 1 	 1 
165.51		82.4109 	 250.356145996 	 147.226410743 	 0 	 1 	 1 	 1 
176.661		90 	 202.319012703 	 104.660268984 	 0 	 1 	 1 	 0 
165.51		97.5891 	 215.808901326 	 58.4605953316 	 1 	 0 	 1 	 -1 
157.635		106.102 	 302.078547684 	 40.1687689254 	 0 	 1 	 1 	 -1 
153.545		115.285 	 5.6169484432 	 -19.9904023105 	 1 	 0 	 1 	 0 
153.545		124.715 	 251.301908897 	 -37.2771404799 	 1 	 0 	 1 	 0 
157.635		133.898 	 305.333292152 	 -133.352741695 	 0 	 1 	 1 	 -1 
165.51		142.411 	 319.825206081 	 137.498482475 	 1 	 0 	 1 	 0 
176.661		150 	 159.697070153 	 97.0406902217 	 0 	 1 	 1 	 -1 
165.509		157.589 	 3.3387075169 	 -77.0673363464 	 1 	 0 	 1 	 -1 
157.635		166.102 	 88.6381354483 	 -3.31919525393 	 1 	 0 	 1 	 0 
153.546		175.285 	 259.134909323 	 -28.3673847754 	 0 	 1 	 1 	 -1 
153.546		184.715 	 61.4272850048 	 130.275212258 	 0 	 1 	 1 	 1 
157.635		193.898 	 130.872039047 	 146.587824741 	 1 	 0 	 1 	 -1 
165.509		202.411 	 76.745175708 	 150.927906649 	 0 	 1 	 1 	 0 
165.51		217.589 	 258.718455955 	 156.464666581 	 0 	 1 	 1 	 0 
157.635		226.102 	 48.9734736012 	 118.668378063 	 1 	 0 	 1 	 0 
153.545		235.285 	 95.9442544834 	 147.498250786 	 1 	 0 	 1 	 -1 
153.545		244.715 	 50.5057900117 	 179.732241051 	 1 	 0 	 1 	 1 
157.635		253.898 	 172.07066698 	 106.442558733 	 1 	 0 	 1 	 0 
165.51		262.411 	 257.950298925 	 160.854598221 	 1 	 0 	 1 	 -1 
176.661		270 	 31.1211932767 	 151.778724458 	 0 	 1 	 1 	 0 
165.51		277.589 	 135.370257339 	 96.0966545272 	 0 	 1 	 1 	 1 
157.635		286.102 	 216.499115686 	 -154.649375317 	 0 	 1 	 1 	 -1 
153.545		295.285 	 193.897047063 	 -126.511337446 	 1 	 0 	 1 	 1 
153.545		304.715 	 124.144930396 	 -84.7659238417 	 0 	 1 	 1 	 -1 
157.635		313.898 	 168.992919952 	 -88.6894977215 	 1 	 0 	 1 	 0 
165.51		322.411 	 116.605912101 	 -158.348204548 	 0 	 1 	 1 	 0 
176.661		330 	 32.9313200356 	 -170.184134713 	 0 	 1 	 1 	 0 
190.511		336.587 	 27.8246601244 	 30.8918117767 	 0 	 1 	 1 	 1 
181.979		343.898 	 125.298880706 	 -153.462818537 	 1 	 0 	 1 	 -1 
176.661		351.787 	 297.819900302 	 151.387812946 	 1 	 0 	 1 	 -1 
174.852		0 	 294.635458628 	 -20.4723845298 	 0 	 1 	 1 	 0 
176.661		8.21321 	 116.450130058 	 41.1463234171 	 1 	 0 	 1 	 0 
181.979		16.1021 	 164.761205269 	 64.6386823743 	 1 	 0 	 1 	 1 
190.511		23.4132 	 155.935413363 	 -14.6052891145 	 1 	 0 	 1 	 0 
201.845		30 	 240.381481477 	 -123.842656851 	 0 	 1 	 1 	 1 
181.979		43.8979 	 118.170610632 	 -165.270820277 	 0 	 1 	 1 	 0 
176.661		51.7868 	 132.389644907 	 157.332906667 	 0 	 1 	 1 	 1 
174.852		60 	 199.337054548 	 102.752896727 	 1 	 0 	 1 	 1 
176.661		68.2132 	 228.822736603 	 -139.997761639 	 0 	 1 	 1 	 -1 
181.979		76.1021 	 250.100336647 	 160.142239823 	 1 	 0 	 1 	 0 
190.511		83.4132 	 61.1876003328 	 -76.8687736407 	 1 	 0 	 1 	 -1 
201.845		90 	 115.644658692 	 -26.4193717116 	 0 	 1 	 1 	 0 
190.511		96.5868 	 264.873683081 	 161.430554332 	 0 	 1 	 1 	 1 
181.979		103.898 	 301.668576626 	 0.387016509424 	 1 	 0 	 1 	 -1 
176.661		111.787 	 270.670357865 	 88.999862825 	 1 	 0 	 1 	 1 
174.852		120 	 47.3871317957 	 -106.334939891 	 0 	 1 	 1 	 0 
176.661		128.213 	 269.13190864 	 21.8017388968 	 0 	 1 	 1 	 1 
181.979		136.102 	 7.90916751613 	 -50.4862382731 	 1 	 0 	 1 	 0 
190.51		143.413 	 116.363179653 	 25.2809744849 	 0 	 1 	 1 	 -1 
201.845		150 	 270.958889172 	 -9.66849103397 	 1 	 0 	 1 	 1 
190.511		156.587 	 290.425141038 	 -137.380156419 	 0 	 1 	 1 	 0 
181.979		163.898 	 35.0031101415 	 -73.4454042193 	 1 	 0 	 1 	 -1 
176.661		171.787 	 68.8548339067 	 9.4424270522 	 1 	 0 	 1 	 1 
174.852		180 	 214.379480815 	 109.906378964 	 0 	 1 	 1 	 1 
176.661		188.213 	 34.2266077378 	 135.261931796 	 0 	 1 	 1 	 1 
181.979		196.102 	 264.630055827 	 149.550776731 	 1 	 0 	 1 	 -1 
190.511		203.413 	 116.267394443 	 144.171321428 	 1 	 0 	 1 	 1 
201.845		210 	 256.025121604 	 -2.2833687297 	 1 	 0 	 1 	 -1 
190.51		216.587 	 132.474149887 	 1.58163983453 	 0 	 1 	 1 	 0 
181.979		223.898 	 166.698947916 	 53.6120483608 	 0 	 1 	 1 	 0 
176.661		231.787 	 296.41699966 	 -106.328866914 	 0 	 1 	 1 	 0 
174.853		240 	 176.7025986 	 -24.6807302869 	 1 	 0 	 1 	 1 
176.662		248.213 	 90.527067423 	 178.070787868 	 1 	 0 	 1 	 1 
181.979		256.102 	 194.845726492 	 -90.0233111931 	 1 	 0 	 1 	 1 
190.511		263.413 	 98.2784712376 	 165.427082228 	 1 	 0 	 1 	 1 
190.511		276.587 	 27.5149366844 	 144.265315663 	 1 	 0 	 1 	 0 
181.979		283.898 	 318.263814514 	 -43.3143900861 	 1 	 0 	 1 	 -1 
176.662		291.787 	 16.9508282322 	 -143.2384806 	 1 	 0 	 1 	 -1 
174.853		300 	 150.122936733 	 -4.69721696018 	 1 	 0 	 1 	 1 
176.661		308.213 	 52.7128839607 	 -158.949526144 	 0 	 1 	 1 	 1 
181.979		316.102 	 306.594014594 	 90.206972647 	 0 	 1 	 1 	 1 
190.511		323.413 	 168.498545494 	 55.7331050481 	 0 	 1 	 1 	 -1 
201.845		330 	 243.753170159 	 -120.362882276 	 1 	 0 	 1 	 1 
215.536		335.818 	 108.942815287 	 -148.628552608 	 0 	 1 	 1 	 1 
206.511		342.216 	 7.44023959 	 -106.792721903 	 0 	 1 	 1 	 1 
200.265		349.107 	 182.699516499 	 32.1764405071 	 1 	 0 	 1 	 -1 
197.068		356.329 	 308.453550356 	 41.3560832028 	 1 	 0 	 1 	 -1 
197.068		3.6705 	 187.770898386 	 56.5950682504 	 0 	 1 	 1 	 1 
200.265		10.8934 	 279.395872537 	 75.0765213588 	 0 	 1 	 1 	 1 
206.511		17.7836 	 14.2783347869 	 43.8880194513 	 1 	 0 	 1 	 -1 
215.536		24.1825 	 62.1827808015 	 81.4899940766 	 0 	 1 	 1 	 0 
227.007		30 	 78.0487080549 	 78.8140312527 	 0 	 1 	 1 	 -1 
215.536		35.8175 	 47.4939910961 	 78.8812572705 	 0 	 1 	 1 	 -1 
206.511		42.2164 	 123.842425575 	 -69.2014199141 	 0 	 1 	 1 	 0 
200.265		49.1066 	 42.8226003532 	 -121.146629562 	 0 	 1 	 1 	 1 
197.068		56.3295 	 41.2480140388 	 171.242577723 	 1 	 0 	 1 	 -1 
197.068		63.6705 	 33.6896699341 	 133.888772448 	 1 	 0 	 1 	 1 
200.265		70.8934 	 53.9003135262 	 8.12401720393 	 0 	 1 	 1 	 0 
206.511		77.7836 	 274.039631542 	 176.420185661 	 0 	 1 	 1 	 1 
215.536		84.1825 	 68.837321292 	 -152.956711129 	 0 	 1 	 1 	 -1 
227.007		90 	 290.56238865 	 -87.3671053994 	 1 	 0 	 1 	 1 
215.536		95.8175 	 23.2620484154 	 -100.538435477 	 0 	 1 	 1 	 0 
206.511		102.216 	 287.899583851 	 -125.628172205 	 0 	 1 	 1 	 1 
200.265		109.107 	 38.2373350264 	 -126.130913533 	 0 	 1 	 1 	 1 
197.068		116.33 	 265.151212763 	 129.063519357 	 0 	 1 	 1 	 1 
197.068		123.671 	 151.232357523 	 -88.4680466007 	 0 	 1 	 1 	 -1 
200.265		130.893 	 321.52876754 	 -48.87061891 	 0 	 1 	 1 	 -1 
206.51		137.784 	 317.786911496 	 7.26439803502 	 0 	 1 	 1 	 -1 
215.536		144.182 	 275.556514102 	 -93.6235809619 	 1 	 0 	 1 	 1 
227.007		150 	 289.562407443 	 -36.9766048922 	 1 	 0 	 1 	 0 
215.536		155.818 	 98.4444022046 	 -3.63738668293 	 1 	 0 	 1 	 1 
206.511		162.216 	 299.909784661 	 110.10267365 	 1 	 0 	 1 	 0 
200.266		169.107 	 106.151515377 	 80.5154762094 	 0 	 1 	 1 	 1 
197.068		176.33 	 189.032600362 	 -37.9826376172 	 1 	 0 	 1 	 0 
197.068		183.671 	 237.228618303 	 15.578265899 	 0 	 1 	 1 	 1 
200.266		190.893 	 198.776300517 	 -42.7747820665 	 1 	 0 	 1 	 -1 
206.511		197.784 	 174.115217402 	 -140.585619411 	 1 	 0 	 1 	 -1 
215.536		204.182 	 186.235029931 	 124.172547932 	 0 	 1 	 1 	 -1 
227.007		210 	 262.663683088 	 -41.6489056016 	 1 	 0 	 1 	 1 
215.536		215.818 	 222.381218977 	 46.8776993257 	 0 	 1 	 1 	 0 
206.51		222.216 	 143.355860573 	 -7.14622841088 	 0 	 1 	 1 	 -1 
200.265		229.107 	 266.188238139 	 52.5397937018 	 0 	 1 	 1 	 -1 
197.068		236.329 	 162.064590317 	 80.4035938156 	 1 	 0 	 1 	 1 
197.068		243.671 	 206.867009325 	 106.612404334 	 1 	 0 	 1 	 -1 
200.265		250.893 	 246.762384535 	 -60.3386290258 	 0 	 1 	 1 	 0 
206.51		257.784 	 50.9177574343 	 159.994971434 	 1 	 0 	 1 	 0 
215.536		264.182 	 78.0696702922 	 2.16165340469 	 0 	 1 	 1 	 0 
227.007		270 	 223.587206728 	 -87.2446510559 	 0 	 1 	 1 	 0 
215.536		275.818 	 280.866457746 	 166.332066295 	 1 	 0 	 1 	 1 
206.51		282.216 	 134.117464967 	 64.272304151 	 0 	 1 	 1 	 -1 
200.265		289.107 	 30.0153826669 	 10.3497768783 	 1 	 0 	 1 	 -1 
197.068		296.329 	 259.265667243 	 30.2458209679 	 0 	 1 	 1 	 0 
197.068		303.67 	 285.334139075 	 75.9917154719 	 1 	 0 	 1 	 -1 
200.265		310.893 	 233.545065785 	 -87.2392338827 	 1 	 0 	 1 	 0 
206.511		317.784 	 232.880197858 	 1.57264729706 	 1 	 0 	 1 	 -1 
227.008		330 	 279.430567411 	 -145.986617161 	 0 	 1 	 1 	 0 
240.57		335.209 	 192.214994678 	 -178.489589302 	 1 	 0 	 1 	 0 
231.161		340.893 	 127.579890727 	 111.803850116 	 0 	 1 	 1 	 0 
224.195		346.996 	 167.769842777 	 59.0476843884 	 1 	 0 	 1 	 1 
219.909		353.413 	 231.147281932 	 62.5217125495 	 1 	 0 	 1 	 0 
218.461		0 	 73.5085399399 	 27.4908478997 	 0 	 1 	 1 	 1 
219.909		6.58678 	 206.361716838 	 163.837916032 	 1 	 0 	 1 	 1 
224.195		13.0039 	 284.736328705 	 -0.0445454925303 	 1 	 0 	 1 	 0 
231.161		19.1066 	 212.015400116 	 150.038379029 	 1 	 0 	 1 	 1 
240.57		24.7913 	 237.203643208 	 103.580761161 	 1 	 0 	 1 	 -1 
252.146		30 	 178.295192391 	 151.734436576 	 1 	 0 	 1 	 0 
240.57		35.2087 	 86.7171202129 	 -64.0321049952 	 0 	 1 	 1 	 -1 
231.161		40.8934 	 90.0098712457 	 -159.001031326 	 1 	 0 	 1 	 0 
224.195		46.9961 	 146.48947198 	 -68.1391672157 	 0 	 1 	 1 	 1 
219.909		53.4132 	 55.4499872023 	 149.756659225 	 1 	 0 	 1 	 1 
218.461		60 	 70.8360791573 	 -37.576829808 	 0 	 1 	 1 	 0 
219.909		66.5868 	 185.033433692 	 139.999105559 	 0 	 1 	 1 	 0 
224.195		73.0039 	 266.570979924 	 -143.257439327 	 0 	 1 	 1 	 1 
231.161		79.1066 	 264.901862739 	 -129.874041292 	 1 	 0 	 1 	 0 
240.57		84.7913 	 300.36096985 	 36.7413085265 	 1 	 0 	 1 	 0 
240.57		95.2087 	 309.18297794 	 174.74432158 	 1 	 0 	 1 	 1 
231.161		100.893 	 216.477349245 	 127.849693246 	 0 	 1 	 1 	 1 
224.195		106.996 	 246.837987065 	 -77.8354576261 	 0 	 1 	 1 	 1 
219.909		113.413 	 167.28631661 	 -16.6796956874 	 0 	 1 	 1 	 0 
218.461		120 	 300.888074947 	 -123.526208867 	 0 	 1 	 1 	 1 
219.909		126.587 	 214.839626852 	 -66.4939186457 	 0 	 1 	 1 	 -1 
224.195		133.004 	 300.969845707 	 147.599405027 	 0 	 1 	 1 	 0 
231.161		139.107 	 156.331931645 	 20.7502615596 	 1 	 0 	 1 	 -1 
252.146		150 	 43.7944787527 	 -85.536262335 	 1 	 0 	 1 	 0 
240.57		155.209 	 317.015594427 	 -76.7595596676 	 1 	 0 	 1 	 0 
231.16		160.893 	 223.460106271 	 -129.409320581 	 1 	 0 	 1 	 0 
224.196		166.996 	 176.568768557 	 -139.072732747 	 1 	 0 	 1 	 1 
219.909		173.413 	 113.485442173 	 96.7486544129 	 1 	 0 	 1 	 0 
218.461		180 	 271.322076462 	 62.58021794 	 0 	 1 	 1 	 0 
219.909		186.587 	 321.192806868 	 89.270359861 	 0 	 1 	 1 	 1 
224.196		193.004 	 82.1109875267 	 60.5391766566 	 1 	 0 	 1 	 0 
231.16		199.107 	 59.1320630505 	 -168.015834854 	 1 	 0 	 1 	 1 
240.57		204.791 	 241.39162845 	 -139.405124193 	 0 	 1 	 1 	 0 
252.146		210 	 125.788457493 	 -36.1771930031 	 0 	 1 	 1 	 1 
240.57		215.209 	 58.5141422217 	 145.774734633 	 0 	 1 	 1 	 1 
231.161		220.893 	 258.966166057 	 -15.3578623894 	 1 	 0 	 1 	 -1 
224.196		226.996 	 135.644425664 	 94.5007477273 	 1 	 0 	 1 	 1 
219.909		233.413 	 157.248563018 	 -7.99800106774 	 1 	 0 	 1 	 0 
218.461		240 	 76.4611814806 	 158.484582439 	 0 	 1 	 1 	 1 
219.909		246.587 	 181.395595321 	 -53.5084107751 	 1 	 0 	 1 	 0 
224.195		253.004 	 116.377869596 	 51.8765714381 	 1 	 0 	 1 	 -1 
231.16		259.107 	 11.8067435692 	 122.259237446 	 1 	 0 	 1 	 0 
240.57		264.791 	 86.9392597678 	 133.936121677 	 0 	 1 	 1 	 0 
252.146		270 	 242.315154025 	 63.9845725475 	 0 	 1 	 1 	 -1 
240.57		275.209 	 61.8488196372 	 176.503305187 	 0 	 1 	 1 	 0 
231.16		280.893 	 227.803064437 	 84.1153060498 	 1 	 0 	 1 	 0 
224.195		286.996 	 278.33550976 	 -50.810096433 	 1 	 0 	 1 	 0 
219.909		293.413 	 195.680498246 	 147.144950065 	 1 	 0 	 1 	 1 
218.461		300 	 49.5932629268 	 -109.18352381 	 1 	 0 	 1 	 -1 
219.909		306.587 	 77.5037621685 	 -43.4625376423 	 0 	 1 	 1 	 0 
224.196		313.004 	 248.870282182 	 89.3488966348 	 0 	 1 	 1 	 0 
231.161		319.107 	 36.0496972538 	 -14.4240352966 	 0 	 1 	 1 	 1 
240.57		324.791 	 183.954135121 	 -55.982004191 	 1 	 0 	 1 	 -1 
252.146		330 	 167.157071631 	 62.4488881993 	 0 	 1 	 1 	 -1 
265.601		334.715 	 59.4203036071 	 -65.3062149842 	 1 	 0 	 1 	 -1 
255.886		339.826 	 74.6960914329 	 -162.027577815 	 0 	 1 	 1 	 1 
248.348		345.295 	 320.528915075 	 156.084595791 	 1 	 0 	 1 	 -1 
243.191		351.052 	 289.16102239 	 5.22663647237 	 1 	 0 	 1 	 0 
240.57		356.996 	 126.547921167 	 78.1714973443 	 0 	 1 	 1 	 0 
240.57		3.00449 	 72.6805065271 	 -143.830285485 	 0 	 1 	 1 	 0 
243.191		8.94827 	 250.104068573 	 173.302764779 	 0 	 1 	 1 	 -1 
248.348		14.7047 	 194.607533359 	 84.314242959 	 1 	 0 	 1 	 0 
255.886		20.1736 	 27.1603621088 	 169.597281863 	 1 	 0 	 1 	 0 
265.601		25.285 	 243.372743226 	 78.2443143367 	 1 	 0 	 1 	 1 
277.258		30 	 189.044524049 	 165.123968444 	 1 	 0 	 1 	 1 
265.601		34.715 	 91.9842127755 	 141.722757081 	 0 	 1 	 1 	 -1 
255.887		39.8264 	 196.931140921 	 -135.476798684 	 0 	 1 	 1 	 0 
248.348		45.2953 	 153.26620175 	 -144.86610323 	 0 	 1 	 1 	 1 
243.191		51.0517 	 122.030956882 	 29.0684570868 	 0 	 1 	 1 	 0 
240.57		56.9955 	 145.692403339 	 -168.875361312 	 1 	 0 	 1 	 1 
240.57		63.0045 	 322.618677543 	 -154.031042156 	 0 	 1 	 1 	 -1 
243.191		68.9483 	 82.7892327543 	 -93.1008204985 	 0 	 1 	 1 	 1 
248.348		74.7047 	 90.3151423399 	 102.43513016 	 0 	 1 	 1 	 1 
255.887		80.1736 	 42.3146372264 	 53.2405074778 	 0 	 1 	 1 	 0 
265.601		85.285 	 13.4768925917 	 -151.270544061 	 1 	 0 	 1 	 -1 
277.257		90 	 25.8811693028 	 -39.2215885324 	 0 	 1 	 1 	 -1 
265.601		94.715 	 251.675198928 	 -41.580378148 	 1 	 0 	 1 	 -1 
255.887		99.8264 	 101.252045058 	 74.1605045823 	 0 	 1 	 1 	 0 
248.348		105.295 	 262.770867 	 -98.5705174606 	 1 	 0 	 1 	 -1 
243.191		111.052 	 164.939725723 	 137.208623537 	 1 	 0 	 1 	 1 
240.57		116.996 	 43.9318457034 	 37.120537623 	 1 	 0 	 1 	 1 
240.57		123.005 	 202.558495109 	 47.0519022886 	 0 	 1 	 1 	 -1 
243.191		128.948 	 133.282889085 	 -13.5816845835 	 0 	 1 	 1 	 1 
248.348		134.705 	 153.691439821 	 94.1648951037 	 0 	 1 	 1 	 0 
255.887		140.174 	 218.206464171 	 64.9824696778 	 1 	 0 	 1 	 -1 
265.6		145.285 	 104.201867632 	 38.3708393618 	 0 	 1 	 1 	 1 
277.257		150 	 247.646808856 	 -10.831392099 	 0 	 1 	 1 	 -1 
265.601		154.715 	 170.938588557 	 32.9510594449 	 1 	 0 	 1 	 0 
255.886		159.826 	 243.275546984 	 86.7986883219 	 0 	 1 	 1 	 0 
248.348		165.295 	 260.091272643 	 -77.2560797827 	 0 	 1 	 1 	 -1 
243.191		171.052 	 40.0276962032 	 9.73553258952 	 1 	 0 	 1 	 1 
240.57		176.996 	 15.4956364783 	 -11.148889202 	 0 	 1 	 1 	 -1 
240.57		183.005 	 28.7995515511 	 38.4224090153 	 0 	 1 	 1 	 -1 
243.191		188.948 	 281.538184662 	 -14.7289155144 	 0 	 1 	 1 	 1 
248.348		194.705 	 7.55915473195 	 55.1658333962 	 0 	 1 	 1 	 1 
255.886		200.174 	 37.3702957841 	 87.4949370036 	 1 	 0 	 1 	 -1 
265.601		205.285 	 104.604904369 	 -4.3240264264 	 0 	 1 	 1 	 1 
277.258		210 	 61.1402236512 	 84.766581603 	 1 	 0 	 1 	 -1 
265.6		214.715 	 252.943964297 	 71.7329727946 	 1 	 0 	 1 	 0 
255.887		219.826 	 302.01934194 	 -128.812322331 	 1 	 0 	 1 	 0 
248.348		225.295 	 224.334878559 	 -172.334743554 	 1 	 0 	 1 	 1 
243.191		231.052 	 214.758048604 	 -151.513932048 	 0 	 1 	 1 	 0 
240.57		236.995 	 82.3990748013 	 -112.7824309 	 0 	 1 	 1 	 0 
240.57		243.004 	 94.2762157966 	 60.2835878479 	 0 	 1 	 1 	 1 
243.19		248.948 	 64.6136092718 	 -113.187838135 	 0 	 1 	 1 	 0 
248.348		254.705 	 241.393984882 	 -9.9096008124 	 0 	 1 	 1 	 1 
255.886		260.174 	 313.808685322 	 130.769222618 	 1 	 0 	 1 	 -1 
265.601		265.285 	 265.678633284 	 -133.349830796 	 1 	 0 	 1 	 0 
277.258		270 	 73.3717534183 	 -17.7659021562 	 1 	 0 	 1 	 -1 
265.601		274.715 	 268.050971355 	 33.0354631095 	 0 	 1 	 1 	 1 
255.886		279.826 	 105.205892787 	 60.1892117027 	 0 	 1 	 1 	 0 
248.348		285.295 	 297.171745935 	 -107.942796555 	 0 	 1 	 1 	 0 
243.19		291.052 	 314.776442985 	 -74.5555383549 	 1 	 0 	 1 	 -1 
240.57		296.996 	 239.285375229 	 174.600519842 	 1 	 0 	 1 	 -1 
240.57		303.004 	 158.98925603 	 -170.851332048 	 0 	 1 	 1 	 1 
243.191		308.948 	 55.6324130608 	 -158.957251601 	 0 	 1 	 1 	 1 
248.348		314.705 	 116.430221301 	 26.7071849147 	 0 	 1 	 1 	 0 
255.886		320.174 	 214.289060252 	 -25.652565686 	 0 	 1 	 1 	 -1 
265.6		325.285 	 23.6710275764 	 -21.3102367025 	 1 	 0 	 1 	 1 
277.258		330 	 91.8058020693 	 129.164821175 	 0 	 1 	 1 	 -1 
290.619		334.307 	 83.4413181257 	 172.500671292 	 0 	 1 	 1 	 -1 
280.659		338.948 	 3.01982732407 	 -118.042029058 	 1 	 0 	 1 	 0 
272.656		343.898 	 43.1895072488 	 157.198904167 	 1 	 0 	 1 	 -1 
266.79		349.107 	 133.743942051 	 -106.929306587 	 0 	 1 	 1 	 1 
263.206		354.504 	 130.691873053 	 171.888549642 	 0 	 1 	 1 	 -1 
262.001		0 	 250.129747284 	 -28.3973759938 	 1 	 0 	 1 	 0 
263.206		5.49637 	 82.759682293 	 7.56192841966 	 0 	 1 	 1 	 0 
266.79		10.8934 	 276.723796625 	 -30.9110897285 	 1 	 0 	 1 	 0 
272.656		16.1021 	 24.88291629 	 147.911305985 	 0 	 1 	 1 	 0 
280.659		21.0517 	 67.7245684628 	 -35.057614499 	 0 	 1 	 1 	 -1 
290.619		25.6934 	 137.17391558 	 -63.0249248427 	 1 	 0 	 1 	 0 
302.34		30 	 295.215141834 	 -37.5218941428 	 1 	 0 	 1 	 1 
290.619		34.3066 	 40.6848225969 	 129.262678786 	 0 	 1 	 1 	 -1 
280.659		38.9483 	 212.474428152 	 167.211528549 	 0 	 1 	 1 	 1 
272.656		43.8979 	 54.2832782805 	 135.508711913 	 1 	 0 	 1 	 -1 
266.789		49.1066 	 163.737724833 	 144.312064576 	 0 	 1 	 1 	 1 
263.206		54.5036 	 54.1064261568 	 50.8327499121 	 1 	 0 	 1 	 -1 
262.001		60 	 202.271390727 	 174.702702696 	 0 	 1 	 1 	 -1 
263.206		65.4964 	 220.274171382 	 63.2361121228 	 1 	 0 	 1 	 -1 
266.79		70.8934 	 265.067820611 	 140.286152891 	 0 	 1 	 1 	 0 
272.656		76.1021 	 304.396944412 	 117.673687169 	 0 	 1 	 1 	 1 
280.659		81.0517 	 30.6410375146 	 29.0343465862 	 1 	 0 	 1 	 0 
290.619		85.6934 	 79.6457986361 	 -72.0866684701 	 0 	 1 	 1 	 -1 
302.34		90 	 199.171482593 	 -65.1885509492 	 0 	 1 	 1 	 -1 
290.619		94.3066 	 27.8018672372 	 -4.45889849517 	 1 	 0 	 1 	 1 
280.659		98.9483 	 136.557996223 	 -125.722549013 	 1 	 0 	 1 	 1 
272.655		103.898 	 27.6721106448 	 42.8816873919 	 0 	 1 	 1 	 1 
266.79		109.107 	 178.271716617 	 10.172492559 	 0 	 1 	 1 	 0 
263.206		114.504 	 204.364916179 	 -69.6731990252 	 1 	 0 	 1 	 0 
262		120 	 41.5218911183 	 0.0673493030609 	 0 	 1 	 1 	 -1 
263.206		125.496 	 206.014644615 	 173.51846774 	 0 	 1 	 1 	 -1 
266.79		130.893 	 219.762078028 	 41.9520764761 	 0 	 1 	 1 	 0 
272.655		136.102 	 45.9816481857 	 70.5636087349 	 0 	 1 	 1 	 -1 
280.659		141.052 	 132.830514285 	 179.126280232 	 0 	 1 	 1 	 0 
290.619		145.693 	 10.3558026303 	 69.7215369346 	 1 	 0 	 1 	 -1 
302.34		150 	 247.846477273 	 -113.747578782 	 0 	 1 	 1 	 1 
290.619		154.307 	 322.708132013 	 -163.371424504 	 1 	 0 	 1 	 0 
280.659		158.948 	 69.6427013927 	 65.6902717217 	 0 	 1 	 1 	 1 
272.656		163.898 	 294.373366977 	 1.4628760226 	 1 	 0 	 1 	 -1 
266.789		169.107 	 149.746351963 	 -112.89767813 	 1 	 0 	 1 	 0 
263.206		174.504 	 151.379191556 	 -131.52567155 	 1 	 0 	 1 	 1 
262.001		180 	 185.074986575 	 -106.92491135 	 1 	 0 	 1 	 0 
263.206		185.496 	 122.205944685 	 -167.431954931 	 0 	 1 	 1 	 -1 
266.789		190.893 	 136.747982708 	 -120.712268605 	 1 	 0 	 1 	 -1 
272.656		196.102 	 180.892130581 	 58.1310255126 	 0 	 1 	 1 	 -1 
280.659		201.052 	 292.522166392 	 -173.969129864 	 0 	 1 	 1 	 0 
290.619		205.693 	 29.4986149249 	 -122.908930379 	 0 	 1 	 1 	 0 
302.34		210 	 304.375849243 	 -2.18871101443 	 1 	 0 	 1 	 0 
290.619		214.307 	 271.204592899 	 20.5715429874 	 1 	 0 	 1 	 0 
280.658		218.948 	 158.172230229 	 105.723752568 	 1 	 0 	 1 	 0 
272.656		223.898 	 153.581772209 	 55.5241912983 	 1 	 0 	 1 	 1 
266.79		229.107 	 81.5796111436 	 99.6222520593 	 1 	 0 	 1 	 1 
263.206		234.504 	 100.805895869 	 -87.1590319252 	 0 	 1 	 1 	 1 
262		240 	 93.8113566773 	 -71.0860590428 	 0 	 1 	 1 	 1 
263.206		245.496 	 73.4144488195 	 91.4542922076 	 0 	 1 	 1 	 -1 
266.789		250.893 	 4.02064653942 	 -65.279617311 	 1 	 0 	 1 	 -1 
272.656		256.102 	 61.8937059879 	 -2.70723566511 	 0 	 1 	 1 	 -1 
280.659		261.052 	 93.6343758286 	 -53.5611292294 	 1 	 0 	 1 	 -1 
290.62		265.693 	 247.328523803 	 -165.419143036 	 0 	 1 	 1 	 0 
302.34		270 	 227.823963455 	 -172.097586529 	 0 	 1 	 1 	 0 
290.62		274.307 	 139.85989923 	 -121.333796467 	 0 	 1 	 1 	 -1 
280.659		278.948 	 250.947264428 	 135.080473562 	 1 	 0 	 1 	 0 
272.656		283.898 	 312.600820394 	 81.436854128 	 1 	 0 	 1 	 0 
266.789		289.107 	 180.649786563 	 -61.6841704646 	 1 	 0 	 1 	 1 
263.206		294.504 	 236.909731654 	 47.6817269293 	 1 	 0 	 1 	 1 
262		300 	 297.193617399 	 -105.050602497 	 0 	 1 	 1 	 -1 
263.206		305.496 	 105.160599493 	 -65.9103100008 	 0 	 1 	 1 	 -1 
266.79		310.893 	 145.10175646 	 140.741962577 	 1 	 0 	 1 	 1 
272.656		316.102 	 131.354459353 	 75.0004159513 	 1 	 0 	 1 	 1 
280.659		321.052 	 176.268664306 	 -141.967132969 	 0 	 1 	 1 	 0 
290.619		325.693 	 142.404754153 	 -77.3115390928 	 1 	 0 	 1 	 -1 
302.34		330 	 257.644589434 	 89.6427318839 	 0 	 1 	 1 	 1 
315.62		333.963 	 314.867104355 	 131.300584886 	 0 	 1 	 1 	 -1 
305.457		338.213 	 133.935774377 	 29.0225315323 	 0 	 1 	 1 	 0 
297.071		342.731 	 309.781160023 	 -78.8818308481 	 1 	 0 	 1 	 0 
290.619		347.48 	 200.48549633 	 59.8865893337 	 0 	 1 	 1 	 0 
286.236		352.411 	 46.4557591527 	 -95.7492054796 	 0 	 1 	 1 	 0 
284.018		357.457 	 242.928080684 	 63.5587056709 	 1 	 0 	 1 	 1 
284.018		2.54292 	 48.9621318191 	 -151.88716443 	 1 	 0 	 1 	 0 
286.236		7.58909 	 254.119248057 	 -16.2634600591 	 1 	 0 	 1 	 -1 
290.619		12.5198 	 106.947749285 	 -132.257458905 	 1 	 0 	 1 	 0 
297.071		17.2695 	 212.268398396 	 25.796361468 	 0 	 1 	 1 	 0 
305.457		21.7868 	 139.807206783 	 101.174652389 	 1 	 0 	 1 	 0 
315.62		26.0368 	 48.5734899334 	 23.8315041934 	 0 	 1 	 1 	 0 
327.39		30 	 263.502591586 	 17.8122991788 	 1 	 0 	 1 	 0 
305.457		38.2132 	 84.2316283371 	 -108.184462642 	 1 	 0 	 1 	 0 
297.071		42.7305 	 313.817782051 	 -111.333552626 	 1 	 0 	 1 	 0 
290.619		47.4802 	 115.176631406 	 54.4147187243 	 0 	 1 	 1 	 0 
286.236		52.4109 	 262.721881493 	 -67.6120279511 	 1 	 0 	 1 	 0 
284.018		57.4571 	 88.5956491675 	 22.2920945441 	 1 	 0 	 1 	 -1 
284.018		62.5429 	 295.434733929 	 134.189042738 	 0 	 1 	 1 	 0 
286.236		67.5891 	 196.728096413 	 -10.1882567299 	 1 	 0 	 1 	 1 
290.619		72.5198 	 316.719969761 	 40.3351856324 	 0 	 1 	 1 	 -1 
297.071		77.2695 	 248.482637234 	 84.1916712074 	 1 	 0 	 1 	 -1 
305.457		81.7868 	 261.015183419 	 77.3055900957 	 0 	 1 	 1 	 1 
315.62		86.0368 	 61.0704678037 	 -14.8152688895 	 0 	 1 	 1 	 -1 
327.39		90 	 42.670413196 	 140.739146989 	 1 	 0 	 1 	 -1 
315.62		93.9632 	 259.403541147 	 -19.4760180826 	 1 	 0 	 1 	 0 
305.457		98.2132 	 228.811318123 	 -25.4233126712 	 0 	 1 	 1 	 -1 
297.071		102.731 	 291.202647673 	 162.095997165 	 1 	 0 	 1 	 -1 
290.619		107.48 	 59.2204106801 	 -177.076537753 	 1 	 0 	 1 	 -1 
286.236		112.411 	 201.238902176 	 -130.996867294 	 0 	 1 	 1 	 -1 
284.018		117.457 	 37.6726763114 	 -163.63348575 	 0 	 1 	 1 	 -1 
284.018		122.543 	 100.088599626 	 -162.881479517 	 1 	 0 	 1 	 0 
286.236		127.589 	 163.021516963 	 -119.477656581 	 0 	 1 	 1 	 -1 
290.62		132.52 	 269.94908532 	 59.8393444845 	 1 	 0 	 1 	 0 
297.071		137.269 	 198.846325548 	 13.2773856924 	 1 	 0 	 1 	 0 
305.457		141.787 	 36.4656744276 	 32.0173384403 	 0 	 1 	 1 	 1 
315.62		146.037 	 192.988935908 	 -114.215172468 	 0 	 1 	 1 	 -1 
327.39		150 	 265.102060255 	 -62.0577190074 	 0 	 1 	 1 	 0 
315.619		153.963 	 152.567614096 	 4.50957615532 	 1 	 0 	 1 	 1 
305.457		158.213 	 49.8226780899 	 -93.4087666611 	 1 	 0 	 1 	 -1 
297.071		162.731 	 280.406290836 	 66.5084462874 	 1 	 0 	 1 	 -1 
290.62		167.48 	 123.168582087 	 146.031370962 	 0 	 1 	 1 	 -1 
286.236		172.411 	 45.7256014946 	 -50.2513690018 	 1 	 0 	 1 	 -1 
284.019		177.457 	 0.149517097955 	 -43.3879508612 	 1 	 0 	 1 	 0 
284.019		182.543 	 213.680012593 	 141.277200232 	 0 	 1 	 1 	 1 
286.236		187.589 	 62.4366171104 	 173.012674956 	 1 	 0 	 1 	 1 
290.62		192.52 	 300.594993784 	 -149.600945237 	 1 	 0 	 1 	 1 
297.071		197.269 	 323.806269935 	 -175.102947686 	 1 	 0 	 1 	 1 
305.457		201.787 	 135.532143468 	 129.614688197 	 1 	 0 	 1 	 -1 
315.62		206.037 	 36.7172848958 	 -154.463056826 	 1 	 0 	 1 	 0 
327.39		210 	 81.333826754 	 -149.067790718 	 1 	 0 	 1 	 1 
315.62		213.963 	 169.370247918 	 7.69725106599 	 0 	 1 	 1 	 1 
305.457		218.213 	 273.435364072 	 10.0027338762 	 1 	 0 	 1 	 0 
297.071		222.731 	 112.304995644 	 11.2648619536 	 1 	 0 	 1 	 1 
290.619		227.48 	 66.1229366387 	 -163.72429616 	 0 	 1 	 1 	 -1 
286.236		232.411 	 286.718406002 	 26.3883305795 	 1 	 0 	 1 	 1 
284.018		237.457 	 106.182403571 	 168.347440466 	 0 	 1 	 1 	 0 
284.019		242.543 	 154.829007351 	 49.8368133623 	 0 	 1 	 1 	 0 
286.236		247.589 	 54.1465123379 	 -148.905254832 	 0 	 1 	 1 	 -1 
290.62		252.52 	 82.4069503559 	 -2.5769032608 	 1 	 0 	 1 	 0 
297.071		257.269 	 68.6088912087 	 -78.3573674912 	 1 	 0 	 1 	 0 
305.457		261.787 	 202.980835828 	 55.6097575245 	 1 	 0 	 1 	 -1 
315.62		266.037 	 136.692333019 	 -100.255056506 	 1 	 0 	 1 	 1 
327.39		270 	 43.5697981069 	 -51.5767339868 	 0 	 1 	 1 	 1 
315.62		273.963 	 109.074767538 	 -51.6543011751 	 0 	 1 	 1 	 -1 
305.457		278.213 	 221.55956557 	 57.6081755515 	 1 	 0 	 1 	 -1 
297.071		282.731 	 94.2702470264 	 -156.763397257 	 1 	 0 	 1 	 0 
290.62		287.48 	 53.8584377516 	 33.2429143742 	 1 	 0 	 1 	 1 
286.236		292.411 	 232.971704616 	 -12.9068172722 	 0 	 1 	 1 	 1 
284.019		297.457 	 192.234807737 	 -49.4700446735 	 0 	 1 	 1 	 0 
284.018		302.543 	 97.6919682996 	 -149.896057845 	 0 	 1 	 1 	 0 
286.236		307.589 	 214.374849563 	 166.469485166 	 0 	 1 	 1 	 1 
290.619		312.52 	 180.782440043 	 12.8791024408 	 1 	 0 	 1 	 1 
297.071		317.269 	 211.257651731 	 -164.760192898 	 0 	 1 	 1 	 1 
305.457		321.787 	 276.889725238 	 57.4180855515 	 1 	 0 	 1 	 1 
327.39		330 	 155.156885938 	 -61.1129041532 	 0 	 1 	 1 	 -1 
340.597		333.67 	 82.6791909585 	 -20.9573718909 	 1 	 0 	 1 	 1 
330.266		337.589 	 324.947394945 	 -27.7017985929 	 0 	 1 	 1 	 -1 
321.56		341.742 	 198.138233821 	 -147.957775248 	 1 	 0 	 1 	 0 
314.619		346.102 	 224.611980611 	 -114.598227006 	 0 	 1 	 1 	 1 
309.563		350.633 	 292.925727336 	 -17.5499827892 	 1 	 0 	 1 	 -1 
306.489		355.285 	 28.7237807207 	 15.8077109542 	 0 	 1 	 1 	 0 
305.457		0 	 186.208497869 	 45.4880246233 	 1 	 0 	 1 	 1 
306.489		4.715 	 24.0985684854 	 -142.437314814 	 0 	 1 	 1 	 1 
309.563		9.367 	 189.818295323 	 73.0364206057 	 1 	 0 	 1 	 -1 
314.619		13.8979 	 206.26702076 	 166.973590588 	 1 	 0 	 1 	 0 
321.56		18.2585 	 142.716388512 	 151.822278789 	 0 	 1 	 1 	 -1 
330.266		22.4109 	 316.252445122 	 -162.431015786 	 1 	 0 	 1 	 -1 
340.597		26.3295 	 217.957989829 	 31.8690078183 	 1 	 0 	 1 	 0 
352.406		30 	 253.95037611 	 21.2282212331 	 0 	 1 	 1 	 1 
340.597		33.6705 	 52.2292151697 	 164.572497967 	 1 	 0 	 1 	 1 
330.266		37.5891 	 84.2672973682 	 70.4518570599 	 1 	 0 	 1 	 -1 
321.56		41.7415 	 271.828886454 	 19.0694978504 	 0 	 1 	 1 	 1 
314.619		46.1021 	 310.658218194 	 160.901678833 	 1 	 0 	 1 	 1 
309.563		50.633 	 57.3828563766 	 168.543131731 	 1 	 0 	 1 	 1 
306.489		55.285 	 264.092709597 	 123.442641677 	 1 	 0 	 1 	 -1 
305.457		60 	 259.15804314 	 -55.935516896 	 1 	 0 	 1 	 1 
306.489		64.715 	 44.9952393983 	 -154.187667362 	 0 	 1 	 1 	 -1 
309.563		69.367 	 36.3546697207 	 -136.995801776 	 1 	 0 	 1 	 0 
314.619		73.8979 	 39.2733904168 	 -132.823581978 	 0 	 1 	 1 	 -1 
321.56		78.2585 	 82.6181531582 	 39.660261685 	 0 	 1 	 1 	 1 
330.266		82.4109 	 59.2670319779 	 133.090944915 	 0 	 1 	 1 	 -1 
340.597		86.3295 	 304.80198676 	 -9.89490308136 	 1 	 0 	 1 	 1 
352.406		90 	 217.604528071 	 -57.1859019308 	 1 	 0 	 1 	 0 
340.597		93.6705 	 223.952271573 	 144.985557873 	 1 	 0 	 1 	 1 
330.266		97.5891 	 84.364781413 	 -118.386080973 	 1 	 0 	 1 	 0 
321.56		101.742 	 290.600073302 	 -157.121576219 	 1 	 0 	 1 	 0 
314.619		106.102 	 43.1158363091 	 139.526798648 	 1 	 0 	 1 	 0 
309.563		110.633 	 102.139789329 	 -142.542038877 	 1 	 0 	 1 	 -1 
306.489		115.285 	 206.567924083 	 173.220120891 	 1 	 0 	 1 	 0 
305.457		120 	 247.215598871 	 143.113371147 	 0 	 1 	 1 	 -1 
306.489		124.715 	 51.6499119389 	 -129.143447657 	 1 	 0 	 1 	 -1 
309.563		129.367 	 180.410956826 	 52.1753118763 	 0 	 1 	 1 	 0 
314.619		133.898 	 54.2682039699 	 83.7581631319 	 1 	 0 	 1 	 0 
321.56		138.258 	 121.872975316 	 -4.02107691316 	 1 	 0 	 1 	 0 
330.266		142.411 	 317.114863752 	 58.7866817491 	 0 	 1 	 1 	 0 
340.597		146.329 	 47.101390539 	 -56.7868564147 	 1 	 0 	 1 	 1 
352.406		150 	 2.83305487583 	 -172.743200737 	 0 	 1 	 1 	 1 
340.597		153.671 	 48.6938475001 	 -29.7418563861 	 0 	 1 	 1 	 -1 
330.266		157.589 	 266.285939109 	 19.3593323299 	 0 	 1 	 1 	 1 
321.561		161.742 	 299.838730641 	 -62.8838464461 	 1 	 0 	 1 	 1 
314.618		166.102 	 43.7428383718 	 43.0253964421 	 1 	 0 	 1 	 -1 
309.563		170.633 	 27.9471070683 	 -122.113498786 	 1 	 0 	 1 	 0 
306.488		175.285 	 280.942393239 	 10.3561311013 	 1 	 0 	 1 	 0 
305.457		180 	 201.73298563 	 -125.962095755 	 1 	 0 	 1 	 0 
306.488		184.715 	 48.1620504157 	 58.714463447 	 1 	 0 	 1 	 -1 
309.563		189.367 	 90.0797881745 	 73.9075945147 	 1 	 0 	 1 	 1 
314.618		193.898 	 69.3934959645 	 -154.417070916 	 1 	 0 	 1 	 1 
321.561		198.258 	 113.512809672 	 -179.773055288 	 1 	 0 	 1 	 1 
330.266		202.411 	 63.4333943578 	 89.0004926249 	 1 	 0 	 1 	 0 
340.597		206.329 	 85.5170223521 	 164.885902447 	 0 	 1 	 1 	 1 
352.406		210 	 313.707667261 	 65.7938247961 	 0 	 1 	 1 	 1 
330.266		217.589 	 195.228843016 	 -137.613792332 	 1 	 0 	 1 	 -1 
321.56		221.742 	 139.856871968 	 120.789421331 	 1 	 0 	 1 	 0 
314.619		226.102 	 176.828625316 	 -154.62245974 	 0 	 1 	 1 	 -1 
309.563		230.633 	 157.936777882 	 3.33515339821 	 1 	 0 	 1 	 0 
306.489		235.285 	 220.377972205 	 37.5387166045 	 1 	 0 	 1 	 1 
305.456		240 	 207.949725181 	 71.5449396604 	 1 	 0 	 1 	 0 
306.488		244.715 	 240.099565897 	 114.850274553 	 1 	 0 	 1 	 1 
309.563		249.367 	 273.506125653 	 158.908726858 	 1 	 0 	 1 	 0 
314.619		253.898 	 219.021202271 	 173.816444361 	 1 	 0 	 1 	 -1 
321.56		258.258 	 204.026094687 	 5.68126708205 	 1 	 0 	 1 	 1 
330.266		262.411 	 231.017013646 	 -27.7620404226 	 0 	 1 	 1 	 0 
340.597		266.33 	 95.7025734995 	 1.80719861118 	 1 	 0 	 1 	 1 
340.597		273.671 	 132.704089402 	 -173.326595285 	 0 	 1 	 1 	 1 
330.266		277.589 	 286.257691555 	 -28.9658695188 	 0 	 1 	 1 	 1 
321.56		281.742 	 66.6895623802 	 78.1192121038 	 0 	 1 	 1 	 0 
314.619		286.102 	 46.0838107912 	 -142.867901598 	 1 	 0 	 1 	 1 
309.563		290.633 	 247.257948827 	 178.103528817 	 1 	 0 	 1 	 -1 
306.488		295.285 	 56.6707773719 	 -57.7408939076 	 0 	 1 	 1 	 1 
305.457		300 	 302.213573828 	 87.9211599623 	 0 	 1 	 1 	 1 
306.489		304.715 	 48.4449167403 	 -37.3528013435 	 1 	 0 	 1 	 0 
309.563		309.367 	 274.822638101 	 -146.745185409 	 0 	 1 	 1 	 1 
314.619		313.898 	 204.127285874 	 139.377884361 	 0 	 1 	 1 	 1 
321.56		318.258 	 264.72865179 	 32.3074943264 	 0 	 1 	 1 	 1 
330.266		322.411 	 160.439326053 	 -136.846668749 	 1 	 0 	 1 	 0 
340.597		326.33 	 243.188409789 	 71.453039868 	 0 	 1 	 1 	 1 
352.406		330 	 224.718487437 	 45.4849076077 	 0 	 1 	 1 	 -1 
365.546		333.418 	 158.181408544 	 -139.670789761 	 1 	 0 	 1 	 -1 
355.074		337.053 	 61.6813538048 	 20.0974233777 	 1 	 0 	 1 	 1 
346.099		340.893 	 167.51876883 	 -139.723431134 	 1 	 0 	 1 	 0 
338.742		344.921 	 172.276972019 	 156.925755001 	 1 	 0 	 1 	 1 
333.116		349.107 	 96.1422276571 	 31.6418787881 	 0 	 1 	 1 	 1 
329.31		353.413 	 84.900278383 	 157.64344893 	 1 	 0 	 1 	 1 
327.39		357.796 	 221.478078184 	 127.717954834 	 0 	 1 	 1 	 1 
327.39		2.20423 	 175.413227588 	 -118.527314271 	 0 	 1 	 1 	 -1 
329.31		6.58678 	 301.277553899 	 -78.7827204181 	 1 	 0 	 1 	 1 
333.116		10.8934 	 211.349879374 	 131.464386357 	 0 	 1 	 1 	 -1 
338.742		15.0791 	 56.8852132282 	 130.123082978 	 0 	 1 	 1 	 0 
346.099		19.1066 	 125.253032203 	 78.5308714096 	 1 	 0 	 1 	 1 
355.074		22.9473 	 72.585571735 	 167.174332193 	 1 	 0 	 1 	 0 
365.546		26.582 	 51.2463845285 	 33.6031393058 	 0 	 1 	 1 	 0 
377.385		30 	 243.826554878 	 58.6813372535 	 1 	 0 	 1 	 1 
365.546		33.418 	 11.3544947752 	 -170.885126594 	 1 	 0 	 1 	 1 
355.074		37.0527 	 77.4989662847 	 -97.6421838578 	 0 	 1 	 1 	 1 
346.099		40.8934 	 83.2341934079 	 26.1726969131 	 1 	 0 	 1 	 -1 
338.743		44.9209 	 105.780622144 	 -93.3225643432 	 1 	 0 	 1 	 1 
333.116		49.1066 	 132.486780347 	 -101.311982296 	 1 	 0 	 1 	 1 
329.31		53.4132 	 285.414530087 	 28.7423150378 	 1 	 0 	 1 	 1 
327.39		57.7958 	 63.2178886619 	 -130.965129123 	 0 	 1 	 1 	 -1 
327.39		62.2042 	 88.5130885984 	 -42.2673887901 	 0 	 1 	 1 	 -1 
329.31		66.5868 	 72.7444111347 	 131.451819553 	 1 	 0 	 1 	 0 
333.116		70.8934 	 142.58763299 	 83.3134453226 	 1 	 0 	 1 	 -1 
338.742		75.0791 	 317.485852679 	 -118.793916073 	 1 	 0 	 1 	 -1 
346.099		79.1066 	 319.16041957 	 -153.273124775 	 1 	 0 	 1 	 -1 
355.074		82.9473 	 37.8278555844 	 -64.8932956757 	 0 	 1 	 1 	 0 
