25.2587		30 	 75.2281835347 	 77.662476258 	 1 	 0 	 1 	 -1 
25.2587		90 	 93.3543434667 	 77.4221989972 	 0 	 0 	 1 	 0 
25.2587		150 	 126.458865066 	 212.722990042 	 1 	 1 	 1 	 -1 
25.2587		210 	 38.8945789039 	 113.010416806 	 1 	 0 	 1 	 -1 
25.2587		270 	 40.6902186472 	 100.115979359 	 1 	 0 	 1 	 1 
43.7478		0 	 92.0010245468 	 151.833125294 	 0 	 0 	 1 	 0 
50.5147		30 	 72.3107054488 	 14.6718400045 	 1 	 0 	 1 	 1 
43.7478		60 	 89.6749224895 	 108.041600475 	 0 	 1 	 1 	 0 
50.5147		90 	 49.3206652433 	 107.071875896 	 1 	 0 	 1 	 0 
43.7478		120 	 130.483467915 	 134.776938763 	 1 	 1 	 1 	 -1 
50.5147		150 	 94.0849754693 	 64.1871242932 	 1 	 0 	 1 	 -1 
43.7478		180 	 57.8434823724 	 71.243005065 	 0 	 1 	 1 	 0 
50.5147		210 	 36.6848798742 	 99.285692377 	 1 	 1 	 1 	 0 
43.7478		240 	 3.24819610582 	 311.388351277 	 1 	 1 	 1 	 0 
43.7478		300 	 83.7330017941 	 308.108090459 	 1 	 0 	 1 	 1 
50.5148		330 	 151.262000063 	 152.299365982 	 0 	 1 	 1 	 -1 
66.8212		349.107 	 40.584654173 	 106.092171931 	 1 	 0 	 1 	 1 
66.8212		10.8934 	 108.512757677 	 117.795417231 	 0 	 1 	 1 	 1 
75.7654		30 	 91.9413957511 	 82.5249333712 	 1 	 0 	 1 	 1 
66.8212		49.1066 	 75.3436662038 	 79.4736113333 	 0 	 1 	 1 	 0 
66.8212		70.8934 	 20.376090542 	 78.9841330878 	 0 	 0 	 1 	 -1 
75.7654		90 	 59.3160373187 	 59.0691929614 	 1 	 1 	 1 	 -1 
66.8212		109.107 	 53.0391557343 	 163.00981245 	 1 	 1 	 1 	 -1 
66.8212		130.893 	 30.2807143825 	 347.712093391 	 0 	 1 	 1 	 0 
75.7654		150 	 14.5163388215 	 186.44529226 	 1 	 0 	 1 	 1 
66.8212		169.107 	 24.3193838254 	 35.1975787382 	 0 	 0 	 1 	 -1 
66.8212		190.893 	 20.3972703702 	 246.733677704 	 1 	 1 	 1 	 1 
66.8212		229.107 	 23.1505933398 	 153.378472993 	 0 	 1 	 1 	 -1 
66.8212		250.893 	 46.3601869487 	 79.5958450738 	 0 	 1 	 1 	 1 
75.7654		270 	 28.5535840909 	 29.162357147 	 1 	 0 	 1 	 1 
66.8212		289.107 	 28.2416178701 	 119.536953488 	 1 	 1 	 1 	 -1 
66.8212		310.893 	 115.084179686 	 122.194672353 	 0 	 1 	 1 	 -1 
75.7654		330 	 24.3121282277 	 102.798399564 	 0 	 1 	 1 	 -1 
91.0523		343.898 	 62.63962239 	 158.703386241 	 0 	 0 	 1 	 -1 
87.4818		0 	 64.8034334884 	 217.439706949 	 0 	 1 	 1 	 -1 
91.0523		16.1021 	 82.6808049753 	 149.913105709 	 0 	 0 	 1 	 0 
101.008		30 	 24.940031812 	 220.294484257 	 0 	 0 	 1 	 -1 
91.0523		43.8979 	 47.509923066 	 114.207005856 	 0 	 1 	 1 	 -1 
87.4818		60 	 25.4284509366 	 116.568030162 	 1 	 0 	 1 	 -1 
91.0523		76.1021 	 41.4644692747 	 107.71552816 	 0 	 1 	 1 	 1 
91.0523		103.898 	 47.6719861447 	 99.4733416501 	 1 	 1 	 1 	 0 
87.4818		120 	 52.0050814749 	 108.390485638 	 1 	 0 	 1 	 -1 
91.0523		136.102 	 44.5812638574 	 99.3816491289 	 1 	 0 	 1 	 1 
91.0523		163.898 	 16.8952498184 	 121.025197369 	 1 	 1 	 1 	 0 
87.4818		180 	 62.9114085929 	 31.5593231542 	 0 	 0 	 1 	 1 
91.0523		196.102 	 21.7856878118 	 327.073975604 	 1 	 1 	 1 	 -1 
101.008		210 	 9.06811749616 	 134.106181783 	 0 	 1 	 1 	 1 
91.0523		223.898 	 31.5129493883 	 99.1655277077 	 1 	 1 	 1 	 1 
87.4818		240 	 30.235704707 	 101.497792845 	 1 	 1 	 1 	 1 
91.0523		256.102 	 23.3942029661 	 205.931614427 	 0 	 1 	 1 	 -1 
101.008		270 	 17.8054646612 	 108.772666157 	 0 	 1 	 1 	 -1 
91.0523		283.898 	 35.0071139699 	 140.606804356 	 1 	 1 	 1 	 0 
87.4817		300 	 113.050779393 	 176.825662041 	 0 	 0 	 1 	 1 
91.0523		316.102 	 39.5035458267 	 136.550114185 	 1 	 1 	 1 	 1 
101.008		330 	 80.2503396448 	 118.206442575 	 0 	 1 	 1 	 -1 
115.709		340.893 	 38.5862563336 	 103.407219931 	 1 	 1 	 1 	 0 
110.065		353.413 	 58.0094037775 	 123.655683371 	 1 	 1 	 1 	 -1 
110.065		6.58677 	 28.7413551211 	 108.194041617 	 1 	 1 	 1 	 0 
115.709		19.1066 	 44.4870418561 	 93.3491730023 	 0 	 0 	 1 	 1 
126.24		30 	 43.9672082588 	 88.1131082802 	 0 	 1 	 1 	 0 
115.709		40.8934 	 105.535665961 	 83.2689121871 	 1 	 1 	 1 	 -1 
110.065		53.4132 	 15.6045833833 	 88.7393337101 	 1 	 1 	 1 	 -1 
110.065		66.5868 	 31.3978823791 	 119.769949962 	 1 	 0 	 1 	 -1 
115.709		79.1066 	 44.7214930588 	 144.033626186 	 1 	 1 	 1 	 -1 
126.24		90 	 44.3683865259 	 71.8786352256 	 0 	 1 	 1 	 -1 
115.709		100.893 	 41.4943746755 	 98.4333406681 	 1 	 1 	 1 	 -1 
110.065		113.413 	 42.5959107 	 130.114959809 	 0 	 1 	 1 	 0 
110.065		126.587 	 42.0075131564 	 113.754468724 	 0 	 1 	 1 	 0 
115.709		139.107 	 60.7789250289 	 126.962230145 	 1 	 1 	 1 	 -1 
126.24		150 	 54.3421647946 	 358.394347705 	 0 	 0 	 1 	 1 
115.709		160.893 	 52.2902226227 	 100.220559884 	 1 	 0 	 1 	 0 
110.066		173.413 	 71.0479466294 	 79.1855447983 	 0 	 1 	 1 	 0 
110.066		186.587 	 35.1922666148 	 102.380298314 	 0 	 1 	 1 	 0 
115.709		199.107 	 49.7582009561 	 77.3168525913 	 1 	 0 	 1 	 -1 
126.24		210 	 80.0138342115 	 108.527407044 	 0 	 1 	 1 	 1 
115.709		220.893 	 10.4711577128 	 0.225235345743 	 1 	 1 	 1 	 0 
110.065		233.413 	 39.5866090404 	 133.498760695 	 1 	 0 	 1 	 0 
110.065		246.587 	 33.1547141444 	 134.064648414 	 1 	 1 	 1 	 1 
115.709		259.107 	 23.5520342749 	 115.629865545 	 0 	 0 	 1 	 -1 
126.24		270 	 26.3296038145 	 139.703776697 	 0 	 0 	 1 	 0 
115.709		280.893 	 41.1762128522 	 106.597819775 	 1 	 1 	 1 	 1 
110.065		293.413 	 46.6756099901 	 11.1672178224 	 1 	 0 	 1 	 -1 
110.065		306.587 	 44.650892613 	 26.6210318975 	 1 	 1 	 1 	 1 
115.709		319.107 	 98.2815135948 	 52.6426627662 	 0 	 1 	 1 	 0 
126.24		330 	 29.7844593884 	 127.626197811 	 0 	 1 	 1 	 0 
140.56		338.948 	 73.31910466 	 102.025557836 	 0 	 0 	 1 	 0 
133.593		349.107 	 41.838143904 	 147.833513107 	 1 	 1 	 1 	 -1 
131.188		0 	 40.3971108334 	 106.081475716 	 0 	 1 	 1 	 -1 
133.593		10.8934 	 38.9917799219 	 59.8495036511 	 1 	 1 	 1 	 -1 
140.56		21.0517 	 63.1235053917 	 79.0774448115 	 1 	 0 	 1 	 -1 
151.459		30 	 44.749265334 	 111.127092329 	 0 	 0 	 1 	 1 
140.56		38.9483 	 109.971793092 	 154.267356138 	 0 	 0 	 1 	 0 
133.593		49.1066 	 60.5239363545 	 71.2390772848 	 0 	 0 	 1 	 0 
131.188		60 	 70.4688981432 	 49.5129838904 	 0 	 0 	 1 	 -1 
133.593		70.8934 	 87.5092151843 	 111.054865727 	 0 	 1 	 1 	 1 
140.56		81.0517 	 59.9108778236 	 59.5276588659 	 1 	 0 	 1 	 -1 
151.459		90 	 64.0838772755 	 108.733947121 	 1 	 0 	 1 	 0 
140.56		98.9483 	 43.4646205668 	 90.4729570286 	 1 	 0 	 1 	 -1 
133.593		109.107 	 46.6843784098 	 106.152000271 	 1 	 0 	 1 	 0 
131.188		120 	 41.8400284237 	 108.797504602 	 0 	 0 	 1 	 -1 
133.593		130.893 	 106.291140832 	 136.467552478 	 1 	 0 	 1 	 -1 
140.56		141.052 	 58.5360291848 	 106.52926331 	 1 	 0 	 1 	 0 
151.459		150 	 53.5079116277 	 113.798387999 	 1 	 0 	 1 	 1 
140.56		158.948 	 62.1337571717 	 135.870084593 	 1 	 0 	 1 	 1 
133.593		169.107 	 39.7897764499 	 9.65027803701 	 1 	 0 	 1 	 -1 
131.188		180 	 27.0335474683 	 150.314320162 	 0 	 1 	 1 	 1 
133.593		190.893 	 38.4599636369 	 119.161679942 	 0 	 0 	 1 	 1 
140.56		201.052 	 41.3615659283 	 108.132809756 	 0 	 1 	 1 	 0 
151.459		210 	 57.172298228 	 115.90908914 	 0 	 0 	 1 	 0 
140.56		218.948 	 25.995912491 	 137.955973167 	 1 	 1 	 1 	 0 
133.593		229.107 	 110.470375272 	 144.363968257 	 1 	 1 	 1 	 0 
131.188		240 	 14.0442027643 	 117.078378887 	 1 	 1 	 1 	 1 
133.592		250.893 	 41.7035215692 	 102.613169928 	 0 	 1 	 1 	 -1 
140.56		261.052 	 31.868637984 	 97.5896134637 	 1 	 0 	 1 	 1 
151.459		270 	 79.7851793909 	 129.920221401 	 0 	 0 	 1 	 1 
140.56		278.948 	 57.9075672567 	 189.898475438 	 0 	 1 	 1 	 0 
133.592		289.107 	 67.1025937244 	 162.485737972 	 1 	 1 	 1 	 -1 
131.188		300 	 79.3840611283 	 129.795543006 	 1 	 0 	 1 	 1 
133.593		310.893 	 65.9750356861 	 63.0299260903 	 1 	 0 	 1 	 -1 
140.56		321.052 	 39.4514837738 	 104.930473299 	 0 	 0 	 1 	 -1 
151.459		330 	 113.769790866 	 127.044784027 	 0 	 0 	 1 	 1 
165.51		337.589 	 24.2806913801 	 170.081074242 	 1 	 0 	 1 	 0 
157.635		346.102 	 70.9568487274 	 111.018062031 	 1 	 0 	 1 	 -1 
153.545		355.285 	 41.51454786 	 124.34303402 	 0 	 1 	 1 	 1 
153.545		4.715 	 16.5194344724 	 112.970829638 	 0 	 0 	 1 	 0 
157.635		13.8979 	 32.6949898393 	 144.867357615 	 1 	 1 	 1 	 1 
165.51		22.4109 	 54.6915535306 	 117.159145877 	 0 	 0 	 1 	 -1 
176.661		30 	 54.6675430354 	 28.0114249222 	 0 	 0 	 1 	 0 
165.51		37.5891 	 67.7439296478 	 274.19548561 	 0 	 1 	 1 	 -1 
157.635		46.1021 	 19.6795190333 	 89.1085815551 	 0 	 0 	 1 	 1 
153.545		55.285 	 44.6295553891 	 110.036223127 	 1 	 0 	 1 	 1 
153.545		64.715 	 105.071583269 	 69.7989091972 	 0 	 1 	 1 	 0 
157.635		73.8979 	 69.4571137361 	 142.15852151 	 1 	 0 	 1 	 -1 
165.51		82.4109 	 67.2738210782 	 146.359205955 	 0 	 1 	 1 	 -1 
176.661		90 	 21.796740069 	 115.840375136 	 0 	 1 	 1 	 0 
165.51		97.5891 	 50.9278939102 	 163.692754434 	 0 	 0 	 1 	 -1 
157.635		106.102 	 50.450949885 	 155.528051237 	 1 	 0 	 1 	 -1 
153.545		115.285 	 14.840544365 	 104.656599887 	 1 	 0 	 1 	 -1 
153.545		124.715 	 34.1172280489 	 146.897842157 	 0 	 1 	 1 	 1 
157.635		133.898 	 72.7054264115 	 104.088315637 	 1 	 0 	 1 	 -1 
165.51		142.411 	 18.9672511462 	 91.7482363038 	 1 	 1 	 1 	 0 
176.661		150 	 133.858985885 	 164.271764847 	 1 	 1 	 1 	 -1 
165.509		157.589 	 19.2713178671 	 145.624216311 	 1 	 0 	 1 	 -1 
157.635		166.102 	 77.3702049466 	 103.402585858 	 0 	 0 	 1 	 1 
153.546		175.285 	 88.0414193625 	 124.230739105 	 0 	 0 	 1 	 -1 
153.546		184.715 	 99.788167047 	 114.064276371 	 0 	 1 	 1 	 -1 
157.635		193.898 	 47.8070867677 	 305.383899666 	 0 	 0 	 1 	 -1 
165.509		202.411 	 29.2588477136 	 104.583808592 	 0 	 1 	 1 	 -1 
165.51		217.589 	 37.0433913642 	 128.222476005 	 0 	 0 	 1 	 0 
157.635		226.102 	 41.7471795362 	 113.959800246 	 1 	 0 	 1 	 1 
153.545		235.285 	 63.7084873073 	 87.1424011265 	 1 	 0 	 1 	 -1 
153.545		244.715 	 47.5036944422 	 52.6044102609 	 1 	 1 	 1 	 -1 
157.635		253.898 	 59.5397757758 	 108.005342996 	 1 	 1 	 1 	 -1 
165.51		262.411 	 32.1641622723 	 248.489063867 	 0 	 1 	 1 	 -1 
176.661		270 	 40.0519342634 	 61.9731088718 	 0 	 1 	 1 	 1 
165.51		277.589 	 25.6628420173 	 105.691197381 	 0 	 0 	 1 	 0 
157.635		286.102 	 67.5192134747 	 131.40284644 	 0 	 0 	 1 	 1 
153.545		295.285 	 39.3028512874 	 93.1447959136 	 1 	 0 	 1 	 0 
153.545		304.715 	 49.403080192 	 133.947042935 	 1 	 1 	 1 	 1 
157.635		313.898 	 35.1887383494 	 97.3789322939 	 1 	 0 	 1 	 0 
165.51		322.411 	 18.8717833714 	 89.0539993095 	 0 	 1 	 1 	 -1 
176.661		330 	 92.0565335294 	 148.457515928 	 1 	 0 	 1 	 0 
190.511		336.587 	 24.3910833246 	 192.209131019 	 1 	 1 	 1 	 0 
181.979		343.898 	 41.2664729287 	 107.263693136 	 1 	 1 	 1 	 1 
176.661		351.787 	 46.5945035106 	 166.728959379 	 1 	 1 	 1 	 0 
174.852		0 	 17.2370573057 	 126.675376694 	 0 	 0 	 1 	 1 
176.661		8.21321 	 33.193941092 	 133.018188779 	 0 	 0 	 1 	 1 
181.979		16.1021 	 60.8308271325 	 97.9713744834 	 0 	 1 	 1 	 1 
190.511		23.4132 	 37.3249917906 	 158.707167985 	 1 	 1 	 1 	 1 
201.845		30 	 42.8248811843 	 59.9323124392 	 0 	 0 	 1 	 -1 
181.979		43.8979 	 43.7976137709 	 104.87907417 	 0 	 0 	 1 	 0 
176.661		51.7868 	 48.4500824457 	 276.793323243 	 0 	 1 	 1 	 -1 
174.852		60 	 106.520985476 	 155.346235389 	 0 	 0 	 1 	 1 
176.661		68.2132 	 93.4856527992 	 57.2001330671 	 1 	 0 	 1 	 -1 
181.979		76.1021 	 41.3621446165 	 99.4960221204 	 0 	 0 	 1 	 -1 
190.511		83.4132 	 71.1798730372 	 110.082317683 	 1 	 1 	 1 	 0 
201.845		90 	 42.5210178815 	 109.091998689 	 1 	 0 	 1 	 0 
190.511		96.5868 	 50.4384140691 	 66.0686697826 	 0 	 0 	 1 	 0 
181.979		103.898 	 51.3138824296 	 136.98802231 	 0 	 1 	 1 	 -1 
176.661		111.787 	 40.8243721793 	 99.6279629476 	 1 	 1 	 1 	 -1 
174.852		120 	 68.1000732155 	 120.742017517 	 1 	 1 	 1 	 0 
176.661		128.213 	 50.3560844833 	 104.599254726 	 1 	 0 	 1 	 1 
181.979		136.102 	 20.2956931543 	 25.6620257416 	 0 	 0 	 1 	 1 
190.51		143.413 	 42.8973231266 	 67.3691384166 	 1 	 0 	 1 	 -1 
201.845		150 	 75.2353361349 	 68.7259691478 	 0 	 0 	 1 	 0 
190.511		156.587 	 19.5572774833 	 8.52759938995 	 1 	 1 	 1 	 0 
181.979		163.898 	 83.7332211877 	 50.6593361268 	 1 	 1 	 1 	 -1 
176.661		171.787 	 15.7508443497 	 107.199779574 	 1 	 0 	 1 	 1 
174.852		180 	 49.3261285988 	 108.369725887 	 0 	 1 	 1 	 -1 
176.661		188.213 	 41.6581239283 	 117.768546338 	 1 	 0 	 1 	 0 
181.979		196.102 	 56.9246816053 	 103.278563528 	 0 	 1 	 1 	 -1 
190.511		203.413 	 37.2412334101 	 100.272233577 	 0 	 0 	 1 	 -1 
201.845		210 	 71.1841878464 	 141.838807619 	 1 	 0 	 1 	 1 
190.51		216.587 	 62.0566583345 	 170.500031708 	 0 	 1 	 1 	 -1 
181.979		223.898 	 89.6810512617 	 124.962543185 	 0 	 1 	 1 	 -1 
176.661		231.787 	 63.9390419327 	 212.566070759 	 0 	 1 	 1 	 1 
174.853		240 	 24.5894051087 	 139.030581672 	 1 	 1 	 1 	 -1 
176.662		248.213 	 82.569193257 	 157.708911885 	 1 	 1 	 1 	 0 
181.979		256.102 	 114.908820891 	 101.408200746 	 0 	 0 	 1 	 0 
190.511		263.413 	 45.9642704803 	 105.170657551 	 0 	 1 	 1 	 1 
190.511		276.587 	 18.7579033812 	 158.257386985 	 1 	 1 	 1 	 -1 
181.979		283.898 	 40.9827732078 	 149.581899096 	 0 	 1 	 1 	 -1 
176.662		291.787 	 29.6310350213 	 121.703928623 	 0 	 0 	 1 	 -1 
174.853		300 	 39.4499557979 	 115.422166818 	 1 	 1 	 1 	 0 
176.661		308.213 	 42.8016090915 	 108.265525334 	 1 	 1 	 1 	 0 
181.979		316.102 	 44.2677458306 	 147.055896836 	 0 	 0 	 1 	 -1 
190.511		323.413 	 74.0249319526 	 104.235739985 	 0 	 1 	 1 	 -1 
201.845		330 	 63.7028998286 	 290.656734818 	 1 	 0 	 1 	 1 
215.536		335.818 	 24.9841500075 	 135.392954539 	 0 	 1 	 1 	 1 
206.511		342.216 	 19.4921234597 	 248.501286665 	 0 	 1 	 1 	 0 
200.265		349.107 	 80.1235489804 	 92.2955200323 	 0 	 1 	 1 	 -1 
197.068		356.329 	 24.6189606014 	 52.5696767226 	 1 	 0 	 1 	 1 
197.068		3.6705 	 92.6959560212 	 82.6944205702 	 1 	 1 	 1 	 0 
200.265		10.8934 	 30.3059014924 	 204.370482611 	 1 	 1 	 1 	 0 
206.511		17.7836 	 76.1062444 	 71.4079519259 	 0 	 0 	 1 	 1 
215.536		24.1825 	 34.0799060515 	 190.347338094 	 1 	 1 	 1 	 1 
227.007		30 	 33.1732729769 	 92.3384630504 	 0 	 1 	 1 	 1 
215.536		35.8175 	 56.4799842283 	 185.966422309 	 0 	 0 	 1 	 0 
206.511		42.2164 	 31.3286070397 	 231.947931407 	 1 	 1 	 1 	 1 
200.265		49.1066 	 39.5201598114 	 187.650991309 	 1 	 1 	 1 	 0 
197.068		56.3295 	 34.9819009011 	 152.017676713 	 0 	 0 	 1 	 1 
197.068		63.6705 	 64.3926315812 	 12.6859876002 	 1 	 1 	 1 	 -1 
200.265		70.8934 	 69.458058904 	 92.3031287302 	 0 	 0 	 1 	 -1 
206.511		77.7836 	 62.7778405492 	 146.192013323 	 0 	 1 	 1 	 0 
215.536		84.1825 	 41.3602951257 	 113.848276417 	 1 	 1 	 1 	 -1 
227.007		90 	 3.00852515324 	 135.173459422 	 1 	 0 	 1 	 0 
215.536		95.8175 	 75.2704451155 	 60.6578945947 	 0 	 0 	 1 	 0 
206.511		102.216 	 89.8410990101 	 73.0068582282 	 1 	 1 	 1 	 -1 
200.265		109.107 	 57.7836519826 	 72.0707843746 	 1 	 0 	 1 	 -1 
197.068		116.33 	 28.2639547723 	 86.0349256438 	 1 	 0 	 1 	 1 
197.068		123.671 	 54.0400061469 	 178.72434472 	 1 	 1 	 1 	 -1 
200.265		130.893 	 46.5794095399 	 142.482232664 	 1 	 0 	 1 	 0 
206.51		137.784 	 47.1541888196 	 192.570142408 	 1 	 1 	 1 	 0 
215.536		144.182 	 54.4147289665 	 166.976705355 	 0 	 1 	 1 	 0 
227.007		150 	 60.160501802 	 117.738091618 	 1 	 0 	 1 	 -1 
215.536		155.818 	 43.3905098016 	 44.2785358005 	 1 	 0 	 1 	 -1 
206.511		162.216 	 20.4258017662 	 210.678737107 	 1 	 1 	 1 	 0 
200.266		169.107 	 75.9276414796 	 87.6363127604 	 0 	 0 	 1 	 0 
197.068		176.33 	 33.8282309098 	 332.446083465 	 0 	 1 	 1 	 0 
197.068		183.671 	 126.731573008 	 115.049988637 	 1 	 1 	 1 	 1 
200.266		190.893 	 71.4812801067 	 90.2022185209 	 1 	 0 	 1 	 1 
206.511		197.784 	 53.4377271319 	 67.3172960769 	 1 	 0 	 1 	 1 
215.536		204.182 	 33.9690746192 	 102.35204916 	 0 	 0 	 1 	 1 
227.007		210 	 41.1292139479 	 105.287182363 	 0 	 0 	 1 	 1 
215.536		215.818 	 31.045287508 	 84.3698238722 	 0 	 0 	 1 	 1 
206.51		222.216 	 30.6341317671 	 85.7396146416 	 0 	 0 	 1 	 -1 
200.265		229.107 	 42.6814778801 	 107.070786818 	 1 	 1 	 1 	 0 
197.068		236.329 	 29.5517730937 	 103.215784021 	 0 	 0 	 1 	 1 
197.068		243.671 	 47.507059325 	 106.889093762 	 1 	 0 	 1 	 -1 
200.265		250.893 	 61.6112709949 	 138.542582417 	 1 	 0 	 1 	 0 
206.51		257.784 	 85.1180484044 	 256.002371065 	 1 	 0 	 1 	 -1 
215.536		264.182 	 32.3774850021 	 41.2790277736 	 0 	 0 	 1 	 -1 
227.007		270 	 55.7394895629 	 75.1176147566 	 1 	 1 	 1 	 -1 
215.536		275.818 	 42.9897594446 	 105.258732361 	 0 	 1 	 1 	 -1 
206.51		282.216 	 41.3470857473 	 107.368196209 	 0 	 0 	 1 	 1 
200.265		289.107 	 36.4424307253 	 119.551632812 	 0 	 1 	 1 	 -1 
197.068		296.329 	 39.7081576645 	 102.401941131 	 0 	 1 	 1 	 0 
197.068		303.67 	 60.5612745037 	 130.019636275 	 0 	 1 	 1 	 -1 
200.265		310.893 	 38.2466486253 	 102.070186334 	 0 	 0 	 1 	 -1 
206.511		317.784 	 43.8905614576 	 119.844754791 	 0 	 1 	 1 	 -1 
227.008		330 	 82.1587666141 	 80.5460247295 	 1 	 1 	 1 	 1 
240.57		335.209 	 48.0890236254 	 143.886013932 	 0 	 1 	 1 	 0 
231.161		340.893 	 41.7471915059 	 137.315273245 	 0 	 0 	 1 	 0 
224.195		346.996 	 35.0807417986 	 112.387547995 	 1 	 1 	 1 	 0 
219.909		353.413 	 52.2067552535 	 125.498610928 	 0 	 1 	 1 	 -1 
218.461		0 	 58.4449543416 	 76.7416225017 	 0 	 0 	 1 	 0 
219.909		6.58678 	 44.8698132032 	 130.951209345 	 1 	 1 	 1 	 -1 
224.195		13.0039 	 45.0477174584 	 117.698959728 	 1 	 0 	 1 	 -1 
231.161		19.1066 	 13.7990406699 	 23.7373405954 	 0 	 0 	 1 	 1 
240.57		24.7913 	 44.5659747388 	 111.100546912 	 0 	 0 	 1 	 0 
252.146		30 	 98.5778063176 	 105.482777345 	 0 	 1 	 1 	 1 
240.57		35.2087 	 112.578865975 	 249.925325773 	 1 	 1 	 1 	 0 
231.161		40.8934 	 28.2416202745 	 159.046064075 	 1 	 0 	 1 	 1 
224.195		46.9961 	 80.302366477 	 112.351359282 	 1 	 0 	 1 	 -1 
219.909		53.4132 	 172.31183336 	 123.051466207 	 1 	 1 	 1 	 -1 
218.461		60 	 128.661802165 	 60.5170350001 	 0 	 1 	 1 	 1 
219.909		66.5868 	 84.6456784732 	 7.47433772298 	 1 	 0 	 1 	 1 
224.195		73.0039 	 25.4508145412 	 111.418848366 	 0 	 0 	 1 	 -1 
231.161		79.1066 	 94.0197007955 	 61.5943478717 	 1 	 0 	 1 	 -1 
240.57		84.7913 	 77.3784697814 	 38.0366659545 	 0 	 0 	 1 	 1 
240.57		95.2087 	 36.6155726422 	 129.397883924 	 0 	 1 	 1 	 -1 
231.161		100.893 	 40.9670787754 	 132.415937155 	 0 	 1 	 1 	 1 
224.195		106.996 	 30.0078289629 	 123.311614858 	 0 	 0 	 1 	 -1 
219.909		113.413 	 51.6163599288 	 59.9186859036 	 0 	 1 	 1 	 -1 
218.461		120 	 25.8940647275 	 216.54779982 	 1 	 0 	 1 	 1 
219.909		126.587 	 141.634870543 	 131.552787851 	 1 	 1 	 1 	 -1 
224.195		133.004 	 54.8524108233 	 161.873051177 	 0 	 0 	 1 	 1 
231.161		139.107 	 67.745894711 	 120.587972217 	 0 	 1 	 1 	 1 
252.146		150 	 80.8256823938 	 116.570595444 	 0 	 1 	 1 	 -1 
240.57		155.209 	 66.7723510194 	 154.019918814 	 0 	 0 	 1 	 0 
231.16		160.893 	 31.1658666984 	 44.5515523314 	 0 	 1 	 1 	 0 
224.196		166.996 	 42.6270957877 	 194.474885561 	 0 	 1 	 1 	 0 
219.909		173.413 	 44.9601080569 	 101.564546613 	 1 	 1 	 1 	 1 
218.461		180 	 46.4973948657 	 12.6591265199 	 0 	 1 	 1 	 1 
219.909		186.587 	 100.37570685 	 109.180886205 	 0 	 0 	 1 	 1 
224.196		193.004 	 55.5387556024 	 103.057484862 	 1 	 1 	 1 	 0 
231.16		199.107 	 76.6603353335 	 115.072905108 	 0 	 1 	 1 	 0 
240.57		204.791 	 36.7616644988 	 108.564099818 	 1 	 0 	 1 	 1 
252.146		210 	 96.4521653715 	 158.040668425 	 0 	 0 	 1 	 -1 
240.57		215.209 	 105.348017506 	 110.819952358 	 0 	 0 	 1 	 1 
231.161		220.893 	 9.69363490384 	 77.3832741941 	 1 	 1 	 1 	 0 
224.196		226.996 	 29.2694421472 	 128.804283427 	 1 	 0 	 1 	 -1 
219.909		233.413 	 34.8340799287 	 106.26308738 	 0 	 1 	 1 	 0 
218.461		240 	 46.5849160934 	 64.2419395825 	 0 	 1 	 1 	 1 
219.909		246.587 	 95.7243958392 	 214.538684922 	 1 	 1 	 1 	 0 
224.195		253.004 	 41.6264270113 	 131.287107962 	 0 	 1 	 1 	 1 
231.16		259.107 	 65.8013893334 	 318.692238771 	 1 	 1 	 1 	 -1 
240.57		264.791 	 100.991305669 	 54.9578083822 	 1 	 0 	 1 	 -1 
252.146		270 	 46.0290114071 	 97.7281420427 	 0 	 0 	 1 	 -1 
240.57		275.209 	 39.7606547421 	 92.9041741737 	 1 	 1 	 1 	 -1 
231.16		280.893 	 33.4580562647 	 106.158308205 	 1 	 0 	 1 	 0 
224.195		286.996 	 139.874160612 	 141.844819631 	 0 	 1 	 1 	 0 
219.909		293.413 	 76.8380385333 	 179.569729236 	 1 	 1 	 1 	 0 
218.461		300 	 23.1061655855 	 85.0818473008 	 0 	 1 	 1 	 0 
219.909		306.587 	 59.5255510384 	 105.367988433 	 1 	 1 	 1 	 -1 
224.196		313.004 	 75.7563352671 	 160.128714407 	 1 	 1 	 1 	 -1 
231.161		319.107 	 120.015417766 	 125.784881653 	 1 	 0 	 1 	 0 
240.57		324.791 	 29.2097030791 	 158.260367912 	 1 	 0 	 1 	 -1 
252.146		330 	 44.7266487778 	 104.212690499 	 0 	 0 	 1 	 0 
265.601		334.715 	 66.5589371141 	 121.962670227 	 0 	 0 	 1 	 1 
255.886		339.826 	 17.2736200751 	 92.9617334217 	 0 	 1 	 1 	 1 
248.348		345.295 	 63.0384717817 	 94.862665938 	 1 	 0 	 1 	 -1 
243.191		351.052 	 27.5164004518 	 171.909702504 	 1 	 0 	 1 	 1 
240.57		356.996 	 93.5018086856 	 182.654290314 	 0 	 0 	 1 	 0 
240.57		3.00449 	 40.5671091029 	 50.1916970937 	 1 	 1 	 1 	 -1 
243.191		8.94827 	 65.4060522794 	 111.586653101 	 1 	 1 	 1 	 -1 
248.348		14.7047 	 75.4090704956 	 127.219116667 	 1 	 0 	 1 	 -1 
255.886		20.1736 	 89.1152377532 	 354.463281851 	 0 	 0 	 1 	 1 
265.601		25.285 	 36.7310296382 	 163.512475586 	 1 	 1 	 1 	 1 
277.258		30 	 37.6949891499 	 116.128449167 	 0 	 1 	 1 	 0 
265.601		34.715 	 43.3319280065 	 102.242130629 	 1 	 0 	 1 	 0 
255.887		39.8264 	 41.5030347294 	 98.9788038622 	 1 	 1 	 1 	 1 
248.348		45.2953 	 36.1281881477 	 112.953706611 	 0 	 0 	 1 	 0 
243.191		51.0517 	 127.916075986 	 143.210541631 	 1 	 0 	 1 	 1 
240.57		56.9955 	 63.2677401822 	 87.6455101382 	 0 	 1 	 1 	 1 
240.57		63.0045 	 51.4689708576 	 108.324418387 	 0 	 0 	 1 	 -1 
243.191		68.9483 	 31.0817300199 	 80.5697763848 	 0 	 1 	 1 	 1 
248.348		74.7047 	 61.2882090968 	 253.487147628 	 0 	 1 	 1 	 -1 
255.887		80.1736 	 65.8479865533 	 72.8928465942 	 0 	 1 	 1 	 0 
265.601		85.285 	 19.7766635688 	 161.665344076 	 0 	 1 	 1 	 1 
277.257		90 	 41.3798675086 	 111.649173541 	 0 	 0 	 1 	 1 
265.601		94.715 	 4.48230190963 	 231.453299383 	 1 	 0 	 1 	 0 
255.887		99.8264 	 45.1601964103 	 44.7471101939 	 1 	 1 	 1 	 -1 
248.348		105.295 	 12.5812977682 	 259.413900845 	 0 	 1 	 1 	 -1 
243.191		111.052 	 29.4745229377 	 110.571630451 	 0 	 1 	 1 	 -1 
240.57		116.996 	 46.5069122669 	 127.222457285 	 1 	 1 	 1 	 0 
240.57		123.005 	 117.031102832 	 165.270662851 	 1 	 0 	 1 	 -1 
243.191		128.948 	 34.8465043454 	 88.8776828966 	 1 	 0 	 1 	 -1 
248.348		134.705 	 68.9828584107 	 90.3970752936 	 1 	 0 	 1 	 1 
255.887		140.174 	 28.2901862057 	 98.5031691539 	 1 	 1 	 1 	 0 
265.6		145.285 	 58.742285182 	 22.4857174547 	 1 	 0 	 1 	 -1 
277.257		150 	 100.784306175 	 90.1999516305 	 0 	 0 	 1 	 0 
265.601		154.715 	 33.3116233149 	 222.824857727 	 0 	 0 	 1 	 0 
255.886		159.826 	 101.625604939 	 125.593165824 	 1 	 0 	 1 	 0 
248.348		165.295 	 47.9497828393 	 132.451686735 	 1 	 0 	 1 	 -1 
243.191		171.052 	 55.3237215504 	 71.6461238943 	 0 	 0 	 1 	 0 
240.57		176.996 	 48.9648972476 	 107.367709353 	 1 	 1 	 1 	 1 
240.57		183.005 	 44.5657175418 	 90.0265768403 	 1 	 1 	 1 	 -1 
243.191		188.948 	 44.0189067952 	 107.320029768 	 1 	 1 	 1 	 -1 
248.348		194.705 	 43.074423679 	 104.410805894 	 1 	 1 	 1 	 -1 
255.886		200.174 	 4.05230730121 	 80.5967235094 	 1 	 1 	 1 	 -1 
265.601		205.285 	 102.106732155 	 164.605474911 	 1 	 0 	 1 	 1 
277.258		210 	 29.2403509651 	 186.689864665 	 0 	 1 	 1 	 0 
265.6		214.715 	 45.3479694298 	 232.316715654 	 0 	 1 	 1 	 0 
255.887		219.826 	 153.341379259 	 95.6212064605 	 0 	 0 	 1 	 0 
248.348		225.295 	 28.7923281242 	 332.959692903 	 1 	 1 	 1 	 -1 
243.191		231.052 	 46.4448906403 	 97.3784688605 	 0 	 0 	 1 	 1 
240.57		236.995 	 41.7091885967 	 102.707389372 	 0 	 1 	 1 	 -1 
240.57		243.004 	 52.6500451979 	 106.496590093 	 0 	 1 	 1 	 1 
243.19		248.948 	 88.2159167721 	 102.790050574 	 1 	 0 	 1 	 1 
248.348		254.705 	 53.075922256 	 113.252453687 	 1 	 1 	 1 	 0 
255.886		260.174 	 127.501107203 	 42.3822150309 	 1 	 0 	 1 	 1 
265.601		265.285 	 93.1335398146 	 107.407655679 	 1 	 0 	 1 	 -1 
277.258		270 	 42.364147693 	 114.539606449 	 0 	 1 	 1 	 -1 
265.601		274.715 	 106.761158266 	 40.7168004049 	 0 	 0 	 1 	 1 
255.886		279.826 	 64.101575608 	 196.871152758 	 0 	 1 	 1 	 0 
248.348		285.295 	 64.0530455938 	 32.242140508 	 0 	 1 	 1 	 0 
243.19		291.052 	 72.9208625547 	 30.5802230481 	 1 	 0 	 1 	 0 
240.57		296.996 	 40.663404422 	 104.912193623 	 0 	 0 	 1 	 1 
240.57		303.004 	 37.6917785544 	 15.3251421955 	 1 	 0 	 1 	 -1 
243.191		308.948 	 62.8715259687 	 97.5975367885 	 1 	 0 	 1 	 0 
248.348		314.705 	 54.689937597 	 98.5646559133 	 1 	 0 	 1 	 0 
255.886		320.174 	 106.182200578 	 73.2237584712 	 1 	 1 	 1 	 1 
265.6		325.285 	 34.8738752658 	 116.659183947 	 1 	 0 	 1 	 -1 
277.258		330 	 30.3020506205 	 50.4351235772 	 0 	 1 	 1 	 1 
290.619		334.307 	 58.6293749941 	 103.561215421 	 0 	 0 	 1 	 0 
280.659		338.948 	 65.8520087869 	 304.033282308 	 1 	 1 	 1 	 1 
272.656		343.898 	 39.2253027159 	 64.9692323058 	 0 	 0 	 1 	 -1 
266.79		349.107 	 69.321235331 	 110.860837418 	 0 	 0 	 1 	 0 
263.206		354.504 	 41.3668350918 	 110.342330287 	 0 	 0 	 1 	 -1 
262.001		0 	 76.8098189345 	 155.583176202 	 0 	 0 	 1 	 0 
263.206		5.49637 	 84.9986033577 	 108.19394251 	 0 	 0 	 1 	 1 
266.79		10.8934 	 64.4405904098 	 114.068638638 	 0 	 1 	 1 	 1 
272.656		16.1021 	 81.4216163823 	 111.878243462 	 0 	 0 	 1 	 0 
280.659		21.0517 	 65.9105955382 	 42.0206039922 	 0 	 0 	 1 	 1 
290.619		25.6934 	 76.5918630963 	 113.325075583 	 1 	 0 	 1 	 1 
302.34		30 	 69.0769905041 	 64.1873415997 	 0 	 0 	 1 	 -1 
290.619		34.3066 	 53.3908793367 	 153.316491296 	 0 	 1 	 1 	 -1 
280.659		38.9483 	 120.79653225 	 113.616018269 	 0 	 0 	 1 	 0 
272.656		43.8979 	 6.96225280085 	 76.5556540599 	 1 	 0 	 1 	 -1 
266.789		49.1066 	 46.0084845938 	 116.210429907 	 0 	 0 	 1 	 -1 
263.206		54.5036 	 29.052086335 	 160.516820046 	 0 	 0 	 1 	 1 
262.001		60 	 24.3794136247 	 111.405163292 	 0 	 1 	 1 	 0 
263.206		65.4964 	 33.1540642757 	 104.328183141 	 1 	 1 	 1 	 1 
266.79		70.8934 	 125.794774869 	 44.4454824015 	 1 	 1 	 1 	 -1 
272.656		76.1021 	 41.6993325989 	 114.775425568 	 1 	 0 	 1 	 1 
280.659		81.0517 	 50.1687443635 	 274.593987932 	 1 	 0 	 1 	 -1 
290.619		85.6934 	 30.56248641 	 71.9529163668 	 1 	 0 	 1 	 1 
302.34		90 	 37.1129469271 	 141.058037243 	 1 	 1 	 1 	 1 
290.619		94.3066 	 13.4825727702 	 136.045276011 	 1 	 0 	 1 	 0 
280.659		98.9483 	 53.8185973346 	 106.963462339 	 1 	 1 	 1 	 0 
272.655		103.898 	 42.9746979828 	 121.064727715 	 0 	 1 	 1 	 1 
266.79		109.107 	 72.533065576 	 85.2733250178 	 1 	 0 	 1 	 1 
263.206		114.504 	 37.002253384 	 124.638969006 	 1 	 1 	 1 	 -1 
262		120 	 44.1511056267 	 94.5937487972 	 0 	 1 	 1 	 0 
263.206		125.496 	 33.709733129 	 119.943602975 	 0 	 1 	 1 	 0 
266.79		130.893 	 94.4453930197 	 24.4370886998 	 0 	 0 	 1 	 0 
272.655		136.102 	 43.566452894 	 106.894094369 	 1 	 0 	 1 	 1 
280.659		141.052 	 57.2200165273 	 72.6016538358 	 1 	 1 	 1 	 1 
290.619		145.693 	 99.3753992034 	 117.231625551 	 1 	 1 	 1 	 0 
302.34		150 	 165.602021723 	 115.27694336 	 1 	 0 	 1 	 0 
290.619		154.307 	 31.5321614998 	 327.704446879 	 1 	 0 	 1 	 1 
280.659		158.948 	 38.2340438555 	 192.563150539 	 1 	 1 	 1 	 0 
272.656		163.898 	 77.9102864476 	 125.326764825 	 1 	 0 	 1 	 0 
266.789		169.107 	 71.4429959973 	 77.3560788538 	 0 	 1 	 1 	 0 
263.206		174.504 	 41.0686036278 	 107.259159132 	 0 	 0 	 1 	 0 
262.001		180 	 122.115592491 	 36.8946470776 	 0 	 1 	 1 	 0 
263.206		185.496 	 82.7917094414 	 105.142206423 	 1 	 0 	 1 	 -1 
266.789		190.893 	 107.008264921 	 108.698512573 	 1 	 1 	 1 	 0 
272.656		196.102 	 102.36247427 	 120.009901115 	 1 	 0 	 1 	 1 
280.659		201.052 	 106.815149454 	 53.9088837941 	 1 	 1 	 1 	 0 
290.619		205.693 	 62.1298653816 	 114.43995914 	 1 	 0 	 1 	 0 
302.34		210 	 66.3179923387 	 54.9824579099 	 1 	 0 	 1 	 1 
290.619		214.307 	 42.4863600288 	 109.162165399 	 0 	 1 	 1 	 -1 
280.658		218.948 	 59.6569559826 	 155.759317108 	 1 	 1 	 1 	 1 
272.656		223.898 	 71.7346661281 	 131.689326297 	 1 	 0 	 1 	 1 
266.79		229.107 	 41.3100043536 	 112.582484156 	 0 	 0 	 1 	 -1 
263.206		234.504 	 39.8220150116 	 98.2071334528 	 0 	 1 	 1 	 1 
262		240 	 28.117949088 	 134.48664107 	 0 	 1 	 1 	 0 
263.206		245.496 	 119.534054853 	 119.679914309 	 0 	 1 	 1 	 0 
266.789		250.893 	 15.958590422 	 155.530309015 	 1 	 0 	 1 	 -1 
272.656		256.102 	 77.7957588904 	 127.801785488 	 1 	 0 	 1 	 1 
280.659		261.052 	 97.4169144249 	 112.609084396 	 0 	 1 	 1 	 1 
290.62		265.693 	 98.2604380843 	 125.323310554 	 1 	 1 	 1 	 0 
302.34		270 	 29.1195223954 	 145.337262577 	 0 	 0 	 1 	 1 
290.62		274.307 	 115.770186196 	 94.0896454582 	 0 	 0 	 1 	 -1 
280.659		278.948 	 80.9791367085 	 174.208128267 	 1 	 1 	 1 	 -1 
272.656		283.898 	 43.2690482046 	 105.889175813 	 1 	 1 	 1 	 -1 
266.789		289.107 	 41.1542688829 	 105.645433289 	 0 	 0 	 1 	 0 
263.206		294.504 	 91.1809110415 	 122.890091769 	 0 	 0 	 1 	 -1 
262		300 	 35.3183381071 	 131.220036261 	 0 	 1 	 1 	 0 
263.206		305.496 	 76.7161036454 	 144.483562137 	 0 	 1 	 1 	 0 
266.79		310.893 	 55.4861790835 	 17.617709097 	 0 	 0 	 1 	 1 
272.656		316.102 	 40.8613529775 	 110.257366234 	 0 	 1 	 1 	 1 
280.659		321.052 	 34.6332796302 	 109.144794736 	 0 	 0 	 1 	 -1 
290.619		325.693 	 52.9300042318 	 80.3782809708 	 0 	 0 	 1 	 0 
302.34		330 	 57.1497416677 	 124.013012893 	 1 	 0 	 1 	 1 
315.62		333.963 	 106.474731177 	 85.0140422136 	 0 	 1 	 1 	 -1 
305.457		338.213 	 18.0217809811 	 88.1494718004 	 0 	 0 	 1 	 1 
297.071		342.731 	 24.4279105558 	 222.864200903 	 0 	 0 	 1 	 0 
290.619		347.48 	 104.923683018 	 132.701520793 	 1 	 0 	 1 	 1 
286.236		352.411 	 38.911919187 	 103.202413002 	 0 	 1 	 1 	 -1 
284.018		357.457 	 59.5034155047 	 92.3428648955 	 0 	 0 	 1 	 0 
284.018		2.54292 	 52.6564795379 	 126.178380323 	 0 	 1 	 1 	 0 
286.236		7.58909 	 71.4524690442 	 333.932397453 	 0 	 1 	 1 	 0 
290.619		12.5198 	 66.3074564855 	 137.264906932 	 0 	 1 	 1 	 1 
297.071		17.2695 	 89.5755190423 	 20.5175506908 	 1 	 0 	 1 	 0 
305.457		21.7868 	 36.0441457569 	 22.2075264567 	 1 	 0 	 1 	 1 
315.62		26.0368 	 110.792703976 	 133.631150326 	 0 	 0 	 1 	 -1 
327.39		30 	 113.92392669 	 127.432679841 	 0 	 0 	 1 	 -1 
305.457		38.2132 	 77.7939363976 	 166.625193283 	 0 	 1 	 1 	 1 
297.071		42.7305 	 30.3762347923 	 221.359751431 	 0 	 1 	 1 	 0 
290.619		47.4802 	 70.4543640098 	 76.0293683053 	 1 	 0 	 1 	 1 
286.236		52.4109 	 27.4178065213 	 96.1700368747 	 0 	 0 	 1 	 -1 
284.018		57.4571 	 72.4687210564 	 65.5892083723 	 1 	 0 	 1 	 -1 
284.018		62.5429 	 60.3493695558 	 131.125208538 	 1 	 0 	 1 	 -1 
286.236		67.5891 	 49.4863685376 	 125.185038971 	 1 	 0 	 1 	 1 
290.619		72.5198 	 38.1771436271 	 126.790764892 	 1 	 1 	 1 	 0 
297.071		77.2695 	 35.7605015374 	 122.767617741 	 1 	 0 	 1 	 0 
305.457		81.7868 	 99.2508074401 	 93.9069502262 	 0 	 1 	 1 	 0 
315.62		86.0368 	 36.2382877777 	 69.1419332213 	 1 	 1 	 1 	 1 
327.39		90 	 53.0051538342 	 336.005313017 	 1 	 0 	 1 	 0 
315.62		93.9632 	 40.377627288 	 118.540507647 	 1 	 0 	 1 	 -1 
305.457		98.2132 	 41.375583287 	 107.330852841 	 1 	 0 	 1 	 0 
297.071		102.731 	 105.797548576 	 137.298153834 	 0 	 1 	 1 	 1 
290.619		107.48 	 74.9169499326 	 97.9452288066 	 1 	 1 	 1 	 1 
286.236		112.411 	 68.7150870646 	 303.917202062 	 0 	 1 	 1 	 -1 
284.018		117.457 	 81.7128145705 	 102.945628566 	 1 	 0 	 1 	 -1 
284.018		122.543 	 60.1436171431 	 109.160804605 	 1 	 1 	 1 	 -1 
286.236		127.589 	 34.0555357559 	 327.58299164 	 1 	 0 	 1 	 0 
290.62		132.52 	 54.8731592938 	 324.852812443 	 1 	 0 	 1 	 0 
297.071		137.269 	 10.9749741632 	 107.731998819 	 0 	 1 	 1 	 0 
305.457		141.787 	 31.7187043746 	 337.361837076 	 0 	 0 	 1 	 1 
315.62		146.037 	 60.8000896855 	 97.8366527673 	 0 	 0 	 1 	 0 
327.39		150 	 42.0981360624 	 142.015843457 	 1 	 0 	 1 	 1 
315.619		153.963 	 66.0609751261 	 214.690966725 	 0 	 1 	 1 	 1 
305.457		158.213 	 22.2156237286 	 83.8862799695 	 0 	 1 	 1 	 -1 
297.071		162.731 	 54.6569338487 	 161.122079665 	 1 	 0 	 1 	 -1 
290.62		167.48 	 47.3578973102 	 308.965457321 	 1 	 1 	 1 	 -1 
286.236		172.411 	 39.9730864332 	 100.06708222 	 0 	 0 	 1 	 1 
284.019		177.457 	 33.3195981476 	 123.584701464 	 0 	 0 	 1 	 -1 
284.019		182.543 	 36.6546081602 	 339.333393284 	 1 	 0 	 1 	 0 
286.236		187.589 	 47.7192396059 	 114.178622216 	 0 	 1 	 1 	 1 
290.62		192.52 	 20.648263327 	 164.354648271 	 1 	 1 	 1 	 0 
297.071		197.269 	 42.3943937079 	 119.15053422 	 1 	 1 	 1 	 0 
305.457		201.787 	 90.3188362338 	 55.7769346983 	 0 	 1 	 1 	 1 
315.62		206.037 	 43.6365765923 	 107.954045062 	 0 	 0 	 1 	 -1 
327.39		210 	 37.3045384096 	 166.085881948 	 0 	 0 	 1 	 0 
315.62		213.963 	 65.2894365868 	 76.4591638643 	 1 	 1 	 1 	 1 
305.457		218.213 	 42.7998477321 	 107.561329509 	 1 	 0 	 1 	 1 
297.071		222.731 	 28.3383392912 	 123.871119163 	 1 	 1 	 1 	 0 
290.619		227.48 	 134.248350077 	 117.80384208 	 0 	 0 	 1 	 0 
286.236		232.411 	 62.7864221652 	 113.553967786 	 1 	 1 	 1 	 -1 
284.018		237.457 	 74.2262728093 	 98.7545233314 	 0 	 0 	 1 	 -1 
284.019		242.543 	 47.5412951212 	 82.4803462807 	 0 	 0 	 1 	 1 
286.236		247.589 	 67.9874825822 	 102.295987772 	 1 	 1 	 1 	 1 
290.62		252.52 	 93.5109498166 	 125.207817683 	 0 	 0 	 1 	 0 
297.071		257.269 	 25.8984700508 	 149.606377996 	 0 	 0 	 1 	 0 
305.457		261.787 	 38.9206562551 	 108.240280687 	 0 	 0 	 1 	 -1 
315.62		266.037 	 75.839781095 	 74.9508267564 	 1 	 1 	 1 	 -1 
327.39		270 	 46.7445587452 	 181.69491097 	 0 	 1 	 1 	 -1 
315.62		273.963 	 41.6645400221 	 106.057685373 	 0 	 0 	 1 	 1 
305.457		278.213 	 31.1533067048 	 136.808283309 	 0 	 1 	 1 	 -1 
297.071		282.731 	 102.871237183 	 60.7965040514 	 1 	 0 	 1 	 1 
290.62		287.48 	 44.0076357689 	 108.038816639 	 0 	 1 	 1 	 -1 
286.236		292.411 	 77.5904817268 	 97.2546661361 	 0 	 0 	 1 	 -1 
284.019		297.457 	 45.1187753251 	 106.936649226 	 1 	 0 	 1 	 1 
284.018		302.543 	 14.6350762777 	 67.9065260136 	 0 	 0 	 1 	 -1 
286.236		307.589 	 70.6353993246 	 161.030833926 	 1 	 1 	 1 	 0 
290.619		312.52 	 41.8993210948 	 41.2916132922 	 0 	 0 	 1 	 1 
297.071		317.269 	 61.9493450342 	 122.821863619 	 1 	 0 	 1 	 1 
305.457		321.787 	 33.7826674027 	 44.8768349775 	 0 	 1 	 1 	 -1 
327.39		330 	 48.338368543 	 111.531344112 	 0 	 0 	 1 	 1 
340.597		333.67 	 66.7376366016 	 137.504836275 	 0 	 1 	 1 	 -1 
330.266		337.589 	 62.7804778929 	 143.373452987 	 1 	 0 	 1 	 0 
321.56		341.742 	 75.1815766068 	 83.9742137518 	 0 	 0 	 1 	 1 
314.619		346.102 	 145.93009374 	 182.579155349 	 0 	 1 	 1 	 -1 
309.563		350.633 	 85.2304796093 	 182.072927657 	 0 	 0 	 1 	 -1 
306.489		355.285 	 51.4770280555 	 130.743075071 	 1 	 1 	 1 	 -1 
305.457		0 	 49.0243182226 	 293.946029261 	 0 	 1 	 1 	 0 
306.489		4.715 	 64.8215126582 	 162.060050296 	 0 	 1 	 1 	 1 
309.563		9.367 	 41.6641439839 	 86.472677131 	 1 	 1 	 1 	 0 
314.619		13.8979 	 41.6667502227 	 107.282191868 	 0 	 0 	 1 	 1 
321.56		18.2585 	 36.9948393565 	 111.836892538 	 1 	 0 	 1 	 -1 
330.266		22.4109 	 81.5073789313 	 60.5094351171 	 0 	 0 	 1 	 -1 
340.597		26.3295 	 46.2999406325 	 80.5775420244 	 1 	 0 	 1 	 1 
352.406		30 	 73.6570000976 	 115.788407766 	 0 	 1 	 1 	 -1 
340.597		33.6705 	 71.5143253449 	 79.8995186251 	 0 	 1 	 1 	 0 
330.266		37.5891 	 41.6183164051 	 107.039773553 	 1 	 1 	 1 	 0 
321.56		41.7415 	 77.5794668351 	 181.628661446 	 1 	 0 	 1 	 1 
314.619		46.1021 	 94.2440885172 	 124.542864701 	 0 	 0 	 1 	 -1 
309.563		50.633 	 24.4399501908 	 9.99592553112 	 1 	 0 	 1 	 0 
306.489		55.285 	 101.989722743 	 71.254983771 	 1 	 0 	 1 	 1 
305.457		60 	 68.8868806265 	 94.751749399 	 0 	 0 	 1 	 -1 
306.489		64.715 	 34.1118489123 	 98.4940083896 	 0 	 1 	 1 	 0 
309.563		69.367 	 68.1278952732 	 129.469098459 	 0 	 1 	 1 	 -1 
314.619		73.8979 	 37.5215634322 	 172.15399534 	 0 	 0 	 1 	 0 
321.56		78.2585 	 59.4830462994 	 179.883740581 	 1 	 0 	 1 	 0 
330.266		82.4109 	 14.683471761 	 118.80236173 	 1 	 0 	 1 	 0 
340.597		86.3295 	 64.4342395718 	 142.701903386 	 1 	 0 	 1 	 0 
352.406		90 	 29.5222650772 	 130.651979251 	 1 	 0 	 1 	 0 
340.597		93.6705 	 55.6859720522 	 73.1934165906 	 0 	 0 	 1 	 -1 
330.266		97.5891 	 41.6073363705 	 106.52262903 	 1 	 1 	 1 	 1 
321.56		101.742 	 88.8190919814 	 166.15744591 	 1 	 0 	 1 	 0 
314.619		106.102 	 23.2069291241 	 280.618340207 	 1 	 0 	 1 	 -1 
309.563		110.633 	 41.385687645 	 88.1127308963 	 0 	 1 	 1 	 0 
306.489		115.285 	 111.872959246 	 122.511972852 	 0 	 0 	 1 	 1 
305.457		120 	 27.9869194388 	 119.878186403 	 0 	 0 	 1 	 1 
306.489		124.715 	 81.1490290171 	 157.792707553 	 1 	 1 	 1 	 0 
309.563		129.367 	 78.457855383 	 97.8296057857 	 0 	 1 	 1 	 1 
314.619		133.898 	 74.7018383812 	 61.1018276092 	 0 	 1 	 1 	 -1 
321.56		138.258 	 93.8669791237 	 120.825526858 	 0 	 1 	 1 	 0 
330.266		142.411 	 8.44320389524 	 47.8991994374 	 1 	 1 	 1 	 0 
340.597		146.329 	 94.3158991661 	 70.9616375772 	 1 	 1 	 1 	 0 
352.406		150 	 23.8312084607 	 33.3718244239 	 1 	 1 	 1 	 -1 
340.597		153.671 	 7.31788128899 	 283.927097176 	 1 	 0 	 1 	 1 
330.266		157.589 	 52.3896599041 	 82.9923231763 	 0 	 0 	 1 	 1 
321.561		161.742 	 55.4598291754 	 107.130351936 	 0 	 1 	 1 	 -1 
314.618		166.102 	 139.782777665 	 131.491206495 	 0 	 0 	 1 	 -1 
309.563		170.633 	 96.6474034744 	 64.3505756343 	 1 	 1 	 1 	 0 
306.488		175.285 	 53.7263698188 	 91.9896396115 	 1 	 1 	 1 	 0 
305.457		180 	 44.8581254591 	 77.297776359 	 0 	 0 	 1 	 1 
306.488		184.715 	 46.9370040229 	 38.2136752727 	 1 	 0 	 1 	 1 
309.563		189.367 	 26.656660477 	 109.920048183 	 0 	 0 	 1 	 0 
314.618		193.898 	 92.3106299361 	 115.227007495 	 0 	 0 	 1 	 -1 
321.561		198.258 	 40.2120394151 	 106.796732937 	 0 	 1 	 1 	 1 
330.266		202.411 	 45.9306012079 	 114.207863523 	 0 	 0 	 1 	 1 
340.597		206.329 	 84.6765578324 	 182.831133699 	 1 	 1 	 1 	 -1 
352.406		210 	 78.3832955508 	 125.326074814 	 1 	 0 	 1 	 -1 
330.266		217.589 	 43.4372110267 	 125.014031265 	 1 	 1 	 1 	 -1 
321.56		221.742 	 59.9920345679 	 104.976261076 	 0 	 1 	 1 	 1 
314.619		226.102 	 61.959116349 	 357.669028877 	 1 	 1 	 1 	 -1 
309.563		230.633 	 41.2467862584 	 105.417606289 	 1 	 1 	 1 	 -1 
306.489		235.285 	 56.6508421762 	 36.2548644225 	 1 	 1 	 1 	 -1 
305.456		240 	 72.3938726275 	 106.366398683 	 1 	 0 	 1 	 -1 
306.488		244.715 	 54.2047372396 	 104.412551986 	 1 	 0 	 1 	 0 
309.563		249.367 	 104.526530788 	 93.5899997752 	 1 	 0 	 1 	 1 
314.619		253.898 	 45.3393074397 	 145.662922993 	 1 	 1 	 1 	 1 
321.56		258.258 	 46.1273098111 	 310.004450849 	 0 	 0 	 1 	 1 
330.266		262.411 	 20.0263082282 	 94.9994888869 	 0 	 0 	 1 	 -1 
340.597		266.33 	 51.3028301641 	 78.909423376 	 1 	 1 	 1 	 0 
340.597		273.671 	 39.2079327383 	 179.080516198 	 1 	 1 	 1 	 0 
330.266		277.589 	 72.0456688464 	 185.517456461 	 0 	 1 	 1 	 -1 
321.56		281.742 	 71.3355160723 	 56.5638178892 	 1 	 0 	 1 	 1 
314.619		286.102 	 47.2894856567 	 98.5106366121 	 1 	 1 	 1 	 0 
309.563		290.633 	 97.3852293261 	 30.1865651648 	 0 	 0 	 1 	 1 
306.488		295.285 	 30.8778212911 	 102.506034559 	 1 	 1 	 1 	 -1 
305.457		300 	 83.1835613788 	 72.6474391285 	 0 	 1 	 1 	 0 
306.489		304.715 	 44.8944725649 	 107.418044063 	 1 	 0 	 1 	 0 
309.563		309.367 	 55.0182251418 	 339.953514657 	 1 	 1 	 1 	 -1 
314.619		313.898 	 59.7889864643 	 221.299642005 	 0 	 0 	 1 	 0 
321.56		318.258 	 117.33348592 	 103.999223727 	 0 	 0 	 1 	 0 
330.266		322.411 	 82.4454602908 	 202.149767966 	 0 	 0 	 1 	 1 
340.597		326.33 	 31.4770015561 	 130.298595868 	 0 	 0 	 1 	 1 
352.406		330 	 42.9863009175 	 79.9921828877 	 1 	 1 	 1 	 0 
365.546		333.418 	 110.208768391 	 111.278061141 	 1 	 0 	 1 	 0 
355.074		337.053 	 48.9238405401 	 119.981221676 	 1 	 0 	 1 	 0 
346.099		340.893 	 37.7754675253 	 104.240594117 	 1 	 1 	 1 	 0 
338.742		344.921 	 25.8438926589 	 99.7280954952 	 0 	 0 	 1 	 0 
333.116		349.107 	 60.0497699268 	 101.105650166 	 0 	 0 	 1 	 1 
329.31		353.413 	 38.1250034189 	 106.599047455 	 1 	 1 	 1 	 -1 
327.39		357.796 	 69.0213448023 	 341.381701341 	 0 	 0 	 1 	 0 
327.39		2.20423 	 131.161252847 	 103.490577504 	 0 	 1 	 1 	 -1 
329.31		6.58678 	 14.50295269 	 90.5740661962 	 1 	 0 	 1 	 0 
333.116		10.8934 	 48.3172878892 	 159.749260682 	 0 	 0 	 1 	 -1 
338.742		15.0791 	 84.9659109496 	 32.9705625212 	 0 	 0 	 1 	 0 
346.099		19.1066 	 64.0418208966 	 79.3677167122 	 0 	 1 	 1 	 1 
355.074		22.9473 	 88.9046656368 	 88.3914972575 	 0 	 1 	 1 	 0 
365.546		26.582 	 103.903951051 	 92.7607558589 	 1 	 0 	 1 	 -1 
377.385		30 	 25.935609717 	 8.2526514394 	 1 	 0 	 1 	 0 
365.546		33.418 	 116.319809022 	 258.124276662 	 1 	 1 	 1 	 -1 
355.074		37.0527 	 43.6737287555 	 89.2381004811 	 1 	 0 	 1 	 0 
346.099		40.8934 	 84.1805131963 	 111.453855366 	 1 	 1 	 1 	 0 
338.743		44.9209 	 55.332403011 	 141.947792344 	 1 	 0 	 1 	 1 
333.116		49.1066 	 42.5763561449 	 108.006969324 	 0 	 1 	 1 	 0 
329.31		53.4132 	 80.365469014 	 42.454505707 	 1 	 1 	 1 	 1 
327.39		57.7958 	 45.4376175296 	 105.967753523 	 1 	 1 	 1 	 -1 
327.39		62.2042 	 26.3199469648 	 110.400224109 	 1 	 1 	 1 	 1 
329.31		66.5868 	 62.4091654172 	 124.457678503 	 1 	 0 	 1 	 -1 
333.116		70.8934 	 70.226894235 	 113.815138619 	 1 	 0 	 1 	 1 
338.742		75.0791 	 43.081370213 	 103.607080804 	 1 	 0 	 1 	 0 
346.099		79.1066 	 29.4185349887 	 199.307326905 	 0 	 1 	 1 	 0 
355.074		82.9473 	 62.4220881606 	 127.113387908 	 1 	 1 	 1 	 1 
