25.2587		30 	 16.534023025 	 65.435870705 	 1 	 0 	 1 	 1 
25.2587		90 	 20.9375274163 	 122.514607538 	 1 	 1 	 1 	 -1 
25.2587		150 	 19.2566345098 	 124.281667198 	 1 	 0 	 1 	 0 
25.2587		210 	 35.4295197176 	 -163.192339546 	 0 	 0 	 1 	 0 
25.2587		270 	 21.7468100704 	 -123.66311217 	 1 	 1 	 1 	 -1 
43.7478		0 	 34.294679639 	 16.8424028561 	 1 	 0 	 1 	 -1 
50.5147		30 	 51.5070229798 	 46.8071978973 	 1 	 0 	 1 	 -1 
43.7478		60 	 53.7671621615 	 67.4748526384 	 1 	 1 	 1 	 0 
50.5147		90 	 69.6532597205 	 94.7919405896 	 0 	 0 	 1 	 1 
43.7478		120 	 57.6407013637 	 137.599558811 	 1 	 1 	 1 	 -1 
50.5147		150 	 58.6950535012 	 157.914553568 	 1 	 1 	 1 	 -1 
43.7478		180 	 56.4192413305 	 165.674631063 	 0 	 0 	 1 	 -1 
50.5147		210 	 45.12228969 	 -169.077138779 	 0 	 1 	 1 	 1 
43.7478		240 	 45.1682760882 	 -148.996273732 	 1 	 0 	 1 	 -1 
43.7478		300 	 45.1447439783 	 -38.6576268161 	 1 	 1 	 1 	 0 
50.5148		330 	 67.8444024173 	 -40.5680128274 	 0 	 0 	 1 	 0 
66.8212		349.107 	 77.2086638929 	 -23.4871012338 	 1 	 0 	 1 	 1 
66.8212		10.8934 	 46.1941732125 	 13.5023153422 	 1 	 0 	 1 	 -1 
75.7654		30 	 91.4347531223 	 22.2766596943 	 0 	 0 	 1 	 1 
66.8212		49.1066 	 68.5368316759 	 56.4501871188 	 1 	 1 	 1 	 -1 
66.8212		70.8934 	 71.1416196116 	 55.4705195254 	 1 	 1 	 1 	 1 
75.7654		90 	 83.7281738312 	 81.0109338912 	 0 	 1 	 1 	 -1 
66.8212		109.107 	 70.3461742757 	 120.498197835 	 1 	 1 	 1 	 1 
66.8212		130.893 	 55.6516021002 	 133.503000689 	 1 	 0 	 1 	 -1 
75.7654		150 	 74.288491264 	 136.283871547 	 0 	 1 	 1 	 0 
66.8212		169.107 	 64.4948805829 	 -176.049787878 	 1 	 1 	 1 	 0 
66.8212		190.893 	 67.6441862562 	 -162.517712372 	 1 	 0 	 1 	 1 
66.8212		229.107 	 78.3581645246 	 -124.085737324 	 1 	 0 	 1 	 -1 
66.8212		250.893 	 72.9526857379 	 -103.230152775 	 0 	 0 	 1 	 -1 
75.7654		270 	 72.126253721 	 -103.844496201 	 1 	 1 	 1 	 0 
66.8212		289.107 	 65.2847285856 	 -79.1754739803 	 0 	 1 	 1 	 0 
66.8212		310.893 	 69.0611001528 	 -55.1886921255 	 0 	 0 	 1 	 1 
75.7654		330 	 82.554697525 	 -34.6103693579 	 1 	 1 	 1 	 1 
91.0523		343.898 	 102.676755736 	 -15.0063822108 	 0 	 0 	 1 	 1 
87.4818		0 	 104.041928973 	 3.00115233419 	 1 	 1 	 1 	 -1 
91.0523		16.1021 	 92.1267058796 	 20.7846520393 	 0 	 1 	 1 	 -1 
101.008		30 	 101.72479053 	 36.1919991932 	 0 	 1 	 1 	 1 
91.0523		43.8979 	 76.2408385484 	 37.4971992347 	 1 	 1 	 1 	 0 
87.4818		60 	 102.945690218 	 61.7965268793 	 0 	 0 	 1 	 -1 
91.0523		76.1021 	 72.4875084883 	 76.676624626 	 0 	 0 	 1 	 0 
91.0523		103.898 	 102.359316956 	 98.2249785064 	 1 	 1 	 1 	 1 
87.4818		120 	 78.4031502962 	 112.513436193 	 0 	 0 	 1 	 0 
91.0523		136.102 	 93.3615068414 	 126.408720325 	 1 	 1 	 1 	 0 
91.0523		163.898 	 82.8205439854 	 168.79528375 	 0 	 0 	 1 	 1 
87.4818		180 	 98.5168009299 	 -172.120796504 	 1 	 1 	 1 	 0 
91.0523		196.102 	 104.534665492 	 -164.431752319 	 1 	 1 	 1 	 1 
101.008		210 	 119.992344677 	 -151.165124652 	 1 	 1 	 1 	 -1 
91.0523		223.898 	 104.788226037 	 -144.0340707 	 0 	 0 	 1 	 0 
87.4818		240 	 86.2822948596 	 -114.730709898 	 0 	 1 	 1 	 0 
91.0523		256.102 	 78.362551773 	 -102.9053694 	 1 	 1 	 1 	 0 
101.008		270 	 108.014793138 	 -98.0484294342 	 0 	 1 	 1 	 -1 
91.0523		283.898 	 93.2261109948 	 -67.6665807314 	 0 	 1 	 1 	 1 
87.4817		300 	 79.9680068811 	 -55.070541728 	 0 	 0 	 1 	 0 
91.0523		316.102 	 99.1232998176 	 -44.6241008613 	 1 	 0 	 1 	 -1 
101.008		330 	 117.934155407 	 -27.9139296087 	 1 	 0 	 1 	 1 
115.709		340.893 	 96.3557891271 	 -18.5895295284 	 1 	 0 	 1 	 -1 
110.065		353.413 	 94.3130266366 	 -12.8707627672 	 0 	 1 	 1 	 -1 
110.065		6.58677 	 96.4305245637 	 0.301977229031 	 0 	 0 	 1 	 -1 
115.709		19.1066 	 117.71819047 	 27.9900083322 	 1 	 0 	 1 	 1 
126.24		30 	 109.747580965 	 31.9872891342 	 0 	 0 	 1 	 1 
115.709		40.8934 	 130.210974694 	 41.96511457 	 0 	 0 	 1 	 -1 
110.065		53.4132 	 121.338072768 	 54.0564271044 	 0 	 0 	 1 	 1 
110.065		66.5868 	 117.440367391 	 67.4356124814 	 1 	 0 	 1 	 0 
115.709		79.1066 	 126.821469245 	 76.1746567863 	 0 	 0 	 1 	 -1 
126.24		90 	 136.229125541 	 82.0017084391 	 1 	 1 	 1 	 0 
115.709		100.893 	 124.82730653 	 99.171009817 	 1 	 1 	 1 	 -1 
110.065		113.413 	 129.017591156 	 116.097977275 	 1 	 0 	 1 	 0 
110.065		126.587 	 99.2593857282 	 134.50719041 	 1 	 1 	 1 	 0 
115.709		139.107 	 126.859414885 	 138.744574668 	 0 	 1 	 1 	 -1 
126.24		150 	 136.976444827 	 153.53152513 	 0 	 1 	 1 	 1 
115.709		160.893 	 127.814773356 	 165.384848289 	 0 	 0 	 1 	 -1 
110.066		173.413 	 93.1510371354 	 -179.597700201 	 0 	 1 	 1 	 0 
110.066		186.587 	 116.103637 	 -176.192972201 	 1 	 1 	 1 	 0 
115.709		199.107 	 96.1577167471 	 -163.197501452 	 1 	 1 	 1 	 1 
126.24		210 	 118.521370446 	 -147.86849216 	 1 	 1 	 1 	 0 
115.709		220.893 	 116.013131692 	 -146.393640484 	 1 	 0 	 1 	 -1 
110.065		233.413 	 102.727211869 	 -125.126561045 	 1 	 0 	 1 	 0 
110.065		246.587 	 107.490986707 	 -121.058975045 	 1 	 1 	 1 	 1 
115.709		259.107 	 137.639548524 	 -102.9476603 	 1 	 0 	 1 	 1 
126.24		270 	 131.507538779 	 -80.4385199238 	 1 	 0 	 1 	 1 
115.709		280.893 	 109.586711229 	 -70.7318360724 	 1 	 1 	 1 	 1 
110.065		293.413 	 122.328965871 	 -58.2779658799 	 0 	 0 	 1 	 0 
110.065		306.587 	 101.35386092 	 -46.8428659777 	 1 	 0 	 1 	 0 
115.709		319.107 	 117.505127714 	 -44.7085886796 	 0 	 0 	 1 	 1 
126.24		330 	 124.55653389 	 -21.8369116378 	 1 	 1 	 1 	 0 
140.56		338.948 	 161.02773385 	 -23.5144931769 	 1 	 0 	 1 	 -1 
133.593		349.107 	 129.489489046 	 -15.9769111419 	 0 	 1 	 1 	 0 
131.188		0 	 120.417618093 	 -1.25324412562 	 1 	 1 	 1 	 0 
133.593		10.8934 	 152.957720027 	 7.56000487161 	 1 	 1 	 1 	 0 
140.56		21.0517 	 121.591440072 	 16.718346746 	 0 	 1 	 1 	 1 
151.459		30 	 142.352964534 	 28.2232267796 	 1 	 0 	 1 	 -1 
140.56		38.9483 	 146.804299378 	 42.9225439827 	 1 	 0 	 1 	 0 
133.593		49.1066 	 130.18470425 	 40.4711967032 	 0 	 0 	 1 	 0 
131.188		60 	 116.204338732 	 59.4619903901 	 0 	 1 	 1 	 -1 
133.593		70.8934 	 139.690896275 	 65.7704927659 	 0 	 1 	 1 	 1 
140.56		81.0517 	 144.731796384 	 87.155203916 	 1 	 1 	 1 	 1 
151.459		90 	 136.570022246 	 93.6771012024 	 1 	 0 	 1 	 -1 
140.56		98.9483 	 155.417587016 	 105.402994507 	 1 	 1 	 1 	 -1 
133.593		109.107 	 140.599766632 	 106.758690868 	 0 	 0 	 1 	 0 
131.188		120 	 145.36606446 	 120.983605385 	 1 	 1 	 1 	 -1 
133.593		130.893 	 142.812192933 	 129.976439134 	 1 	 1 	 1 	 0 
140.56		141.052 	 127.7529876 	 141.941642055 	 1 	 0 	 1 	 -1 
151.459		150 	 158.130535072 	 144.01407858 	 1 	 0 	 1 	 0 
140.56		158.948 	 148.969114884 	 161.175338466 	 0 	 0 	 1 	 1 
133.593		169.107 	 142.837101284 	 164.14688736 	 1 	 0 	 1 	 -1 
131.188		180 	 116.525418484 	 178.501007605 	 1 	 0 	 1 	 1 
133.593		190.893 	 128.535510872 	 -177.423963817 	 0 	 0 	 1 	 -1 
140.56		201.052 	 134.717295386 	 -153.832352643 	 1 	 1 	 1 	 1 
151.459		210 	 154.68423526 	 -154.807888208 	 0 	 1 	 1 	 -1 
140.56		218.948 	 159.6795116 	 -139.995039828 	 1 	 1 	 1 	 -1 
133.593		229.107 	 142.373861312 	 -132.954645067 	 0 	 0 	 1 	 1 
131.188		240 	 133.895953132 	 -116.492111468 	 0 	 0 	 1 	 -1 
133.592		250.893 	 143.815896987 	 -111.236127534 	 1 	 0 	 1 	 -1 
140.56		261.052 	 151.314115517 	 -96.8655955329 	 1 	 1 	 1 	 -1 
151.459		270 	 149.934317807 	 -83.6857838529 	 1 	 0 	 1 	 0 
140.56		278.948 	 130.405974402 	 -79.2929252034 	 1 	 1 	 1 	 0 
133.592		289.107 	 142.265657253 	 -62.7123668979 	 0 	 0 	 1 	 0 
131.188		300 	 137.119127338 	 -64.675750086 	 0 	 0 	 1 	 -1 
133.593		310.893 	 116.357438241 	 -51.4535931839 	 0 	 1 	 1 	 1 
140.56		321.052 	 145.324814075 	 -41.9951231366 	 0 	 1 	 1 	 -1 
151.459		330 	 153.033230391 	 -25.3381390227 	 1 	 1 	 1 	 -1 
165.51		337.589 	 151.933688043 	 -17.1516488046 	 1 	 0 	 1 	 -1 
157.635		346.102 	 165.641045979 	 -10.1910956909 	 1 	 0 	 1 	 1 
153.545		355.285 	 161.051811998 	 -0.948945432408 	 0 	 1 	 1 	 -1 
153.545		4.715 	 159.824679828 	 9.70493409329 	 0 	 0 	 1 	 0 
157.635		13.8979 	 149.261554974 	 15.0078292077 	 1 	 0 	 1 	 -1 
165.51		22.4109 	 175.518140277 	 27.8217820543 	 1 	 1 	 1 	 1 
176.661		30 	 168.087451105 	 29.085298023 	 0 	 1 	 1 	 0 
165.51		37.5891 	 172.38297124 	 34.0874169548 	 1 	 1 	 1 	 -1 
157.635		46.1021 	 152.199039211 	 48.0935978118 	 0 	 0 	 1 	 1 
153.545		55.285 	 167.554640639 	 53.9849451716 	 1 	 1 	 1 	 -1 
153.545		64.715 	 141.212505399 	 61.2426471946 	 1 	 0 	 1 	 -1 
157.635		73.8979 	 177.935761279 	 71.2012288735 	 1 	 1 	 1 	 1 
165.51		82.4109 	 164.035914187 	 87.0409906522 	 0 	 1 	 1 	 -1 
176.661		90 	 166.407420925 	 90.5998917895 	 0 	 0 	 1 	 1 
165.51		97.5891 	 164.933873255 	 90.7945858283 	 0 	 0 	 1 	 -1 
157.635		106.102 	 149.753537105 	 107.442281307 	 1 	 0 	 1 	 -1 
153.545		115.285 	 141.776748099 	 110.513415613 	 1 	 1 	 1 	 1 
153.545		124.715 	 147.834661481 	 132.136066126 	 1 	 1 	 1 	 0 
157.635		133.898 	 159.843768475 	 129.32797049 	 1 	 1 	 1 	 1 
165.51		142.411 	 152.95580707 	 140.927054534 	 0 	 0 	 1 	 0 
176.661		150 	 171.226350551 	 146.267750582 	 0 	 0 	 1 	 0 
165.509		157.589 	 165.474133324 	 162.52044473 	 0 	 0 	 1 	 -1 
157.635		166.102 	 149.328993198 	 171.802116034 	 1 	 1 	 1 	 -1 
153.546		175.285 	 153.850748045 	 179.903892622 	 0 	 1 	 1 	 1 
153.546		184.715 	 163.863689249 	 -179.730432322 	 0 	 1 	 1 	 0 
157.635		193.898 	 172.04802109 	 -170.547880315 	 1 	 1 	 1 	 -1 
165.509		202.411 	 178.426858908 	 -159.035448211 	 0 	 0 	 1 	 -1 
165.51		217.589 	 151.543749219 	 -136.692373739 	 0 	 0 	 1 	 0 
157.635		226.102 	 149.589772103 	 -133.031050057 	 0 	 1 	 1 	 1 
153.545		235.285 	 172.709654339 	 -123.941499253 	 0 	 0 	 1 	 0 
153.545		244.715 	 167.832522325 	 -112.766171692 	 1 	 1 	 1 	 0 
157.635		253.898 	 170.546232077 	 -110.891165964 	 0 	 1 	 1 	 -1 
165.51		262.411 	 173.443234095 	 -98.959637937 	 1 	 0 	 1 	 1 
176.661		270 	 187.821686144 	 -90.1460143265 	 1 	 0 	 1 	 -1 
165.51		277.589 	 151.327601335 	 -83.2448379279 	 0 	 0 	 1 	 0 
157.635		286.102 	 148.592973373 	 -77.0549976146 	 1 	 1 	 1 	 -1 
153.545		295.285 	 169.774933722 	 -64.0778395643 	 0 	 0 	 1 	 -1 
153.545		304.715 	 163.351298745 	 -60.4348431754 	 1 	 1 	 1 	 1 
157.635		313.898 	 150.948347541 	 -43.1934854331 	 0 	 0 	 1 	 1 
165.51		322.411 	 155.470722036 	 -32.1977513047 	 0 	 0 	 1 	 -1 
176.661		330 	 177.352795717 	 -32.5373104975 	 1 	 1 	 1 	 1 
190.511		336.587 	 203.316645735 	 -26.9779772018 	 0 	 1 	 1 	 1 
181.979		343.898 	 187.269155707 	 -19.1540037875 	 0 	 0 	 1 	 -1 
176.661		351.787 	 177.55093857 	 -14.1175122909 	 0 	 1 	 1 	 -1 
174.852		0 	 163.680961879 	 -6.57601830081 	 0 	 1 	 1 	 -1 
176.661		8.21321 	 162.299340377 	 3.88721123814 	 1 	 0 	 1 	 1 
181.979		16.1021 	 185.900848311 	 21.1381077721 	 0 	 1 	 1 	 0 
190.511		23.4132 	 180.079599093 	 24.5080043172 	 1 	 0 	 1 	 -1 
201.845		30 	 212.982906499 	 31.9683144921 	 1 	 1 	 1 	 -1 
181.979		43.8979 	 174.418507983 	 47.506542157 	 0 	 1 	 1 	 0 
176.661		51.7868 	 185.124527832 	 50.926098818 	 0 	 1 	 1 	 0 
174.852		60 	 160.193837475 	 63.1402074457 	 1 	 0 	 1 	 1 
176.661		68.2132 	 185.094905682 	 62.35093225 	 0 	 1 	 1 	 1 
181.979		76.1021 	 179.773556656 	 69.8150995581 	 1 	 0 	 1 	 0 
190.511		83.4132 	 197.783861765 	 86.8925374712 	 1 	 1 	 1 	 -1 
201.845		90 	 211.172766834 	 90.1037065869 	 1 	 1 	 1 	 0 
190.511		96.5868 	 173.749302275 	 98.7748427688 	 1 	 1 	 1 	 0 
181.979		103.898 	 196.864854737 	 102.017343872 	 1 	 0 	 1 	 0 
176.661		111.787 	 188.038429808 	 108.931111228 	 0 	 1 	 1 	 0 
174.852		120 	 181.807473617 	 121.134957483 	 1 	 0 	 1 	 1 
176.661		128.213 	 179.058307699 	 125.673596936 	 0 	 0 	 1 	 -1 
181.979		136.102 	 178.120366686 	 139.771466438 	 1 	 0 	 1 	 0 
190.51		143.413 	 200.448345112 	 147.350334875 	 1 	 0 	 1 	 -1 
201.845		150 	 213.140275567 	 147.901357848 	 0 	 0 	 1 	 0 
190.511		156.587 	 192.912908807 	 151.734637618 	 0 	 1 	 1 	 -1 
181.979		163.898 	 196.735212814 	 159.312638214 	 1 	 0 	 1 	 0 
176.661		171.787 	 161.155621974 	 172.733244912 	 0 	 1 	 1 	 0 
174.852		180 	 192.69490478 	 178.967847358 	 0 	 1 	 1 	 -1 
176.661		188.213 	 189.240073885 	 -172.370992325 	 1 	 1 	 1 	 1 
181.979		196.102 	 185.125809696 	 -158.088921692 	 1 	 0 	 1 	 1 
190.511		203.413 	 169.525659009 	 -156.0644267 	 0 	 1 	 1 	 1 
201.845		210 	 197.218350914 	 -144.565015748 	 0 	 0 	 1 	 0 
190.51		216.587 	 206.051434864 	 -141.626367382 	 1 	 0 	 1 	 1 
181.979		223.898 	 182.172807492 	 -133.189572172 	 1 	 1 	 1 	 0 
176.661		231.787 	 173.80831909 	 -131.376103558 	 0 	 0 	 1 	 0 
174.853		240 	 173.531484676 	 -123.485837514 	 0 	 1 	 1 	 -1 
176.662		248.213 	 172.52089362 	 -115.913838158 	 0 	 0 	 1 	 -1 
181.979		256.102 	 187.265936859 	 -100.971431442 	 1 	 0 	 1 	 1 
190.511		263.413 	 188.537417043 	 -100.119756576 	 1 	 1 	 1 	 0 
190.511		276.587 	 211.210357102 	 -81.5585140732 	 1 	 0 	 1 	 0 
181.979		283.898 	 172.168965663 	 -73.2079680408 	 0 	 0 	 1 	 1 
176.662		291.787 	 182.541796746 	 -65.9340518658 	 1 	 1 	 1 	 0 
174.853		300 	 190.69150428 	 -57.9656821262 	 0 	 0 	 1 	 0 
176.661		308.213 	 189.271216611 	 -54.2858360246 	 1 	 0 	 1 	 -1 
181.979		316.102 	 167.377529626 	 -48.6757676758 	 1 	 0 	 1 	 0 
190.511		323.413 	 208.745531527 	 -34.4627954512 	 0 	 1 	 1 	 -1 
201.845		330 	 179.584355394 	 -30.5518227906 	 1 	 0 	 1 	 -1 
215.536		335.818 	 220.919749806 	 -20.7612864813 	 0 	 1 	 1 	 1 
206.511		342.216 	 212.54618272 	 -16.5066964691 	 0 	 1 	 1 	 0 
200.265		349.107 	 211.915785903 	 -14.2624495492 	 1 	 1 	 1 	 1 
197.068		356.329 	 189.899029356 	 -8.15618531905 	 1 	 1 	 1 	 1 
197.068		3.6705 	 202.227268047 	 -1.20837984214 	 0 	 0 	 1 	 0 
200.265		10.8934 	 211.74441162 	 10.9434317231 	 0 	 1 	 1 	 -1 
206.511		17.7836 	 205.196168835 	 11.7115821924 	 1 	 0 	 1 	 -1 
215.536		24.1825 	 216.754956208 	 26.2993769752 	 1 	 1 	 1 	 -1 
227.007		30 	 212.383019745 	 26.2719769684 	 1 	 1 	 1 	 1 
215.536		35.8175 	 203.989120186 	 35.8650562596 	 0 	 1 	 1 	 0 
206.511		42.2164 	 214.190998957 	 36.6651199051 	 0 	 0 	 1 	 1 
200.265		49.1066 	 179.775521966 	 50.1967790456 	 1 	 0 	 1 	 0 
197.068		56.3295 	 205.836701679 	 60.249950807 	 0 	 0 	 1 	 0 
197.068		63.6705 	 194.829617786 	 68.3064478847 	 0 	 0 	 1 	 0 
200.265		70.8934 	 206.184817895 	 67.5143217332 	 0 	 1 	 1 	 1 
206.511		77.7836 	 218.637974222 	 75.501616875 	 0 	 0 	 1 	 0 
215.536		84.1825 	 225.54799493 	 85.2346659996 	 0 	 0 	 1 	 0 
227.007		90 	 246.619749408 	 88.0850963465 	 1 	 0 	 1 	 -1 
215.536		95.8175 	 213.996868776 	 98.3884218351 	 1 	 0 	 1 	 1 
206.511		102.216 	 188.004793058 	 102.393738016 	 0 	 0 	 1 	 -1 
200.265		109.107 	 185.663168577 	 108.867798639 	 0 	 1 	 1 	 1 
197.068		116.33 	 185.575215249 	 120.428957 	 1 	 0 	 1 	 0 
197.068		123.671 	 202.416648477 	 125.232420691 	 0 	 1 	 1 	 -1 
200.265		130.893 	 208.027771154 	 131.596807682 	 0 	 0 	 1 	 -1 
206.51		137.784 	 192.410113047 	 141.196408521 	 1 	 1 	 1 	 1 
215.536		144.182 	 232.699244852 	 141.158718096 	 1 	 1 	 1 	 0 
227.007		150 	 236.336767988 	 150.911709056 	 0 	 0 	 1 	 0 
215.536		155.818 	 226.267658421 	 151.958561044 	 1 	 0 	 1 	 0 
206.511		162.216 	 197.515567724 	 162.094054338 	 1 	 1 	 1 	 0 
200.266		169.107 	 192.685808817 	 171.189583259 	 0 	 1 	 1 	 1 
197.068		176.33 	 184.015689111 	 179.680468559 	 1 	 0 	 1 	 1 
197.068		183.671 	 208.858065444 	 -173.769893889 	 1 	 1 	 1 	 -1 
200.266		190.893 	 206.207804078 	 -172.361834116 	 0 	 1 	 1 	 0 
206.511		197.784 	 216.873744815 	 -165.538707268 	 1 	 1 	 1 	 -1 
215.536		204.182 	 213.301221053 	 -159.137586714 	 0 	 0 	 1 	 1 
227.007		210 	 226.615041703 	 -153.021353425 	 0 	 0 	 1 	 1 
215.536		215.818 	 223.82745072 	 -141.702150524 	 0 	 0 	 1 	 0 
206.51		222.216 	 199.997885858 	 -143.651200302 	 1 	 1 	 1 	 0 
200.265		229.107 	 205.522642188 	 -127.585054868 	 1 	 0 	 1 	 -1 
197.068		236.329 	 209.520492335 	 -120.05998213 	 1 	 1 	 1 	 -1 
197.068		243.671 	 188.183886611 	 -119.685576547 	 1 	 1 	 1 	 -1 
200.265		250.893 	 183.091694069 	 -106.86512524 	 1 	 0 	 1 	 -1 
206.51		257.784 	 219.109349396 	 -101.309114257 	 1 	 0 	 1 	 0 
215.536		264.182 	 205.791969938 	 -97.2453772222 	 1 	 0 	 1 	 -1 
227.007		270 	 235.520619629 	 -88.6493231646 	 1 	 1 	 1 	 -1 
215.536		275.818 	 229.47507145 	 -85.2640113907 	 1 	 0 	 1 	 0 
206.51		282.216 	 221.039220242 	 -81.9190157721 	 0 	 0 	 1 	 1 
200.265		289.107 	 199.552208345 	 -77.1758698248 	 0 	 1 	 1 	 -1 
197.068		296.329 	 209.764825517 	 -63.6021648444 	 0 	 1 	 1 	 1 
197.068		303.67 	 197.925470741 	 -51.5832692914 	 0 	 1 	 1 	 1 
200.265		310.893 	 185.097539891 	 -51.3017532676 	 1 	 1 	 1 	 -1 
206.511		317.784 	 202.59790403 	 -45.3799487342 	 0 	 0 	 1 	 1 
227.008		330 	 244.679456401 	 -31.5154771722 	 0 	 1 	 1 	 0 
240.57		335.209 	 235.726810475 	 -26.3012837412 	 1 	 1 	 1 	 1 
231.161		340.893 	 237.767989646 	 -14.4544237073 	 0 	 0 	 1 	 0 
224.195		346.996 	 230.50612992 	 -15.9213762482 	 0 	 0 	 1 	 1 
219.909		353.413 	 227.349052679 	 -7.81729520581 	 1 	 1 	 1 	 0 
218.461		0 	 196.997261767 	 -0.93914821483 	 1 	 1 	 1 	 0 
219.909		6.58678 	 233.134142603 	 7.13140375117 	 1 	 0 	 1 	 1 
224.195		13.0039 	 241.156855169 	 12.6414849266 	 0 	 0 	 1 	 0 
231.161		19.1066 	 243.568430511 	 17.0716146527 	 0 	 0 	 1 	 -1 
240.57		24.7913 	 226.185421357 	 23.5698228712 	 1 	 1 	 1 	 0 
252.146		30 	 240.144209627 	 27.8535169068 	 1 	 0 	 1 	 1 
240.57		35.2087 	 232.925893515 	 33.3052140653 	 0 	 0 	 1 	 -1 
231.161		40.8934 	 220.833322223 	 42.6553024396 	 1 	 0 	 1 	 1 
224.195		46.9961 	 223.137369743 	 43.7409112289 	 1 	 1 	 1 	 1 
219.909		53.4132 	 234.435876364 	 49.6378632475 	 0 	 1 	 1 	 -1 
218.461		60 	 226.74871695 	 64.0701202094 	 1 	 0 	 1 	 1 
219.909		66.5868 	 206.803601932 	 64.079624546 	 1 	 0 	 1 	 0 
224.195		73.0039 	 225.223706645 	 67.5991715298 	 0 	 1 	 1 	 -1 
231.161		79.1066 	 225.395328944 	 76.2745552623 	 1 	 0 	 1 	 1 
240.57		84.7913 	 252.688980789 	 83.1329863086 	 0 	 0 	 1 	 0 
240.57		95.2087 	 248.138288872 	 96.4682734123 	 1 	 1 	 1 	 -1 
231.161		100.893 	 210.425243117 	 102.482876475 	 1 	 1 	 1 	 1 
224.195		106.996 	 220.262943889 	 105.069972344 	 0 	 0 	 1 	 1 
219.909		113.413 	 210.411507435 	 117.514844709 	 1 	 0 	 1 	 -1 
218.461		120 	 206.211413574 	 115.862926809 	 1 	 1 	 1 	 -1 
219.909		126.587 	 207.597895157 	 125.274690595 	 1 	 1 	 1 	 0 
224.195		133.004 	 239.622934577 	 132.6352265 	 1 	 0 	 1 	 -1 
231.161		139.107 	 225.693140831 	 141.328206326 	 0 	 1 	 1 	 0 
252.146		150 	 267.681612555 	 149.722245191 	 1 	 1 	 1 	 1 
240.57		155.209 	 252.987741475 	 159.186295709 	 0 	 0 	 1 	 0 
231.16		160.893 	 221.999115029 	 164.821741904 	 0 	 1 	 1 	 -1 
224.196		166.996 	 237.178212674 	 171.245765271 	 1 	 0 	 1 	 0 
219.909		173.413 	 226.349370163 	 168.329837786 	 0 	 0 	 1 	 1 
218.461		180 	 214.758168232 	 177.821933896 	 1 	 1 	 1 	 0 
219.909		186.587 	 206.962469221 	 -171.787182273 	 1 	 1 	 1 	 0 
224.196		193.004 	 221.516124461 	 -168.86776103 	 1 	 0 	 1 	 1 
231.16		199.107 	 237.272286982 	 -163.43241866 	 1 	 1 	 1 	 1 
240.57		204.791 	 224.990312789 	 -152.868108376 	 0 	 1 	 1 	 -1 
252.146		210 	 259.156536565 	 -147.653387528 	 0 	 0 	 1 	 -1 
240.57		215.209 	 229.878637618 	 -149.293659914 	 0 	 0 	 1 	 1 
231.161		220.893 	 221.855067861 	 -138.742017284 	 1 	 1 	 1 	 -1 
224.196		226.996 	 205.119917262 	 -135.459122039 	 0 	 1 	 1 	 -1 
219.909		233.413 	 226.960716445 	 -121.240059852 	 0 	 1 	 1 	 1 
218.461		240 	 224.147777365 	 -125.481612069 	 1 	 1 	 1 	 -1 
219.909		246.587 	 227.620367125 	 -108.892619761 	 1 	 1 	 1 	 -1 
224.195		253.004 	 238.59831073 	 -103.493056274 	 1 	 1 	 1 	 0 
231.16		259.107 	 218.792249582 	 -96.6579560714 	 0 	 0 	 1 	 1 
240.57		264.791 	 245.423865917 	 -99.6531403899 	 0 	 1 	 1 	 1 
252.146		270 	 253.812007273 	 -91.6513915933 	 0 	 1 	 1 	 -1 
240.57		275.209 	 240.514384994 	 -81.1401335897 	 0 	 1 	 1 	 1 
231.16		280.893 	 244.717178423 	 -75.9885555765 	 1 	 1 	 1 	 0 
224.195		286.996 	 217.049116605 	 -74.3303519271 	 1 	 0 	 1 	 1 
219.909		293.413 	 205.215373642 	 -64.9425012147 	 0 	 1 	 1 	 0 
218.461		300 	 227.775016946 	 -59.5644655786 	 0 	 1 	 1 	 1 
219.909		306.587 	 207.307797967 	 -51.528797954 	 0 	 0 	 1 	 -1 
224.196		313.004 	 216.49736492 	 -42.3114806597 	 1 	 0 	 1 	 1 
231.161		319.107 	 219.274320406 	 -38.0909796588 	 1 	 1 	 1 	 1 
240.57		324.791 	 248.250249563 	 -37.2927054276 	 1 	 0 	 1 	 0 
252.146		330 	 247.974050185 	 -32.7536562097 	 1 	 0 	 1 	 0 
265.601		334.715 	 264.553569543 	 -23.5710280495 	 0 	 0 	 1 	 -1 
255.886		339.826 	 259.826327889 	 -18.3055721396 	 0 	 0 	 1 	 -1 
248.348		345.295 	 228.260820853 	 -16.3744073941 	 0 	 1 	 1 	 -1 
243.191		351.052 	 230.840687617 	 -11.8901720555 	 0 	 1 	 1 	 0 
240.57		356.996 	 259.469946855 	 -1.77506604612 	 1 	 0 	 1 	 0 
240.57		3.00449 	 224.288038556 	 3.39958159046 	 0 	 1 	 1 	 0 
243.191		8.94827 	 244.619898537 	 6.94263168403 	 1 	 1 	 1 	 -1 
248.348		14.7047 	 263.341371039 	 12.801321815 	 0 	 0 	 1 	 -1 
255.886		20.1736 	 241.439958253 	 23.667890379 	 1 	 1 	 1 	 1 
265.601		25.285 	 274.54260834 	 21.641103309 	 1 	 0 	 1 	 -1 
277.258		30 	 285.383882549 	 32.6949607482 	 1 	 0 	 1 	 -1 
265.601		34.715 	 273.479523018 	 34.688799355 	 1 	 0 	 1 	 1 
255.887		39.8264 	 242.427754766 	 42.7213408497 	 1 	 0 	 1 	 -1 
248.348		45.2953 	 255.557298227 	 46.143751167 	 0 	 0 	 1 	 0 
243.191		51.0517 	 233.816695354 	 48.6404844842 	 1 	 1 	 1 	 -1 
240.57		56.9955 	 239.084116097 	 53.1974455033 	 0 	 1 	 1 	 1 
240.57		63.0045 	 259.485697332 	 64.6923129607 	 1 	 0 	 1 	 0 
243.191		68.9483 	 238.814173275 	 70.9029045678 	 0 	 1 	 1 	 1 
248.348		74.7047 	 244.348996833 	 71.9036897295 	 1 	 1 	 1 	 -1 
255.887		80.1736 	 248.963453262 	 81.2936263003 	 1 	 1 	 1 	 1 
265.601		85.285 	 276.510196646 	 81.6149867709 	 0 	 1 	 1 	 -1 
277.257		90 	 268.416397723 	 85.8852804882 	 1 	 0 	 1 	 1 
265.601		94.715 	 274.057190965 	 95.7668319094 	 1 	 0 	 1 	 1 
255.887		99.8264 	 251.356819741 	 97.5823560565 	 1 	 0 	 1 	 1 
248.348		105.295 	 258.702540423 	 106.509106768 	 1 	 0 	 1 	 0 
243.191		111.052 	 223.194026009 	 110.361916526 	 0 	 0 	 1 	 0 
240.57		116.996 	 251.412012898 	 117.731457131 	 0 	 1 	 1 	 -1 
240.57		123.005 	 230.485722107 	 125.28056374 	 1 	 1 	 1 	 1 
243.191		128.948 	 230.484178321 	 126.986443132 	 1 	 0 	 1 	 -1 
248.348		134.705 	 249.294295012 	 137.269348366 	 1 	 1 	 1 	 1 
255.887		140.174 	 243.744462245 	 140.895154717 	 0 	 0 	 1 	 -1 
265.6		145.285 	 256.410640637 	 145.149795326 	 1 	 0 	 1 	 1 
277.257		150 	 259.910002821 	 151.903483528 	 0 	 0 	 1 	 -1 
265.601		154.715 	 274.233451089 	 155.190961177 	 0 	 0 	 1 	 -1 
255.886		159.826 	 271.567868179 	 156.374271424 	 1 	 0 	 1 	 -1 
248.348		165.295 	 253.364700593 	 163.918652663 	 0 	 1 	 1 	 0 
243.191		171.052 	 222.396250343 	 169.746440014 	 1 	 0 	 1 	 0 
240.57		176.996 	 246.894873264 	 174.95055053 	 0 	 1 	 1 	 1 
240.57		183.005 	 225.80477179 	 -179.579603718 	 1 	 1 	 1 	 1 
243.191		188.948 	 260.088431052 	 -172.156576466 	 0 	 0 	 1 	 1 
248.348		194.705 	 233.14645439 	 -162.253517395 	 1 	 1 	 1 	 1 
255.886		200.174 	 244.929631185 	 -155.697963138 	 1 	 1 	 1 	 -1 
265.601		205.285 	 254.623987871 	 -155.672147594 	 0 	 0 	 1 	 -1 
277.258		210 	 260.281692456 	 -152.839816822 	 0 	 1 	 1 	 -1 
265.6		214.715 	 270.00303377 	 -148.524566291 	 1 	 1 	 1 	 0 
255.887		219.826 	 246.901077334 	 -144.379523078 	 1 	 1 	 1 	 0 
248.348		225.295 	 246.457425097 	 -131.720835164 	 0 	 0 	 1 	 -1 
243.191		231.052 	 245.823802069 	 -126.484352432 	 0 	 0 	 1 	 0 
240.57		236.995 	 246.911738148 	 -125.762612194 	 0 	 0 	 1 	 -1 
240.57		243.004 	 229.139249089 	 -120.746894419 	 0 	 1 	 1 	 -1 
243.19		248.948 	 254.884090932 	 -110.045282506 	 1 	 1 	 1 	 1 
248.348		254.705 	 261.267070883 	 -107.41684516 	 0 	 0 	 1 	 -1 
255.886		260.174 	 243.356557675 	 -99.0588495319 	 1 	 1 	 1 	 1 
265.601		265.285 	 275.829865289 	 -91.1903430879 	 0 	 1 	 1 	 -1 
277.258		270 	 276.621976896 	 -92.1239907161 	 1 	 1 	 1 	 0 
265.601		274.715 	 268.622998603 	 -83.2176650171 	 0 	 1 	 1 	 -1 
255.886		279.826 	 241.819990192 	 -79.9552871292 	 1 	 1 	 1 	 1 
248.348		285.295 	 237.10974815 	 -70.5886959719 	 1 	 0 	 1 	 0 
243.19		291.052 	 250.553927558 	 -71.070927264 	 1 	 1 	 1 	 0 
240.57		296.996 	 226.023481553 	 -60.2895107294 	 1 	 0 	 1 	 1 
240.57		303.004 	 227.022150688 	 -57.817237262 	 1 	 1 	 1 	 -1 
243.191		308.948 	 235.713536191 	 -49.1012080931 	 0 	 0 	 1 	 1 
248.348		314.705 	 245.904667136 	 -47.552837564 	 1 	 0 	 1 	 1 
255.886		320.174 	 259.193504247 	 -41.9384863577 	 1 	 0 	 1 	 -1 
265.6		325.285 	 274.14357489 	 -34.1970858456 	 1 	 0 	 1 	 0 
277.258		330 	 267.849914551 	 -29.8614722593 	 0 	 1 	 1 	 0 
290.619		334.307 	 305.937836903 	 -25.7906762026 	 0 	 0 	 1 	 1 
280.659		338.948 	 281.714766629 	 -23.0277301631 	 0 	 0 	 1 	 -1 
272.656		343.898 	 265.96385541 	 -11.8732011011 	 1 	 1 	 1 	 1 
266.79		349.107 	 259.061376525 	 -9.01137969988 	 0 	 0 	 1 	 -1 
263.206		354.504 	 266.878993864 	 -7.22279004111 	 1 	 1 	 1 	 0 
262.001		0 	 255.33892972 	 1.06345202486 	 0 	 1 	 1 	 1 
263.206		5.49637 	 266.550038869 	 9.97404985506 	 0 	 1 	 1 	 0 
266.79		10.8934 	 253.932312552 	 12.6347216716 	 1 	 1 	 1 	 -1 
272.656		16.1021 	 256.467738088 	 15.2895601695 	 1 	 0 	 1 	 0 
280.659		21.0517 	 278.96615327 	 18.4297114471 	 0 	 0 	 1 	 0 
290.619		25.6934 	 274.501521109 	 23.8886817679 	 0 	 0 	 1 	 0 
302.34		30 	 288.536687931 	 27.9025916639 	 0 	 1 	 1 	 0 
290.619		34.3066 	 276.201796534 	 37.0655925955 	 1 	 1 	 1 	 1 
280.659		38.9483 	 291.862569937 	 39.3658159365 	 0 	 1 	 1 	 0 
272.656		43.8979 	 276.207857054 	 40.2764728958 	 0 	 0 	 1 	 1 
266.789		49.1066 	 255.743716709 	 47.4887861561 	 0 	 0 	 1 	 -1 
263.206		54.5036 	 241.986440221 	 52.9453809386 	 0 	 1 	 1 	 0 
262.001		60 	 268.591086689 	 63.1253239358 	 1 	 1 	 1 	 -1 
263.206		65.4964 	 247.978189885 	 66.9133031157 	 0 	 0 	 1 	 1 
266.79		70.8934 	 270.371562362 	 73.7047580201 	 1 	 0 	 1 	 -1 
272.656		76.1021 	 287.148050968 	 78.752224979 	 0 	 1 	 1 	 1 
280.659		81.0517 	 268.024807063 	 77.5518703303 	 0 	 0 	 1 	 1 
290.619		85.6934 	 287.375192679 	 83.9788692397 	 0 	 0 	 1 	 0 
302.34		90 	 291.701527146 	 93.6953427633 	 0 	 0 	 1 	 1 
290.619		94.3066 	 279.439154877 	 97.6714032868 	 0 	 0 	 1 	 0 
280.659		98.9483 	 272.459252195 	 100.646866738 	 1 	 1 	 1 	 -1 
272.655		103.898 	 278.584796324 	 100.139594055 	 1 	 1 	 1 	 -1 
266.79		109.107 	 265.8207658 	 104.914886617 	 1 	 1 	 1 	 0 
263.206		114.504 	 253.554483123 	 114.622120842 	 1 	 1 	 1 	 0 
262		120 	 254.374771604 	 121.220993017 	 0 	 1 	 1 	 0 
263.206		125.496 	 249.087165174 	 122.983346367 	 1 	 0 	 1 	 0 
266.79		130.893 	 261.853655192 	 132.844481375 	 1 	 0 	 1 	 0 
272.655		136.102 	 258.609915862 	 132.550512349 	 1 	 1 	 1 	 0 
280.659		141.052 	 265.746224406 	 138.271631259 	 1 	 1 	 1 	 1 
290.619		145.693 	 306.478319238 	 143.800758175 	 1 	 1 	 1 	 -1 
302.34		150 	 296.596867293 	 151.428021206 	 1 	 1 	 1 	 0 
290.619		154.307 	 293.48908198 	 152.941862675 	 1 	 0 	 1 	 0 
280.659		158.948 	 260.638465084 	 159.59420114 	 1 	 0 	 1 	 0 
272.656		163.898 	 292.748689125 	 165.163859195 	 0 	 1 	 1 	 1 
266.789		169.107 	 270.051796116 	 171.001204981 	 1 	 0 	 1 	 -1 
263.206		174.504 	 251.438971927 	 174.773604729 	 0 	 1 	 1 	 -1 
262.001		180 	 265.895575376 	 -178.563756276 	 1 	 1 	 1 	 0 
263.206		185.496 	 275.944110087 	 -173.957907896 	 1 	 0 	 1 	 -1 
266.789		190.893 	 270.916194889 	 -172.884454136 	 0 	 1 	 1 	 -1 
272.656		196.102 	 268.383209752 	 -168.401584223 	 1 	 1 	 1 	 1 
280.659		201.052 	 293.456137372 	 -162.570482538 	 1 	 0 	 1 	 0 
290.619		205.693 	 304.638464912 	 -153.938727279 	 1 	 1 	 1 	 0 
302.34		210 	 307.627189088 	 -146.247019904 	 1 	 1 	 1 	 0 
290.619		214.307 	 305.419571161 	 -145.626236833 	 1 	 0 	 1 	 0 
280.658		218.948 	 276.334155801 	 -142.559174648 	 1 	 1 	 1 	 0 
272.656		223.898 	 270.626572827 	 -134.233115767 	 0 	 0 	 1 	 -1 
266.79		229.107 	 264.246923748 	 -129.030444207 	 1 	 0 	 1 	 0 
263.206		234.504 	 250.50949591 	 -123.375019034 	 0 	 1 	 1 	 1 
262		240 	 248.591134786 	 -121.154071458 	 1 	 1 	 1 	 -1 
263.206		245.496 	 268.092163534 	 -119.165273644 	 0 	 1 	 1 	 1 
266.789		250.893 	 270.87029813 	 -107.393049476 	 0 	 1 	 1 	 -1 
272.656		256.102 	 278.890251656 	 -99.6267862752 	 1 	 1 	 1 	 -1 
280.659		261.052 	 289.62571551 	 -101.883128261 	 1 	 0 	 1 	 0 
290.62		265.693 	 284.712788384 	 -97.795578744 	 1 	 1 	 1 	 -1 
302.34		270 	 291.74127402 	 -92.9131904354 	 0 	 0 	 1 	 0 
290.62		274.307 	 297.746185966 	 -89.3088921855 	 0 	 1 	 1 	 -1 
280.659		278.948 	 288.936928127 	 -81.7144935558 	 0 	 0 	 1 	 -1 
272.656		283.898 	 254.442835993 	 -77.7844497793 	 0 	 1 	 1 	 -1 
266.789		289.107 	 266.660448507 	 -73.1521005507 	 0 	 1 	 1 	 1 
263.206		294.504 	 275.376928206 	 -68.4370870714 	 0 	 1 	 1 	 -1 
262		300 	 272.834551118 	 -63.274016706 	 1 	 0 	 1 	 1 
263.206		305.496 	 252.553766626 	 -52.5772822549 	 0 	 0 	 1 	 0 
266.79		310.893 	 252.526081698 	 -48.5102116274 	 1 	 1 	 1 	 1 
272.656		316.102 	 261.326285953 	 -40.9039181465 	 0 	 0 	 1 	 1 
280.659		321.052 	 262.920859472 	 -37.3247040463 	 0 	 1 	 1 	 1 
290.619		325.693 	 301.229681471 	 -37.3729547263 	 1 	 1 	 1 	 1 
302.34		330 	 306.500417714 	 -31.5729559189 	 0 	 0 	 1 	 0 
315.62		333.963 	 312.477154392 	 -28.4306629391 	 1 	 1 	 1 	 -1 
305.457		338.213 	 291.832714232 	 -21.2515518378 	 1 	 1 	 1 	 0 
297.071		342.731 	 304.523250803 	 -15.7104167559 	 1 	 0 	 1 	 -1 
290.619		347.48 	 303.690434409 	 -15.533752381 	 1 	 1 	 1 	 1 
286.236		352.411 	 300.049920659 	 -9.12791509471 	 1 	 1 	 1 	 1 
284.018		357.457 	 292.063537706 	 -4.38350285808 	 0 	 1 	 1 	 -1 
284.018		2.54292 	 288.695835689 	 -1.6155206189 	 0 	 1 	 1 	 1 
286.236		7.58909 	 288.615441311 	 9.5522134034 	 1 	 1 	 1 	 -1 
290.619		12.5198 	 283.462942309 	 11.8999972729 	 0 	 0 	 1 	 1 
297.071		17.2695 	 289.043852656 	 15.4947042599 	 1 	 1 	 1 	 0 
305.457		21.7868 	 298.799772548 	 25.1306123113 	 1 	 1 	 1 	 0 
315.62		26.0368 	 304.435903845 	 24.722471235 	 0 	 1 	 1 	 1 
327.39		30 	 339.149082813 	 30.0263220742 	 0 	 0 	 1 	 1 
305.457		38.2132 	 305.163224296 	 36.3917831332 	 1 	 0 	 1 	 1 
297.071		42.7305 	 314.838500512 	 42.4588226917 	 0 	 1 	 1 	 1 
290.619		47.4802 	 270.342873506 	 48.136479579 	 1 	 0 	 1 	 1 
286.236		52.4109 	 273.548638328 	 52.9948436541 	 1 	 0 	 1 	 0 
284.018		57.4571 	 279.770795894 	 59.8334315791 	 1 	 0 	 1 	 1 
284.018		62.5429 	 293.382980408 	 65.3277987188 	 0 	 1 	 1 	 -1 
286.236		67.5891 	 265.811587227 	 65.745497953 	 0 	 1 	 1 	 -1 
290.619		72.5198 	 279.684078386 	 74.1601533588 	 0 	 0 	 1 	 -1 
297.071		77.2695 	 306.882038621 	 75.6972400948 	 1 	 1 	 1 	 1 
305.457		81.7868 	 315.80895012 	 84.2925112936 	 0 	 0 	 1 	 0 
315.62		86.0368 	 303.693330437 	 88.7839186608 	 1 	 1 	 1 	 -1 
327.39		90 	 315.289406657 	 91.8575370491 	 0 	 0 	 1 	 1 
315.62		93.9632 	 326.60590064 	 96.3022603269 	 0 	 1 	 1 	 1 
305.457		98.2132 	 325.84096595 	 97.1594275843 	 1 	 0 	 1 	 1 
297.071		102.731 	 299.545257545 	 98.6780090984 	 1 	 0 	 1 	 0 
290.619		107.48 	 283.93308968 	 106.574634753 	 1 	 1 	 1 	 -1 
286.236		112.411 	 276.140884401 	 114.979746647 	 1 	 0 	 1 	 0 
284.018		117.457 	 281.943500712 	 113.566935153 	 0 	 1 	 1 	 -1 
284.018		122.543 	 293.791769258 	 122.689295866 	 1 	 1 	 1 	 0 
286.236		127.589 	 295.710648862 	 124.653448119 	 1 	 1 	 1 	 1 
290.62		132.52 	 291.821664043 	 135.592694596 	 1 	 0 	 1 	 -1 
297.071		137.269 	 290.987867599 	 139.337842856 	 1 	 1 	 1 	 1 
305.457		141.787 	 316.635387538 	 139.051529268 	 1 	 1 	 1 	 -1 
315.62		146.037 	 310.452920711 	 148.334259778 	 1 	 0 	 1 	 -1 
327.39		150 	 327.184949581 	 151.76090117 	 1 	 1 	 1 	 0 
315.619		153.963 	 307.194501075 	 156.86835336 	 1 	 1 	 1 	 1 
305.457		158.213 	 314.912235888 	 155.292912334 	 1 	 0 	 1 	 -1 
297.071		162.731 	 316.618387374 	 161.764009305 	 0 	 1 	 1 	 1 
290.62		167.48 	 306.400909841 	 166.186437845 	 0 	 1 	 1 	 -1 
286.236		172.411 	 276.33686921 	 173.943748132 	 0 	 0 	 1 	 -1 
284.019		177.457 	 269.09012465 	 179.542500812 	 0 	 1 	 1 	 -1 
284.019		182.543 	 296.784546223 	 -175.75501521 	 0 	 0 	 1 	 0 
286.236		187.589 	 282.630766162 	 -174.302430712 	 0 	 0 	 1 	 0 
290.62		192.52 	 297.032337716 	 -169.001531771 	 0 	 0 	 1 	 0 
297.071		197.269 	 306.669036834 	 -158.944360249 	 0 	 0 	 1 	 1 
305.457		201.787 	 290.893593377 	 -160.816936812 	 1 	 0 	 1 	 -1 
315.62		206.037 	 323.157850892 	 -154.520137256 	 0 	 1 	 1 	 1 
327.39		210 	 335.302874631 	 -150.967113907 	 1 	 1 	 1 	 -1 
315.62		213.963 	 301.836953194 	 -143.071770237 	 1 	 0 	 1 	 0 
305.457		218.213 	 310.556629946 	 -144.66823744 	 1 	 1 	 1 	 0 
297.071		222.731 	 275.58910209 	 -136.399244054 	 1 	 1 	 1 	 1 
290.619		227.48 	 274.857539189 	 -132.864202396 	 0 	 0 	 1 	 -1 
286.236		232.411 	 275.984607947 	 -130.180221809 	 0 	 0 	 1 	 0 
284.018		237.457 	 280.85575284 	 -120.242620331 	 1 	 1 	 1 	 -1 
284.019		242.543 	 278.254996631 	 -115.141417626 	 1 	 0 	 1 	 0 
286.236		247.589 	 277.539528032 	 -113.985653287 	 0 	 1 	 1 	 1 
290.62		252.52 	 302.030891196 	 -108.536254862 	 0 	 1 	 1 	 1 
297.071		257.269 	 276.282166503 	 -103.653633775 	 0 	 1 	 1 	 0 
305.457		261.787 	 290.151948746 	 -97.2657332497 	 1 	 0 	 1 	 1 
315.62		266.037 	 305.102307278 	 -90.4575645689 	 1 	 0 	 1 	 1 
327.39		270 	 306.607143369 	 -89.4877258548 	 0 	 1 	 1 	 1 
315.62		273.963 	 314.506385958 	 -89.8628826049 	 0 	 0 	 1 	 -1 
305.457		278.213 	 322.171730609 	 -79.5701716386 	 0 	 1 	 1 	 -1 
297.071		282.731 	 312.414375634 	 -78.1603582865 	 1 	 1 	 1 	 0 
290.62		287.48 	 280.858721711 	 -71.9661693259 	 0 	 1 	 1 	 0 
286.236		292.411 	 264.462658885 	 -66.6462625263 	 1 	 1 	 1 	 -1 
284.019		297.457 	 292.266754159 	 -62.7621578386 	 0 	 1 	 1 	 -1 
284.018		302.543 	 266.486703429 	 -59.3144365368 	 0 	 1 	 1 	 0 
286.236		307.589 	 296.684738226 	 -54.2469574488 	 0 	 1 	 1 	 1 
290.619		312.52 	 286.601158378 	 -49.5613671791 	 1 	 1 	 1 	 0 
297.071		317.269 	 310.849218631 	 -44.1117589791 	 0 	 1 	 1 	 1 
305.457		321.787 	 323.646935934 	 -39.7097876184 	 0 	 0 	 1 	 1 
327.39		330 	 323.180838842 	 -31.7893629187 	 0 	 1 	 1 	 0 
340.597		333.67 	 338.143308858 	 -27.9554405696 	 0 	 1 	 1 	 1 
330.266		337.589 	 323.532153093 	 -23.0838066718 	 0 	 1 	 1 	 1 
321.56		341.742 	 307.568427115 	 -15.6219722096 	 0 	 1 	 1 	 -1 
314.619		346.102 	 310.026483639 	 -17.6798439638 	 0 	 0 	 1 	 1 
309.563		350.633 	 318.114607328 	 -6.35492968935 	 1 	 1 	 1 	 -1 
306.489		355.285 	 297.328655576 	 -6.47393404508 	 0 	 1 	 1 	 1 
305.457		0 	 285.590320141 	 -0.236354950645 	 0 	 0 	 1 	 -1 
306.489		4.715 	 311.039188828 	 6.552743884 	 1 	 0 	 1 	 1 
309.563		9.367 	 312.769470058 	 6.36980924266 	 0 	 1 	 1 	 1 
314.619		13.8979 	 320.500872499 	 12.3964459286 	 0 	 0 	 1 	 0 
321.56		18.2585 	 340.611468597 	 18.5514068314 	 1 	 1 	 1 	 -1 
330.266		22.4109 	 316.055834444 	 22.0455750344 	 1 	 1 	 1 	 0 
340.597		26.3295 	 322.383241182 	 24.0775143433 	 1 	 0 	 1 	 1 
352.406		30 	 357.680577332 	 28.0668517284 	 0 	 0 	 1 	 1 
340.597		33.6705 	 327.393191505 	 32.8463021855 	 1 	 1 	 1 	 -1 
330.266		37.5891 	 322.314883591 	 40.7029871382 	 0 	 1 	 1 	 1 
321.56		41.7415 	 337.172232023 	 41.401642146 	 1 	 1 	 1 	 1 
314.619		46.1021 	 332.889517141 	 46.6919585143 	 0 	 0 	 1 	 -1 
309.563		50.633 	 309.644819081 	 48.8451734891 	 1 	 1 	 1 	 1 
306.489		55.285 	 316.100078817 	 54.8035026878 	 1 	 1 	 1 	 1 
305.457		60 	 317.816603877 	 59.7369313754 	 1 	 0 	 1 	 0 
306.489		64.715 	 295.63629798 	 64.2840504724 	 0 	 0 	 1 	 1 
309.563		69.367 	 294.255133968 	 70.5679156149 	 1 	 1 	 1 	 0 
314.619		73.8979 	 332.176145801 	 73.4489093031 	 0 	 1 	 1 	 0 
321.56		78.2585 	 311.970953894 	 78.4604443801 	 0 	 0 	 1 	 0 
330.266		82.4109 	 331.660930902 	 80.9802278383 	 1 	 1 	 1 	 0 
340.597		86.3295 	 354.772075701 	 86.3354769151 	 0 	 0 	 1 	 1 
352.406		90 	 342.847184668 	 87.519852868 	 0 	 0 	 1 	 1 
340.597		93.6705 	 347.510442466 	 92.5408265311 	 1 	 0 	 1 	 0 
330.266		97.5891 	 345.610038368 	 95.7005426538 	 0 	 1 	 1 	 0 
321.56		101.742 	 337.687409547 	 99.9197124255 	 0 	 0 	 1 	 -1 
314.619		106.102 	 299.975352025 	 104.291896136 	 0 	 1 	 1 	 0 
309.563		110.633 	 299.839518819 	 108.384477678 	 0 	 0 	 1 	 1 
306.489		115.285 	 310.046012792 	 113.48005239 	 0 	 1 	 1 	 -1 
305.457		120 	 309.344723859 	 118.224621144 	 1 	 1 	 1 	 0 
306.489		124.715 	 291.298474803 	 121.959377759 	 1 	 0 	 1 	 0 
309.563		129.367 	 301.849997907 	 131.643720049 	 1 	 1 	 1 	 1 
314.619		133.898 	 309.773809711 	 135.041826002 	 1 	 0 	 1 	 -1 
321.56		138.258 	 323.812752496 	 135.528050777 	 0 	 0 	 1 	 0 
330.266		142.411 	 312.387087234 	 141.968610485 	 1 	 0 	 1 	 -1 
340.597		146.329 	 359.552451103 	 147.307213091 	 0 	 0 	 1 	 1 
352.406		150 	 365.001150789 	 148.968587877 	 1 	 1 	 1 	 0 
340.597		153.671 	 345.814912203 	 152.418713617 	 1 	 0 	 1 	 -1 
330.266		157.589 	 329.480783247 	 160.156784859 	 1 	 1 	 1 	 1 
321.561		161.742 	 336.567247222 	 162.18214343 	 0 	 0 	 1 	 -1 
314.618		166.102 	 299.279548428 	 169.127443485 	 0 	 1 	 1 	 -1 
309.563		170.633 	 299.46659306 	 174.20071709 	 0 	 1 	 1 	 1 
306.488		175.285 	 297.713765072 	 176.205545384 	 1 	 0 	 1 	 -1 
305.457		180 	 307.879995563 	 177.431650203 	 1 	 0 	 1 	 1 
306.488		184.715 	 301.868819284 	 -171.474937356 	 1 	 0 	 1 	 -1 
309.563		189.367 	 303.979903698 	 -171.753553021 	 1 	 1 	 1 	 0 
314.618		193.898 	 333.095365733 	 -166.084587832 	 0 	 1 	 1 	 -1 
321.561		198.258 	 307.819580666 	 -163.419310671 	 0 	 1 	 1 	 -1 
330.266		202.411 	 327.445208327 	 -155.88330604 	 1 	 0 	 1 	 -1 
340.597		206.329 	 323.950605062 	 -152.447018255 	 1 	 0 	 1 	 1 
352.406		210 	 372.064901862 	 -148.632934355 	 0 	 0 	 1 	 -1 
330.266		217.589 	 328.313402656 	 -145.947766194 	 1 	 0 	 1 	 -1 
321.56		221.742 	 309.392495107 	 -139.463272785 	 1 	 0 	 1 	 1 
314.619		226.102 	 304.399907309 	 -134.717409939 	 1 	 1 	 1 	 0 
309.563		230.633 	 310.17123671 	 -132.160369288 	 1 	 1 	 1 	 1 
306.489		235.285 	 305.605495504 	 -128.468148535 	 0 	 1 	 1 	 0 
305.456		240 	 287.040457821 	 -119.614601166 	 0 	 0 	 1 	 -1 
306.488		244.715 	 293.850117096 	 -117.48081825 	 0 	 0 	 1 	 -1 
309.563		249.367 	 324.555886595 	 -110.854846992 	 1 	 1 	 1 	 -1 
314.619		253.898 	 318.66041435 	 -104.583302085 	 0 	 1 	 1 	 0 
321.56		258.258 	 336.834958978 	 -102.475054391 	 1 	 0 	 1 	 1 
330.266		262.411 	 334.502218017 	 -95.0529786472 	 1 	 1 	 1 	 0 
340.597		266.33 	 353.736131817 	 -91.0652914807 	 1 	 1 	 1 	 -1 
340.597		273.671 	 319.599510291 	 -86.6108034526 	 1 	 1 	 1 	 0 
330.266		277.589 	 329.972360976 	 -79.1585190384 	 0 	 0 	 1 	 -1 
321.56		281.742 	 307.784944877 	 -76.3310040623 	 0 	 1 	 1 	 -1 
314.619		286.102 	 315.785858083 	 -71.4831337202 	 1 	 1 	 1 	 -1 
309.563		290.633 	 296.309752029 	 -68.9473623111 	 0 	 1 	 1 	 0 
306.488		295.285 	 326.073326357 	 -65.3834393299 	 1 	 1 	 1 	 -1 
305.457		300 	 300.920998583 	 -58.2289292172 	 0 	 0 	 1 	 1 
306.489		304.715 	 305.531944131 	 -58.5524261714 	 1 	 1 	 1 	 0 
309.563		309.367 	 300.184402513 	 -49.3288001655 	 1 	 0 	 1 	 -1 
314.619		313.898 	 297.650741116 	 -46.8352002352 	 1 	 1 	 1 	 -1 
321.56		318.258 	 310.781469855 	 -39.0939920974 	 0 	 1 	 1 	 1 
330.266		322.411 	 336.116595185 	 -35.5908974013 	 1 	 0 	 1 	 -1 
340.597		326.33 	 358.147556956 	 -34.5669551068 	 1 	 1 	 1 	 -1 
352.406		330 	 354.386833791 	 -31.9613457756 	 1 	 0 	 1 	 0 
365.546		333.418 	 383.322230125 	 -28.1567173668 	 0 	 1 	 1 	 1 
355.074		337.053 	 347.048751393 	 -22.4713962657 	 1 	 0 	 1 	 0 
346.099		340.893 	 356.125162482 	 -21.3131802884 	 1 	 1 	 1 	 1 
338.742		344.921 	 341.233255931 	 -16.9664009342 	 1 	 1 	 1 	 0 
333.116		349.107 	 317.036162031 	 -12.7766927294 	 0 	 0 	 1 	 1 
329.31		353.413 	 326.00872429 	 -8.59700605024 	 0 	 0 	 1 	 1 
327.39		357.796 	 329.346332456 	 0.928454227045 	 0 	 1 	 1 	 1 
327.39		2.20423 	 343.163215588 	 0.461922896066 	 0 	 0 	 1 	 0 
329.31		6.58678 	 309.63372329 	 8.37004517227 	 0 	 0 	 1 	 -1 
333.116		10.8934 	 320.864209068 	 10.5085945434 	 1 	 1 	 1 	 -1 
338.742		15.0791 	 329.467071738 	 12.693509848 	 0 	 1 	 1 	 0 
346.099		19.1066 	 346.222886627 	 16.808340701 	 0 	 1 	 1 	 1 
355.074		22.9473 	 352.913125938 	 25.0153953406 	 0 	 1 	 1 	 0 
365.546		26.582 	 347.715087187 	 26.7674081358 	 1 	 1 	 1 	 -1 
377.385		30 	 382.42701207 	 27.6962135112 	 0 	 1 	 1 	 1 
365.546		33.418 	 356.078634874 	 33.9598611097 	 1 	 0 	 1 	 -1 
355.074		37.0527 	 333.153660075 	 37.4012204017 	 0 	 1 	 1 	 1 
346.099		40.8934 	 347.752869975 	 37.8441377491 	 0 	 0 	 1 	 1 
338.743		44.9209 	 331.413933244 	 48.2075146053 	 1 	 1 	 1 	 1 
333.116		49.1066 	 347.080569734 	 49.6545292402 	 1 	 0 	 1 	 0 
329.31		53.4132 	 318.303379381 	 52.8715593491 	 0 	 0 	 1 	 -1 
327.39		57.7958 	 337.715686249 	 60.4645822489 	 1 	 1 	 1 	 1 
327.39		62.2042 	 338.380825723 	 61.6785100596 	 0 	 0 	 1 	 -1 
329.31		66.5868 	 336.226320285 	 65.9678944077 	 0 	 0 	 1 	 -1 
333.116		70.8934 	 343.782089109 	 67.803894776 	 1 	 1 	 1 	 0 
338.742		75.0791 	 336.70499254 	 77.3641751395 	 0 	 1 	 1 	 1 
346.099		79.1066 	 338.794198276 	 81.0663252511 	 1 	 0 	 1 	 0 
355.074		82.9473 	 349.997142791 	 84.0788674208 	 1 	 1 	 1 	 -1 
