25.2587		30 	 46.339287358 	 166.421512372 	 0 	 0 	 1 	 1 
25.2587		90 	 64.7769837272 	 219.802615183 	 0 	 0 	 1 	 -1 
25.2587		150 	 40.7568436735 	 162.682463003 	 1 	 1 	 1 	 0 
25.2587		210 	 47.1091193441 	 144.608458476 	 1 	 1 	 1 	 1 
25.2587		270 	 87.8106128824 	 179.516349869 	 0 	 0 	 1 	 -1 
43.7478		0 	 98.1996845591 	 148.471788117 	 1 	 0 	 1 	 0 
50.5147		30 	 166.999634937 	 167.496974523 	 1 	 0 	 1 	 -1 
43.7478		60 	 145.078779584 	 139.090469323 	 0 	 1 	 1 	 0 
50.5147		90 	 21.4046963145 	 136.181947116 	 0 	 0 	 1 	 0 
43.7478		120 	 58.108676963 	 149.123610764 	 1 	 0 	 1 	 1 
50.5147		150 	 125.374232421 	 160.30375297 	 1 	 1 	 1 	 1 
43.7478		180 	 40.1384242448 	 190.684887529 	 1 	 0 	 1 	 0 
50.5147		210 	 131.084709342 	 164.928790238 	 1 	 0 	 1 	 1 
43.7478		240 	 73.0613554292 	 171.843365858 	 1 	 1 	 1 	 -1 
43.7478		300 	 68.2418924066 	 169.713210386 	 1 	 1 	 1 	 0 
50.5148		330 	 66.0282568489 	 136.459722279 	 0 	 1 	 1 	 -1 
66.8212		349.107 	 29.1738068917 	 98.3581910857 	 0 	 0 	 1 	 0 
66.8212		10.8934 	 59.2140771178 	 166.133530958 	 1 	 0 	 1 	 1 
75.7654		30 	 69.5335823868 	 146.836989473 	 0 	 1 	 1 	 -1 
66.8212		49.1066 	 69.5213455838 	 162.042169072 	 0 	 1 	 1 	 -1 
66.8212		70.8934 	 84.0134172798 	 105.716411538 	 1 	 1 	 1 	 -1 
75.7654		90 	 43.4851018977 	 154.944515089 	 0 	 0 	 1 	 -1 
66.8212		109.107 	 43.8829971231 	 178.083070198 	 1 	 0 	 1 	 0 
66.8212		130.893 	 59.4418688665 	 134.498981386 	 0 	 0 	 1 	 -1 
75.7654		150 	 56.3268144264 	 185.919441191 	 0 	 0 	 1 	 -1 
66.8212		169.107 	 25.2051757479 	 200.883552292 	 0 	 0 	 1 	 1 
66.8212		190.893 	 58.2238563991 	 149.305541748 	 1 	 0 	 1 	 -1 
66.8212		229.107 	 89.1537213175 	 133.612744436 	 0 	 0 	 1 	 1 
66.8212		250.893 	 114.812197065 	 106.365525602 	 1 	 1 	 1 	 1 
75.7654		270 	 32.8315826214 	 177.999122724 	 1 	 1 	 1 	 1 
66.8212		289.107 	 64.4949597322 	 110.845549633 	 0 	 0 	 1 	 0 
66.8212		310.893 	 69.7349469713 	 230.155143724 	 1 	 1 	 1 	 1 
75.7654		330 	 126.916172644 	 118.557257478 	 0 	 1 	 1 	 1 
91.0523		343.898 	 53.0450475492 	 151.508440856 	 0 	 0 	 1 	 -1 
87.4818		0 	 70.5324001181 	 222.183907551 	 0 	 1 	 1 	 -1 
91.0523		16.1021 	 33.1563125333 	 145.20055028 	 1 	 0 	 1 	 0 
101.008		30 	 86.7978268719 	 176.94659017 	 0 	 1 	 1 	 -1 
91.0523		43.8979 	 58.3108835784 	 181.431369767 	 1 	 0 	 1 	 0 
87.4818		60 	 54.7245444675 	 150.430421286 	 1 	 1 	 1 	 -1 
91.0523		76.1021 	 57.7095830013 	 171.69794348 	 0 	 0 	 1 	 -1 
91.0523		103.898 	 68.3360998982 	 184.303996674 	 0 	 1 	 1 	 -1 
87.4818		120 	 97.6328516744 	 172.389784353 	 0 	 1 	 1 	 -1 
91.0523		136.102 	 65.4767387173 	 162.62618922 	 1 	 0 	 1 	 0 
91.0523		163.898 	 30.8863127186 	 170.714379859 	 1 	 0 	 1 	 -1 
87.4818		180 	 74.0420656538 	 179.509885241 	 1 	 0 	 1 	 1 
91.0523		196.102 	 34.2642194955 	 83.2986071059 	 0 	 1 	 1 	 -1 
101.008		210 	 78.3015785548 	 164.4211387 	 1 	 1 	 1 	 -1 
91.0523		223.898 	 5.63757120198 	 90.5111638769 	 0 	 1 	 1 	 0 
87.4818		240 	 150.344000233 	 232.454711847 	 1 	 1 	 1 	 1 
91.0523		256.102 	 64.7056924725 	 156.014156259 	 1 	 0 	 1 	 1 
101.008		270 	 155.490794829 	 138.178778586 	 0 	 0 	 1 	 0 
91.0523		283.898 	 55.8949294453 	 173.696271588 	 1 	 0 	 1 	 1 
87.4817		300 	 63.3332241223 	 162.926200982 	 0 	 0 	 1 	 0 
91.0523		316.102 	 37.9312337398 	 90.779437652 	 1 	 1 	 1 	 -1 
101.008		330 	 50.7595692185 	 113.114451613 	 1 	 0 	 1 	 -1 
115.709		340.893 	 20.7878140414 	 188.656260733 	 1 	 0 	 1 	 -1 
110.065		353.413 	 65.7654902199 	 146.752052409 	 1 	 0 	 1 	 1 
110.065		6.58677 	 65.5351040913 	 161.916564387 	 1 	 1 	 1 	 -1 
115.709		19.1066 	 57.1808496971 	 146.046406483 	 1 	 1 	 1 	 0 
126.24		30 	 66.3027705163 	 166.692134586 	 0 	 0 	 1 	 0 
115.709		40.8934 	 171.559626356 	 186.422045795 	 1 	 1 	 1 	 0 
110.065		53.4132 	 46.7135383562 	 156.612660679 	 0 	 1 	 1 	 0 
110.065		66.5868 	 85.4250261629 	 220.045822316 	 1 	 1 	 1 	 1 
115.709		79.1066 	 113.199981392 	 196.412068953 	 0 	 0 	 1 	 1 
126.24		90 	 89.7874066676 	 123.755108811 	 1 	 0 	 1 	 0 
115.709		100.893 	 21.4706466159 	 134.466149993 	 1 	 1 	 1 	 0 
110.065		113.413 	 91.2618274265 	 175.297162261 	 1 	 0 	 1 	 0 
110.065		126.587 	 120.32077911 	 128.369930577 	 1 	 0 	 1 	 0 
115.709		139.107 	 53.1547356652 	 168.697984378 	 0 	 0 	 1 	 1 
126.24		150 	 67.5756003727 	 148.892803408 	 0 	 0 	 1 	 0 
115.709		160.893 	 17.7687964932 	 81.0918418441 	 1 	 1 	 1 	 0 
110.066		173.413 	 44.8712668903 	 145.721581217 	 1 	 0 	 1 	 1 
110.066		186.587 	 55.971542723 	 166.636401748 	 1 	 0 	 1 	 1 
115.709		199.107 	 55.5617165011 	 202.365124434 	 1 	 1 	 1 	 0 
126.24		210 	 50.362336534 	 233.790134379 	 1 	 0 	 1 	 1 
115.709		220.893 	 56.8031454361 	 167.450329757 	 0 	 0 	 1 	 1 
110.065		233.413 	 74.1445297791 	 153.429998316 	 0 	 1 	 1 	 -1 
110.065		246.587 	 105.075246074 	 152.293900632 	 0 	 0 	 1 	 -1 
115.709		259.107 	 50.8763817541 	 156.296914131 	 1 	 0 	 1 	 1 
126.24		270 	 41.5183717004 	 163.923303342 	 0 	 1 	 1 	 -1 
115.709		280.893 	 56.3367896107 	 166.108850959 	 1 	 0 	 1 	 1 
110.065		293.413 	 63.9333559161 	 115.369584278 	 1 	 1 	 1 	 -1 
110.065		306.587 	 63.3899692075 	 111.183134173 	 0 	 0 	 1 	 1 
115.709		319.107 	 37.7672423889 	 145.694395561 	 1 	 0 	 1 	 0 
126.24		330 	 132.09433734 	 142.238339272 	 1 	 0 	 1 	 -1 
140.56		338.948 	 39.5812723159 	 133.726337523 	 0 	 0 	 1 	 0 
133.593		349.107 	 110.250589369 	 177.580476967 	 0 	 1 	 1 	 0 
131.188		0 	 28.5557512644 	 182.993437143 	 0 	 1 	 1 	 -1 
133.593		10.8934 	 62.1398854229 	 110.927924253 	 0 	 1 	 1 	 -1 
140.56		21.0517 	 123.827191534 	 85.2050695373 	 1 	 1 	 1 	 -1 
151.459		30 	 61.9259644357 	 132.009316906 	 0 	 1 	 1 	 1 
140.56		38.9483 	 55.5071767248 	 251.540194265 	 1 	 1 	 1 	 -1 
133.593		49.1066 	 33.2604066273 	 184.622917021 	 0 	 1 	 1 	 1 
131.188		60 	 82.3971322813 	 170.505365191 	 1 	 1 	 1 	 -1 
133.593		70.8934 	 55.5133104053 	 84.222674587 	 1 	 1 	 1 	 -1 
140.56		81.0517 	 35.7475971666 	 183.918491422 	 1 	 1 	 1 	 -1 
151.459		90 	 103.819199649 	 163.259495842 	 1 	 1 	 1 	 0 
140.56		98.9483 	 36.1946670692 	 174.073090401 	 0 	 1 	 1 	 0 
133.593		109.107 	 55.7625599798 	 166.37420144 	 0 	 0 	 1 	 0 
131.188		120 	 68.881080845 	 188.620761329 	 1 	 0 	 1 	 1 
133.593		130.893 	 86.9698423431 	 234.280370988 	 0 	 0 	 1 	 0 
140.56		141.052 	 59.4218337258 	 117.16372265 	 1 	 0 	 1 	 -1 
151.459		150 	 79.6768656338 	 222.666853919 	 1 	 0 	 1 	 1 
140.56		158.948 	 89.400421199 	 178.340811111 	 0 	 0 	 1 	 0 
133.593		169.107 	 56.3006026748 	 162.736103245 	 0 	 0 	 1 	 1 
131.188		180 	 50.845926989 	 268.579946756 	 1 	 0 	 1 	 0 
133.593		190.893 	 50.2003253104 	 112.913541641 	 1 	 0 	 1 	 -1 
140.56		201.052 	 12.621694428 	 165.49502131 	 0 	 0 	 1 	 -1 
151.459		210 	 154.801867974 	 126.963975682 	 1 	 1 	 1 	 0 
140.56		218.948 	 80.4683063231 	 182.961276587 	 1 	 1 	 1 	 0 
133.593		229.107 	 82.30266569 	 167.421239896 	 0 	 0 	 1 	 0 
131.188		240 	 52.0507046347 	 163.063904424 	 1 	 0 	 1 	 1 
133.592		250.893 	 92.4917488105 	 145.049164423 	 1 	 1 	 1 	 0 
140.56		261.052 	 52.5642707915 	 183.446002556 	 0 	 0 	 1 	 -1 
151.459		270 	 58.1475393448 	 145.796898119 	 1 	 0 	 1 	 1 
140.56		278.948 	 155.151107013 	 136.333824491 	 1 	 0 	 1 	 1 
133.592		289.107 	 112.314385413 	 190.026234806 	 0 	 0 	 1 	 0 
131.188		300 	 12.4807187566 	 121.883523751 	 0 	 1 	 1 	 0 
133.593		310.893 	 51.7279092059 	 172.725052475 	 1 	 1 	 1 	 0 
140.56		321.052 	 46.5838476399 	 160.117834843 	 0 	 1 	 1 	 -1 
151.459		330 	 61.8911723914 	 168.936903499 	 1 	 1 	 1 	 1 
165.51		337.589 	 78.880039744 	 266.812707065 	 1 	 0 	 1 	 -1 
157.635		346.102 	 105.449249911 	 148.84310061 	 0 	 0 	 1 	 -1 
153.545		355.285 	 104.00562446 	 147.900935552 	 0 	 0 	 1 	 -1 
153.545		4.715 	 86.7671648804 	 87.8519127352 	 1 	 0 	 1 	 0 
157.635		13.8979 	 68.2862314373 	 170.650963706 	 0 	 0 	 1 	 1 
165.51		22.4109 	 38.9871043221 	 226.247887548 	 1 	 1 	 1 	 0 
176.661		30 	 124.288355832 	 145.317528099 	 0 	 0 	 1 	 0 
165.51		37.5891 	 53.7167952521 	 150.204590263 	 1 	 0 	 1 	 0 
157.635		46.1021 	 46.7099414378 	 179.934859979 	 0 	 0 	 1 	 0 
153.545		55.285 	 10.6938694018 	 189.038416465 	 0 	 0 	 1 	 -1 
153.545		64.715 	 125.900434089 	 137.730123207 	 1 	 0 	 1 	 0 
157.635		73.8979 	 43.6134002415 	 60.9365552928 	 1 	 1 	 1 	 1 
165.51		82.4109 	 54.6097245246 	 151.906293306 	 1 	 1 	 1 	 -1 
176.661		90 	 99.1105206643 	 181.405140081 	 1 	 0 	 1 	 1 
165.51		97.5891 	 53.1439384509 	 166.960248008 	 0 	 0 	 1 	 0 
157.635		106.102 	 58.4390631622 	 123.080562896 	 1 	 1 	 1 	 0 
153.545		115.285 	 55.151511689 	 163.269026147 	 1 	 0 	 1 	 1 
153.545		124.715 	 76.1804568107 	 152.765917745 	 1 	 0 	 1 	 1 
157.635		133.898 	 66.683043523 	 159.580731926 	 0 	 0 	 1 	 -1 
165.51		142.411 	 106.286306994 	 154.541241127 	 1 	 0 	 1 	 -1 
176.661		150 	 75.1756855269 	 175.173689361 	 1 	 0 	 1 	 -1 
165.509		157.589 	 85.0429482467 	 175.86863335 	 1 	 1 	 1 	 -1 
157.635		166.102 	 71.3581132077 	 192.032522247 	 0 	 1 	 1 	 0 
153.546		175.285 	 33.4726896923 	 144.940392263 	 1 	 0 	 1 	 -1 
153.546		184.715 	 69.4969899522 	 129.544660479 	 1 	 0 	 1 	 -1 
157.635		193.898 	 87.1130218658 	 206.881892735 	 1 	 0 	 1 	 1 
165.509		202.411 	 47.3182854538 	 215.418645348 	 1 	 1 	 1 	 -1 
165.51		217.589 	 143.3117611 	 209.389947239 	 0 	 0 	 1 	 -1 
157.635		226.102 	 41.4272664439 	 161.019968825 	 0 	 1 	 1 	 0 
153.545		235.285 	 106.998199886 	 211.5291669 	 0 	 1 	 1 	 1 
153.545		244.715 	 59.5298649996 	 206.447548975 	 0 	 1 	 1 	 -1 
157.635		253.898 	 58.3039036003 	 162.957924493 	 1 	 1 	 1 	 -1 
165.51		262.411 	 97.2190207024 	 229.876633171 	 0 	 0 	 1 	 1 
176.661		270 	 147.287933749 	 211.802639107 	 1 	 1 	 1 	 1 
165.51		277.589 	 96.365938641 	 210.623571178 	 0 	 0 	 1 	 -1 
157.635		286.102 	 43.8085303383 	 213.443546131 	 0 	 1 	 1 	 1 
153.545		295.285 	 56.4589613531 	 164.480261471 	 1 	 1 	 1 	 0 
153.545		304.715 	 41.1103556147 	 139.592843985 	 1 	 0 	 1 	 -1 
157.635		313.898 	 57.8505840447 	 166.297416162 	 0 	 0 	 1 	 1 
165.51		322.411 	 66.9151316829 	 148.620783846 	 0 	 0 	 1 	 -1 
176.661		330 	 57.0860959185 	 179.506221767 	 1 	 0 	 1 	 1 
190.511		336.587 	 55.5091848936 	 166.01282054 	 0 	 1 	 1 	 0 
181.979		343.898 	 72.4219071103 	 153.262661706 	 0 	 1 	 1 	 0 
176.661		351.787 	 77.4601722195 	 184.953479513 	 1 	 0 	 1 	 0 
174.852		0 	 61.3417670871 	 194.222857814 	 0 	 1 	 1 	 1 
176.661		8.21321 	 24.1926523869 	 178.483448511 	 0 	 1 	 1 	 -1 
181.979		16.1021 	 32.4077715781 	 132.791439736 	 0 	 0 	 1 	 -1 
190.511		23.4132 	 73.1822210728 	 180.213846936 	 0 	 1 	 1 	 0 
201.845		30 	 46.1938188023 	 162.049634908 	 0 	 0 	 1 	 0 
181.979		43.8979 	 56.942084718 	 178.313379123 	 1 	 0 	 1 	 0 
176.661		51.7868 	 68.0172244383 	 282.388418872 	 1 	 1 	 1 	 0 
174.852		60 	 19.1823649127 	 181.105695434 	 1 	 0 	 1 	 -1 
176.661		68.2132 	 32.9046161041 	 255.45911634 	 1 	 1 	 1 	 0 
181.979		76.1021 	 43.3012480829 	 233.560400368 	 1 	 1 	 1 	 1 
190.511		83.4132 	 95.9268395066 	 174.204664895 	 1 	 0 	 1 	 0 
201.845		90 	 55.191953259 	 170.613233405 	 1 	 0 	 1 	 -1 
190.511		96.5868 	 51.3018431911 	 153.10456071 	 0 	 1 	 1 	 0 
181.979		103.898 	 62.0576991074 	 163.621006431 	 0 	 1 	 1 	 -1 
176.661		111.787 	 108.651333546 	 127.334155669 	 1 	 0 	 1 	 0 
174.852		120 	 81.3105766938 	 146.56813681 	 1 	 1 	 1 	 -1 
176.661		128.213 	 46.8987395912 	 185.758711281 	 1 	 0 	 1 	 -1 
181.979		136.102 	 79.8254290976 	 168.399765847 	 1 	 0 	 1 	 1 
190.51		143.413 	 56.5527570423 	 167.721042229 	 1 	 0 	 1 	 -1 
201.845		150 	 47.8621483396 	 91.2107725113 	 0 	 1 	 1 	 0 
190.511		156.587 	 61.2609178315 	 173.109774608 	 1 	 1 	 1 	 -1 
181.979		163.898 	 82.3168784646 	 191.316859566 	 1 	 1 	 1 	 -1 
176.661		171.787 	 74.4316635399 	 145.148267213 	 0 	 1 	 1 	 1 
174.852		180 	 30.0429544877 	 152.612709104 	 0 	 1 	 1 	 -1 
176.661		188.213 	 74.0651380082 	 125.276357721 	 1 	 0 	 1 	 1 
181.979		196.102 	 92.8281612862 	 152.654061004 	 0 	 0 	 1 	 1 
190.511		203.413 	 41.3112009572 	 127.264806926 	 1 	 1 	 1 	 1 
201.845		210 	 23.7839093534 	 199.695667766 	 1 	 0 	 1 	 1 
190.51		216.587 	 72.2280976946 	 140.701704652 	 0 	 1 	 1 	 1 
181.979		223.898 	 93.6503404939 	 249.065852745 	 0 	 0 	 1 	 1 
176.661		231.787 	 58.166069909 	 165.964517173 	 0 	 1 	 1 	 -1 
174.853		240 	 104.791402993 	 209.333531765 	 1 	 1 	 1 	 0 
176.662		248.213 	 64.7209802537 	 175.394383946 	 1 	 1 	 1 	 0 
181.979		256.102 	 52.4228481863 	 168.739958043 	 0 	 1 	 1 	 -1 
190.511		263.413 	 81.6872556033 	 177.162593362 	 1 	 0 	 1 	 1 
190.511		276.587 	 49.4843483567 	 138.128631467 	 1 	 0 	 1 	 1 
181.979		283.898 	 26.92466897 	 193.421916944 	 1 	 1 	 1 	 0 
176.662		291.787 	 90.8927972701 	 176.131485345 	 0 	 0 	 1 	 1 
174.853		300 	 52.6651302955 	 156.529462989 	 1 	 0 	 1 	 -1 
176.661		308.213 	 41.856504047 	 247.94299739 	 1 	 1 	 1 	 0 
181.979		316.102 	 100.31247344 	 137.951813885 	 1 	 1 	 1 	 1 
190.511		323.413 	 146.608186033 	 117.975148461 	 1 	 1 	 1 	 -1 
201.845		330 	 44.8702615208 	 208.387216527 	 0 	 0 	 1 	 -1 
215.536		335.818 	 95.9588627229 	 128.311458326 	 1 	 1 	 1 	 1 
206.511		342.216 	 110.188920888 	 152.881759211 	 0 	 0 	 1 	 -1 
200.265		349.107 	 75.9257669187 	 100.894513226 	 1 	 0 	 1 	 0 
197.068		356.329 	 81.7231651628 	 248.17528134 	 1 	 0 	 1 	 1 
197.068		3.6705 	 62.2273003366 	 171.818211764 	 0 	 1 	 1 	 1 
200.265		10.8934 	 28.5963970522 	 199.260328212 	 1 	 1 	 1 	 1 
206.511		17.7836 	 46.0417657861 	 184.51028373 	 0 	 0 	 1 	 0 
215.536		24.1825 	 68.5590988243 	 123.223081206 	 0 	 1 	 1 	 0 
227.007		30 	 98.0936301569 	 158.691419805 	 0 	 0 	 1 	 1 
215.536		35.8175 	 66.7896971469 	 163.993659223 	 0 	 1 	 1 	 0 
206.511		42.2164 	 72.3263734858 	 199.885113607 	 1 	 0 	 1 	 0 
200.265		49.1066 	 123.604527678 	 201.177040356 	 0 	 0 	 1 	 -1 
197.068		56.3295 	 73.0060073558 	 167.440156459 	 0 	 1 	 1 	 -1 
197.068		63.6705 	 49.2219149612 	 193.992619431 	 0 	 0 	 1 	 0 
200.265		70.8934 	 53.5926438096 	 164.431147066 	 1 	 1 	 1 	 0 
206.511		77.7836 	 85.5765633857 	 137.199998637 	 0 	 0 	 1 	 0 
215.536		84.1825 	 74.8564115393 	 135.873619562 	 1 	 1 	 1 	 1 
227.007		90 	 68.5838292503 	 185.456651494 	 1 	 1 	 1 	 1 
215.536		95.8175 	 39.1843373281 	 126.005118085 	 1 	 1 	 1 	 0 
206.511		102.216 	 62.0810877146 	 178.074598378 	 0 	 1 	 1 	 0 
200.265		109.107 	 111.987335774 	 151.513466584 	 1 	 0 	 1 	 0 
197.068		116.33 	 55.8906298096 	 165.940001033 	 0 	 0 	 1 	 1 
197.068		123.671 	 25.6030091693 	 104.360927837 	 1 	 0 	 1 	 0 
200.265		130.893 	 55.3134025864 	 204.987175951 	 0 	 0 	 1 	 1 
206.51		137.784 	 36.6189294937 	 210.85196803 	 0 	 1 	 1 	 0 
215.536		144.182 	 49.4977388566 	 163.850257849 	 1 	 1 	 1 	 -1 
227.007		150 	 76.8130827707 	 216.129197782 	 1 	 1 	 1 	 0 
215.536		155.818 	 88.0809911708 	 227.925783161 	 0 	 0 	 1 	 1 
206.511		162.216 	 62.8376916219 	 158.845503605 	 0 	 0 	 1 	 0 
200.266		169.107 	 39.5120985637 	 107.665222952 	 1 	 1 	 1 	 0 
197.068		176.33 	 51.6069930445 	 167.638495918 	 1 	 0 	 1 	 0 
197.068		183.671 	 107.083414907 	 191.180763829 	 0 	 0 	 1 	 -1 
200.266		190.893 	 71.1990398621 	 185.211239398 	 0 	 1 	 1 	 -1 
206.511		197.784 	 32.9706965509 	 136.70799725 	 1 	 0 	 1 	 1 
215.536		204.182 	 65.5961951132 	 217.466080505 	 1 	 0 	 1 	 0 
227.007		210 	 34.6528569122 	 154.662498304 	 1 	 0 	 1 	 -1 
215.536		215.818 	 104.369567945 	 151.382858551 	 1 	 1 	 1 	 0 
206.51		222.216 	 28.3277345114 	 142.204745864 	 0 	 1 	 1 	 0 
200.265		229.107 	 101.677521061 	 174.001886136 	 1 	 1 	 1 	 0 
197.068		236.329 	 50.9574052463 	 277.164275885 	 0 	 0 	 1 	 -1 
197.068		243.671 	 52.678063686 	 79.7657078124 	 0 	 1 	 1 	 0 
200.265		250.893 	 129.985665579 	 163.063381372 	 0 	 1 	 1 	 -1 
206.51		257.784 	 95.4995933164 	 178.820718114 	 1 	 0 	 1 	 0 
215.536		264.182 	 64.3010163059 	 136.06220042 	 0 	 1 	 1 	 -1 
227.007		270 	 69.7589479985 	 167.335627069 	 1 	 1 	 1 	 -1 
215.536		275.818 	 28.2151774335 	 37.7903317701 	 0 	 0 	 1 	 0 
206.51		282.216 	 54.7891754934 	 166.836412674 	 1 	 0 	 1 	 1 
200.265		289.107 	 40.6674170786 	 226.498217654 	 1 	 1 	 1 	 0 
197.068		296.329 	 125.236760828 	 216.8809871 	 1 	 0 	 1 	 -1 
197.068		303.67 	 66.6281636834 	 177.957720683 	 0 	 1 	 1 	 0 
200.265		310.893 	 72.7563997142 	 145.307852637 	 0 	 1 	 1 	 1 
206.511		317.784 	 85.6834047445 	 186.269059979 	 1 	 0 	 1 	 -1 
227.008		330 	 27.9025559116 	 224.979954852 	 1 	 1 	 1 	 -1 
240.57		335.209 	 59.7882569038 	 151.734126404 	 0 	 0 	 1 	 0 
231.161		340.893 	 46.3608229688 	 114.580918765 	 1 	 1 	 1 	 0 
224.195		346.996 	 17.5224018844 	 135.190665585 	 0 	 0 	 1 	 -1 
219.909		353.413 	 79.9455387733 	 136.205664286 	 1 	 0 	 1 	 1 
218.461		0 	 102.862961773 	 122.090323838 	 0 	 1 	 1 	 -1 
219.909		6.58678 	 61.397548301 	 175.294514641 	 1 	 0 	 1 	 -1 
224.195		13.0039 	 66.0506888885 	 155.569468779 	 0 	 1 	 1 	 0 
231.161		19.1066 	 90.0890099527 	 209.439798316 	 1 	 0 	 1 	 1 
240.57		24.7913 	 82.9627855903 	 189.380028223 	 1 	 0 	 1 	 -1 
252.146		30 	 67.3925906556 	 153.502213052 	 1 	 0 	 1 	 -1 
240.57		35.2087 	 7.82346705133 	 163.242311429 	 1 	 1 	 1 	 0 
231.161		40.8934 	 83.6397222961 	 155.181590198 	 1 	 1 	 1 	 0 
224.195		46.9961 	 61.6445244894 	 144.198837302 	 1 	 1 	 1 	 -1 
219.909		53.4132 	 160.486144479 	 156.114775881 	 0 	 0 	 1 	 -1 
218.461		60 	 54.8818342427 	 161.81056465 	 1 	 1 	 1 	 -1 
219.909		66.5868 	 43.0309134494 	 219.711574243 	 1 	 0 	 1 	 0 
224.195		73.0039 	 65.7298854361 	 187.854516437 	 0 	 1 	 1 	 -1 
231.161		79.1066 	 104.667791391 	 221.927489995 	 1 	 0 	 1 	 1 
240.57		84.7913 	 19.0074558517 	 29.1201922179 	 1 	 0 	 1 	 0 
240.57		95.2087 	 50.7003716863 	 169.788038232 	 0 	 1 	 1 	 1 
231.161		100.893 	 36.727402553 	 28.0053806491 	 0 	 1 	 1 	 0 
224.195		106.996 	 49.1615412097 	 155.738890216 	 1 	 1 	 1 	 -1 
219.909		113.413 	 57.7485049746 	 165.897789884 	 0 	 1 	 1 	 0 
218.461		120 	 54.2614799724 	 167.942015287 	 1 	 0 	 1 	 0 
219.909		126.587 	 156.475552721 	 177.455671151 	 0 	 0 	 1 	 -1 
224.195		133.004 	 99.0117638779 	 170.964689469 	 0 	 0 	 1 	 1 
231.161		139.107 	 126.808155206 	 149.11180866 	 1 	 0 	 1 	 -1 
252.146		150 	 56.1329354217 	 165.858281263 	 0 	 1 	 1 	 -1 
240.57		155.209 	 50.4620657604 	 178.412495489 	 1 	 1 	 1 	 0 
231.16		160.893 	 15.1366872003 	 145.309438035 	 0 	 0 	 1 	 1 
224.196		166.996 	 33.2747319459 	 157.241578935 	 1 	 1 	 1 	 1 
219.909		173.413 	 73.2370640087 	 161.062873818 	 1 	 0 	 1 	 -1 
218.461		180 	 82.7902387161 	 205.295475197 	 1 	 1 	 1 	 -1 
219.909		186.587 	 44.6024807048 	 176.423156372 	 1 	 0 	 1 	 0 
224.196		193.004 	 12.192749188 	 70.1934659144 	 1 	 1 	 1 	 0 
231.16		199.107 	 55.3432183416 	 164.260499753 	 0 	 1 	 1 	 -1 
240.57		204.791 	 62.2514800617 	 108.808740125 	 0 	 1 	 1 	 0 
252.146		210 	 69.513870661 	 141.56344918 	 0 	 1 	 1 	 0 
240.57		215.209 	 172.974156527 	 142.734485663 	 1 	 0 	 1 	 0 
231.161		220.893 	 54.7432775566 	 167.407724298 	 0 	 1 	 1 	 1 
224.196		226.996 	 70.6379285649 	 225.845509577 	 0 	 0 	 1 	 1 
219.909		233.413 	 44.3729814517 	 179.644165612 	 1 	 1 	 1 	 -1 
218.461		240 	 56.2508826123 	 172.137340257 	 0 	 1 	 1 	 1 
219.909		246.587 	 54.2724385788 	 181.315673435 	 0 	 0 	 1 	 -1 
224.195		253.004 	 41.0116130387 	 350.504874714 	 0 	 0 	 1 	 1 
231.16		259.107 	 108.341860068 	 159.28490116 	 0 	 0 	 1 	 0 
240.57		264.791 	 89.6331559769 	 147.68897705 	 1 	 1 	 1 	 1 
252.146		270 	 65.7002445551 	 181.583072101 	 0 	 0 	 1 	 0 
240.57		275.209 	 55.3717895333 	 150.299553551 	 0 	 1 	 1 	 1 
231.16		280.893 	 72.8314175704 	 166.338991942 	 1 	 1 	 1 	 1 
224.195		286.996 	 72.6360122201 	 224.836368823 	 1 	 1 	 1 	 -1 
219.909		293.413 	 77.7722964216 	 184.876029381 	 1 	 1 	 1 	 0 
218.461		300 	 65.9158692016 	 218.765635692 	 1 	 0 	 1 	 1 
219.909		306.587 	 54.0922685488 	 163.046138263 	 0 	 1 	 1 	 -1 
224.196		313.004 	 58.3346084429 	 230.619690872 	 1 	 1 	 1 	 0 
231.161		319.107 	 25.7089330336 	 302.904646459 	 1 	 0 	 1 	 0 
240.57		324.791 	 62.1851390812 	 156.691067621 	 1 	 0 	 1 	 1 
252.146		330 	 58.991361293 	 174.114185203 	 1 	 0 	 1 	 1 
265.601		334.715 	 56.1741817742 	 172.493988488 	 0 	 1 	 1 	 1 
255.886		339.826 	 58.4928614049 	 178.589637929 	 1 	 1 	 1 	 1 
248.348		345.295 	 6.73737187542 	 75.9698324245 	 1 	 0 	 1 	 -1 
243.191		351.052 	 93.215104155 	 127.635035487 	 1 	 1 	 1 	 1 
240.57		356.996 	 55.2232709328 	 273.105084332 	 0 	 0 	 1 	 -1 
240.57		3.00449 	 50.736423029 	 180.237896267 	 1 	 0 	 1 	 1 
243.191		8.94827 	 52.279086437 	 204.095893816 	 0 	 0 	 1 	 -1 
248.348		14.7047 	 35.8531264536 	 119.38527162 	 0 	 1 	 1 	 -1 
255.886		20.1736 	 68.2505579517 	 169.088861275 	 0 	 0 	 1 	 0 
265.601		25.285 	 9.8159544806 	 187.620317702 	 1 	 1 	 1 	 1 
277.258		30 	 129.146772509 	 114.457387647 	 1 	 0 	 1 	 1 
265.601		34.715 	 19.967970904 	 226.313004443 	 1 	 0 	 1 	 -1 
255.887		39.8264 	 55.8758072987 	 165.924558956 	 0 	 1 	 1 	 0 
248.348		45.2953 	 50.3738843657 	 165.30096418 	 0 	 1 	 1 	 1 
243.191		51.0517 	 30.6701289379 	 123.363506455 	 1 	 0 	 1 	 1 
240.57		56.9955 	 37.9360630902 	 185.479014818 	 1 	 1 	 1 	 1 
240.57		63.0045 	 56.7727784321 	 163.316622743 	 1 	 1 	 1 	 -1 
243.191		68.9483 	 105.552812639 	 146.326731403 	 1 	 0 	 1 	 0 
248.348		74.7047 	 43.0404937035 	 129.802882101 	 1 	 1 	 1 	 0 
255.887		80.1736 	 129.844988033 	 144.089368397 	 0 	 0 	 1 	 -1 
265.601		85.285 	 52.6435891784 	 157.954509106 	 0 	 1 	 1 	 1 
277.257		90 	 49.8909130463 	 129.554378255 	 1 	 0 	 1 	 -1 
265.601		94.715 	 25.8053148297 	 101.751391463 	 1 	 1 	 1 	 -1 
255.887		99.8264 	 79.0631375183 	 137.612129441 	 0 	 0 	 1 	 0 
248.348		105.295 	 55.8871862235 	 222.444537846 	 0 	 0 	 1 	 0 
243.191		111.052 	 67.8346272877 	 152.734500878 	 1 	 1 	 1 	 -1 
240.57		116.996 	 75.3483076284 	 183.350083759 	 1 	 1 	 1 	 0 
240.57		123.005 	 184.840594219 	 209.350426061 	 1 	 0 	 1 	 0 
243.191		128.948 	 116.695436023 	 154.265303307 	 0 	 1 	 1 	 0 
248.348		134.705 	 75.0573296352 	 39.6906967 	 1 	 0 	 1 	 0 
255.887		140.174 	 56.473145465 	 171.224046849 	 0 	 0 	 1 	 -1 
265.6		145.285 	 62.8714331988 	 96.7512481571 	 0 	 0 	 1 	 1 
277.257		150 	 44.0247142762 	 132.922096726 	 0 	 0 	 1 	 0 
265.601		154.715 	 54.6605537473 	 165.322674573 	 0 	 0 	 1 	 1 
255.886		159.826 	 62.091229985 	 146.306651018 	 0 	 0 	 1 	 -1 
248.348		165.295 	 74.3079895362 	 160.522912407 	 0 	 1 	 1 	 -1 
243.191		171.052 	 64.117170908 	 169.916790016 	 1 	 1 	 1 	 0 
240.57		176.996 	 46.4819577062 	 187.490734665 	 1 	 0 	 1 	 0 
240.57		183.005 	 101.403007505 	 150.465038167 	 1 	 0 	 1 	 -1 
243.191		188.948 	 55.3565568427 	 184.608812222 	 0 	 0 	 1 	 -1 
248.348		194.705 	 135.524633492 	 163.287433465 	 0 	 1 	 1 	 1 
255.886		200.174 	 50.2910757307 	 198.476557968 	 1 	 1 	 1 	 -1 
265.601		205.285 	 56.4239426265 	 171.083922126 	 0 	 1 	 1 	 0 
277.258		210 	 108.108691008 	 173.329983642 	 0 	 0 	 1 	 -1 
265.6		214.715 	 53.9716988824 	 165.937242259 	 0 	 1 	 1 	 -1 
255.887		219.826 	 50.3634201461 	 169.614856021 	 0 	 0 	 1 	 0 
248.348		225.295 	 76.5391771855 	 173.186642469 	 0 	 0 	 1 	 -1 
243.191		231.052 	 70.0216801422 	 142.800647807 	 1 	 0 	 1 	 -1 
240.57		236.995 	 111.075478871 	 162.742555642 	 1 	 1 	 1 	 -1 
240.57		243.004 	 99.6271293773 	 197.073800596 	 0 	 1 	 1 	 0 
243.19		248.948 	 74.6380406616 	 245.933889922 	 1 	 0 	 1 	 -1 
248.348		254.705 	 56.0650706132 	 169.854883908 	 1 	 1 	 1 	 -1 
255.886		260.174 	 105.434272189 	 147.378149574 	 1 	 0 	 1 	 -1 
265.601		265.285 	 171.387508542 	 140.312931189 	 1 	 0 	 1 	 1 
277.258		270 	 49.0994327946 	 163.060956488 	 0 	 0 	 1 	 -1 
265.601		274.715 	 23.1793212713 	 7.7385165653 	 1 	 0 	 1 	 0 
255.886		279.826 	 91.9937661233 	 152.725984416 	 1 	 0 	 1 	 -1 
248.348		285.295 	 35.9472047162 	 227.95104987 	 1 	 0 	 1 	 -1 
243.19		291.052 	 89.6652426145 	 168.696660831 	 0 	 1 	 1 	 1 
240.57		296.996 	 60.7383749219 	 197.696875744 	 1 	 0 	 1 	 0 
240.57		303.004 	 56.5522871824 	 166.02684895 	 1 	 0 	 1 	 1 
243.191		308.948 	 91.8537886672 	 160.357344471 	 0 	 0 	 1 	 1 
248.348		314.705 	 100.140324311 	 170.393586629 	 1 	 0 	 1 	 0 
255.886		320.174 	 90.1085705865 	 148.499646827 	 1 	 0 	 1 	 1 
265.6		325.285 	 64.3442657304 	 174.926926664 	 0 	 0 	 1 	 1 
277.258		330 	 54.7489562845 	 184.168123834 	 0 	 0 	 1 	 0 
290.619		334.307 	 64.3602529739 	 162.723020896 	 1 	 1 	 1 	 1 
280.659		338.948 	 66.258448224 	 164.290040825 	 0 	 1 	 1 	 0 
272.656		343.898 	 32.1153318806 	 324.547737669 	 1 	 0 	 1 	 -1 
266.79		349.107 	 83.6699524286 	 202.691525193 	 1 	 0 	 1 	 1 
263.206		354.504 	 59.1043358517 	 170.42677838 	 1 	 0 	 1 	 0 
262.001		0 	 58.345893022 	 188.024739441 	 0 	 1 	 1 	 -1 
263.206		5.49637 	 55.474003821 	 192.056190173 	 0 	 0 	 1 	 1 
266.79		10.8934 	 90.6319240427 	 200.878278149 	 0 	 1 	 1 	 -1 
272.656		16.1021 	 33.3371783761 	 91.6853636051 	 0 	 0 	 1 	 1 
280.659		21.0517 	 49.870127001 	 170.254360137 	 1 	 1 	 1 	 -1 
290.619		25.6934 	 47.5311968561 	 155.122079945 	 1 	 0 	 1 	 -1 
302.34		30 	 52.0448349727 	 178.682370312 	 0 	 0 	 1 	 0 
290.619		34.3066 	 35.2854804671 	 152.871893125 	 0 	 0 	 1 	 -1 
280.659		38.9483 	 138.204912039 	 178.577807043 	 1 	 0 	 1 	 0 
272.656		43.8979 	 42.5478453225 	 189.610777307 	 0 	 0 	 1 	 -1 
266.789		49.1066 	 68.5212747869 	 169.146069913 	 0 	 0 	 1 	 0 
263.206		54.5036 	 63.6956362367 	 224.953150521 	 0 	 0 	 1 	 -1 
262.001		60 	 82.5754996596 	 155.765622883 	 1 	 1 	 1 	 0 
263.206		65.4964 	 40.6322585151 	 194.803056182 	 1 	 1 	 1 	 -1 
266.79		70.8934 	 111.209976557 	 143.570713017 	 1 	 0 	 1 	 0 
272.656		76.1021 	 48.6055500902 	 115.792641312 	 0 	 1 	 1 	 -1 
280.659		81.0517 	 52.4741420046 	 165.535706322 	 0 	 0 	 1 	 0 
290.619		85.6934 	 64.6471503377 	 159.123809287 	 1 	 1 	 1 	 -1 
302.34		90 	 88.5967978878 	 220.963684444 	 0 	 0 	 1 	 0 
290.619		94.3066 	 23.6269555928 	 61.9424144807 	 1 	 1 	 1 	 -1 
280.659		98.9483 	 81.668151572 	 179.864387974 	 0 	 0 	 1 	 1 
272.655		103.898 	 136.523674961 	 136.552586706 	 0 	 0 	 1 	 0 
266.79		109.107 	 29.093857755 	 119.7490913 	 1 	 0 	 1 	 0 
263.206		114.504 	 86.173585241 	 95.5063598704 	 0 	 1 	 1 	 0 
262		120 	 117.734721558 	 197.966556446 	 1 	 0 	 1 	 -1 
263.206		125.496 	 100.26834675 	 203.778509927 	 1 	 1 	 1 	 1 
266.79		130.893 	 11.309265811 	 187.129185353 	 0 	 1 	 1 	 1 
272.655		136.102 	 57.0455128754 	 224.069709174 	 0 	 0 	 1 	 1 
280.659		141.052 	 62.8629137048 	 193.125923836 	 0 	 0 	 1 	 1 
290.619		145.693 	 51.2982477222 	 168.244742812 	 1 	 1 	 1 	 -1 
302.34		150 	 37.7801728983 	 109.825157122 	 1 	 1 	 1 	 0 
290.619		154.307 	 58.2064094087 	 165.58358547 	 0 	 0 	 1 	 0 
280.659		158.948 	 126.177456375 	 20.6173801974 	 0 	 1 	 1 	 -1 
272.656		163.898 	 23.7697620656 	 167.843222988 	 0 	 1 	 1 	 1 
266.789		169.107 	 55.464998298 	 167.990063238 	 0 	 0 	 1 	 -1 
263.206		174.504 	 91.4846309273 	 154.991498015 	 1 	 1 	 1 	 1 
262.001		180 	 64.8172656827 	 178.167566491 	 1 	 1 	 1 	 1 
263.206		185.496 	 133.792954979 	 155.362400603 	 0 	 1 	 1 	 -1 
266.789		190.893 	 144.029930897 	 157.140311693 	 0 	 1 	 1 	 0 
272.656		196.102 	 101.66654985 	 170.150180196 	 1 	 1 	 1 	 1 
280.659		201.052 	 69.6629518896 	 262.270912826 	 0 	 0 	 1 	 1 
290.619		205.693 	 54.2443586723 	 161.023322581 	 0 	 0 	 1 	 1 
302.34		210 	 66.860877422 	 117.86605393 	 1 	 0 	 1 	 1 
290.619		214.307 	 110.577691918 	 180.099278633 	 1 	 1 	 1 	 -1 
280.658		218.948 	 38.6504041832 	 194.265362206 	 0 	 1 	 1 	 1 
272.656		223.898 	 79.8363453654 	 191.310030745 	 1 	 0 	 1 	 -1 
266.79		229.107 	 24.0170592411 	 91.6618758943 	 0 	 0 	 1 	 1 
263.206		234.504 	 55.8163986846 	 166.376268434 	 0 	 0 	 1 	 0 
262		240 	 72.7938106475 	 161.520257949 	 0 	 0 	 1 	 1 
263.206		245.496 	 122.696572929 	 186.504604614 	 1 	 1 	 1 	 -1 
266.789		250.893 	 63.4178982371 	 179.925159575 	 0 	 1 	 1 	 0 
272.656		256.102 	 142.921548183 	 187.218137481 	 0 	 1 	 1 	 -1 
280.659		261.052 	 28.1756296736 	 162.184455838 	 1 	 1 	 1 	 0 
290.62		265.693 	 77.1608759699 	 65.7301340524 	 1 	 1 	 1 	 1 
302.34		270 	 55.8135520816 	 165.904876795 	 1 	 1 	 1 	 0 
290.62		274.307 	 87.2094608755 	 189.019379676 	 1 	 0 	 1 	 1 
280.659		278.948 	 41.6209818288 	 208.311011747 	 1 	 0 	 1 	 -1 
272.656		283.898 	 58.5707908596 	 59.2526135264 	 1 	 0 	 1 	 -1 
266.789		289.107 	 46.5951419975 	 156.56735573 	 1 	 1 	 1 	 0 
263.206		294.504 	 59.755217201 	 139.812162218 	 1 	 0 	 1 	 1 
262		300 	 74.2874739556 	 148.2514936 	 0 	 1 	 1 	 1 
263.206		305.496 	 53.5920680484 	 158.612780595 	 0 	 1 	 1 	 1 
266.79		310.893 	 38.3386916344 	 190.791026702 	 0 	 0 	 1 	 -1 
272.656		316.102 	 55.3494496373 	 159.799751375 	 0 	 0 	 1 	 -1 
280.659		321.052 	 54.4320045586 	 172.961068909 	 0 	 0 	 1 	 -1 
290.619		325.693 	 60.1169360146 	 180.570598097 	 0 	 0 	 1 	 0 
302.34		330 	 79.235171424 	 195.396504246 	 0 	 1 	 1 	 -1 
315.62		333.963 	 56.8588704926 	 217.781436443 	 1 	 0 	 1 	 1 
305.457		338.213 	 76.0191111638 	 176.282020768 	 0 	 0 	 1 	 0 
297.071		342.731 	 121.705773557 	 230.928471628 	 0 	 1 	 1 	 0 
290.619		347.48 	 53.2384641779 	 165.359493339 	 1 	 0 	 1 	 0 
286.236		352.411 	 44.2683607064 	 126.81790764 	 0 	 1 	 1 	 -1 
284.018		357.457 	 100.287526898 	 185.285851877 	 0 	 1 	 1 	 0 
284.018		2.54292 	 110.258902408 	 225.069993079 	 0 	 0 	 1 	 -1 
286.236		7.58909 	 71.0841586216 	 222.375039352 	 0 	 1 	 1 	 -1 
290.619		12.5198 	 110.479498302 	 119.134831947 	 0 	 0 	 1 	 0 
297.071		17.2695 	 67.9503398915 	 212.269626577 	 0 	 0 	 1 	 1 
305.457		21.7868 	 90.9541392328 	 182.240186463 	 0 	 1 	 1 	 0 
315.62		26.0368 	 62.7600633005 	 185.871440252 	 1 	 0 	 1 	 0 
327.39		30 	 50.4373733723 	 136.550430441 	 1 	 0 	 1 	 -1 
305.457		38.2132 	 54.0617185687 	 149.020738525 	 1 	 0 	 1 	 1 
297.071		42.7305 	 34.8365895814 	 99.6257470318 	 1 	 0 	 1 	 0 
290.619		47.4802 	 11.7586440003 	 301.719832472 	 0 	 0 	 1 	 -1 
286.236		52.4109 	 61.2847619685 	 217.999144347 	 1 	 0 	 1 	 1 
284.018		57.4571 	 35.6714881504 	 185.038660735 	 1 	 0 	 1 	 -1 
284.018		62.5429 	 81.7733363349 	 146.509718045 	 1 	 1 	 1 	 -1 
286.236		67.5891 	 99.3885014753 	 176.895229599 	 1 	 1 	 1 	 0 
290.619		72.5198 	 47.1590957267 	 222.344173068 	 0 	 0 	 1 	 1 
297.071		77.2695 	 47.1706709546 	 171.50310125 	 1 	 0 	 1 	 1 
305.457		81.7868 	 46.906647444 	 188.114024611 	 0 	 0 	 1 	 -1 
315.62		86.0368 	 52.0541484012 	 178.339575984 	 1 	 0 	 1 	 0 
327.39		90 	 50.3671518821 	 161.331147412 	 0 	 1 	 1 	 -1 
315.62		93.9632 	 132.194937062 	 192.346105405 	 1 	 0 	 1 	 0 
305.457		98.2132 	 61.3706513457 	 171.859838764 	 1 	 0 	 1 	 1 
297.071		102.731 	 91.5471867104 	 124.176511827 	 1 	 1 	 1 	 -1 
290.619		107.48 	 56.0111617352 	 166.68953255 	 0 	 1 	 1 	 -1 
286.236		112.411 	 49.9125394709 	 97.6500953701 	 0 	 0 	 1 	 0 
284.018		117.457 	 57.4007591334 	 167.319352998 	 0 	 1 	 1 	 0 
284.018		122.543 	 112.743546052 	 179.64477663 	 0 	 1 	 1 	 1 
286.236		127.589 	 62.2639475242 	 160.272089647 	 0 	 0 	 1 	 0 
290.62		132.52 	 67.4966850862 	 229.733934882 	 0 	 1 	 1 	 0 
297.071		137.269 	 113.547366948 	 185.682882792 	 1 	 1 	 1 	 1 
305.457		141.787 	 107.654430419 	 214.271641703 	 0 	 1 	 1 	 -1 
315.62		146.037 	 23.7659598162 	 128.547383803 	 0 	 0 	 1 	 0 
327.39		150 	 62.4799014616 	 186.892020638 	 1 	 0 	 1 	 -1 
315.619		153.963 	 53.0631314919 	 185.390861576 	 1 	 1 	 1 	 0 
305.457		158.213 	 65.1215426497 	 175.38416473 	 1 	 1 	 1 	 0 
297.071		162.731 	 124.649939326 	 120.052452631 	 0 	 0 	 1 	 -1 
290.62		167.48 	 42.8855394012 	 166.62758069 	 0 	 1 	 1 	 0 
286.236		172.411 	 88.5040732889 	 166.323912348 	 1 	 1 	 1 	 1 
284.019		177.457 	 70.6298051584 	 170.710936978 	 1 	 0 	 1 	 1 
284.019		182.543 	 58.5891721434 	 155.994122201 	 1 	 1 	 1 	 -1 
286.236		187.589 	 46.0782077813 	 191.363469836 	 0 	 1 	 1 	 -1 
290.62		192.52 	 35.7378244067 	 202.503059714 	 0 	 0 	 1 	 1 
297.071		197.269 	 72.18622678 	 124.24648696 	 0 	 1 	 1 	 1 
305.457		201.787 	 28.7636106336 	 109.902980927 	 0 	 0 	 1 	 1 
315.62		206.037 	 119.536658044 	 128.097295858 	 0 	 0 	 1 	 1 
327.39		210 	 54.1162844984 	 168.753658462 	 0 	 0 	 1 	 -1 
315.62		213.963 	 123.52201473 	 104.812813377 	 0 	 0 	 1 	 0 
305.457		218.213 	 55.9458892997 	 152.784315367 	 0 	 0 	 1 	 1 
297.071		222.731 	 69.1190833068 	 161.599627247 	 1 	 0 	 1 	 0 
290.619		227.48 	 83.2299780555 	 185.642425287 	 0 	 0 	 1 	 1 
286.236		232.411 	 56.8948545283 	 164.435428907 	 1 	 1 	 1 	 -1 
284.018		237.457 	 65.6123790028 	 166.066440816 	 0 	 0 	 1 	 0 
284.019		242.543 	 138.781887128 	 187.974202939 	 1 	 1 	 1 	 1 
286.236		247.589 	 56.8976165927 	 164.480350481 	 1 	 1 	 1 	 1 
290.62		252.52 	 33.9332643378 	 98.4123084963 	 1 	 1 	 1 	 -1 
297.071		257.269 	 86.8638300106 	 194.599243669 	 0 	 1 	 1 	 1 
305.457		261.787 	 80.4512678162 	 175.775160251 	 0 	 1 	 1 	 1 
315.62		266.037 	 100.556700499 	 137.604636349 	 0 	 1 	 1 	 0 
327.39		270 	 56.4799767739 	 174.794508988 	 1 	 1 	 1 	 0 
315.62		273.963 	 126.776796081 	 202.444552714 	 1 	 0 	 1 	 1 
305.457		278.213 	 41.8465362439 	 274.413254374 	 0 	 0 	 1 	 -1 
297.071		282.731 	 91.5477854048 	 188.501147222 	 1 	 1 	 1 	 -1 
290.62		287.48 	 81.7024816553 	 165.062468191 	 0 	 1 	 1 	 0 
286.236		292.411 	 51.7115831924 	 150.086867291 	 1 	 1 	 1 	 1 
284.019		297.457 	 105.986671744 	 181.320307474 	 1 	 1 	 1 	 -1 
284.018		302.543 	 60.2893716255 	 168.153663581 	 1 	 0 	 1 	 1 
286.236		307.589 	 68.4457184973 	 98.7607604579 	 0 	 1 	 1 	 -1 
290.619		312.52 	 60.1873283931 	 166.269582934 	 1 	 1 	 1 	 1 
297.071		317.269 	 26.4896015472 	 21.8000483602 	 1 	 1 	 1 	 -1 
305.457		321.787 	 51.7090913482 	 145.161739348 	 0 	 1 	 1 	 0 
327.39		330 	 48.0726608772 	 165.896467981 	 0 	 0 	 1 	 1 
340.597		333.67 	 12.9780651265 	 147.91456197 	 1 	 0 	 1 	 -1 
330.266		337.589 	 16.8483949323 	 319.340799363 	 0 	 0 	 1 	 0 
321.56		341.742 	 85.2574692592 	 152.545811522 	 0 	 0 	 1 	 1 
314.619		346.102 	 109.016092476 	 149.8222028 	 0 	 1 	 1 	 1 
309.563		350.633 	 55.8544204431 	 161.955942613 	 1 	 0 	 1 	 1 
306.489		355.285 	 65.0529080441 	 145.687580653 	 1 	 0 	 1 	 -1 
305.457		0 	 116.613893424 	 185.190759248 	 1 	 1 	 1 	 -1 
306.489		4.715 	 54.2299047914 	 129.338464573 	 0 	 1 	 1 	 0 
309.563		9.367 	 56.0770503722 	 167.86290189 	 1 	 1 	 1 	 0 
314.619		13.8979 	 55.5099059278 	 166.643562294 	 1 	 1 	 1 	 0 
321.56		18.2585 	 83.8189166336 	 299.794736313 	 0 	 1 	 1 	 0 
330.266		22.4109 	 84.4693995442 	 136.93520991 	 1 	 0 	 1 	 0 
340.597		26.3295 	 55.1945592621 	 166.139648334 	 1 	 0 	 1 	 0 
352.406		30 	 160.852857734 	 189.220723924 	 0 	 1 	 1 	 1 
340.597		33.6705 	 57.3051958621 	 159.571324974 	 1 	 0 	 1 	 -1 
330.266		37.5891 	 70.4048768222 	 201.799450441 	 0 	 1 	 1 	 0 
321.56		41.7415 	 60.729243289 	 150.420937263 	 0 	 1 	 1 	 0 
314.619		46.1021 	 18.9040932649 	 51.5438454891 	 1 	 1 	 1 	 1 
309.563		50.633 	 138.462893177 	 254.713095306 	 0 	 0 	 1 	 -1 
306.489		55.285 	 53.7792435777 	 186.299148063 	 0 	 1 	 1 	 0 
305.457		60 	 40.3757075814 	 163.3742386 	 0 	 0 	 1 	 1 
306.489		64.715 	 21.231356076 	 188.710631846 	 1 	 0 	 1 	 1 
309.563		69.367 	 127.458325366 	 168.11459682 	 1 	 0 	 1 	 1 
314.619		73.8979 	 54.8601118544 	 171.067484304 	 0 	 0 	 1 	 1 
321.56		78.2585 	 58.4976351859 	 163.37895432 	 0 	 0 	 1 	 -1 
330.266		82.4109 	 73.8886535657 	 205.107685686 	 0 	 0 	 1 	 -1 
340.597		86.3295 	 43.478766762 	 42.982111898 	 1 	 0 	 1 	 1 
352.406		90 	 23.8362125614 	 280.013550666 	 0 	 1 	 1 	 1 
340.597		93.6705 	 51.4572155062 	 84.8197231231 	 1 	 1 	 1 	 1 
330.266		97.5891 	 69.3394319282 	 189.595753806 	 1 	 0 	 1 	 -1 
321.56		101.742 	 90.8612868003 	 142.486548405 	 0 	 1 	 1 	 -1 
314.619		106.102 	 57.5123407481 	 176.381879448 	 0 	 1 	 1 	 1 
309.563		110.633 	 49.6637471258 	 181.881643036 	 0 	 0 	 1 	 1 
306.489		115.285 	 40.7507017554 	 177.4611386 	 1 	 0 	 1 	 1 
305.457		120 	 43.5207312402 	 246.776730151 	 0 	 0 	 1 	 -1 
306.489		124.715 	 110.552091506 	 149.054118387 	 1 	 0 	 1 	 0 
309.563		129.367 	 96.1799668172 	 159.08689283 	 1 	 0 	 1 	 1 
314.619		133.898 	 43.3380571633 	 259.154581272 	 0 	 0 	 1 	 0 
321.56		138.258 	 66.1059770457 	 95.6015895631 	 0 	 1 	 1 	 1 
330.266		142.411 	 103.511466581 	 156.986786648 	 0 	 0 	 1 	 1 
340.597		146.329 	 44.671460127 	 150.338769319 	 0 	 1 	 1 	 -1 
352.406		150 	 79.0971438518 	 177.175722521 	 0 	 1 	 1 	 1 
340.597		153.671 	 65.2348965135 	 162.825157357 	 0 	 0 	 1 	 0 
330.266		157.589 	 71.0819348041 	 169.82083964 	 0 	 1 	 1 	 1 
321.561		161.742 	 99.9054369097 	 224.055629096 	 1 	 0 	 1 	 1 
314.618		166.102 	 105.572012543 	 205.916457239 	 0 	 0 	 1 	 0 
309.563		170.633 	 59.4726837738 	 127.797955752 	 0 	 1 	 1 	 -1 
306.488		175.285 	 41.7577031918 	 119.963642674 	 0 	 1 	 1 	 1 
305.457		180 	 62.6234722345 	 141.834214577 	 1 	 1 	 1 	 1 
306.488		184.715 	 59.5933650445 	 209.201492717 	 1 	 1 	 1 	 1 
309.563		189.367 	 96.8530327525 	 197.404193588 	 1 	 0 	 1 	 0 
314.618		193.898 	 40.5615299071 	 199.176401487 	 0 	 0 	 1 	 0 
321.561		198.258 	 62.8231563425 	 164.819222655 	 0 	 1 	 1 	 1 
330.266		202.411 	 94.1776618538 	 176.306267537 	 0 	 0 	 1 	 1 
340.597		206.329 	 25.0688623291 	 89.573305966 	 0 	 0 	 1 	 1 
352.406		210 	 54.8051928772 	 126.180902459 	 0 	 1 	 1 	 1 
330.266		217.589 	 15.2784280578 	 19.5121845511 	 1 	 0 	 1 	 -1 
321.56		221.742 	 84.3127395557 	 157.963394479 	 1 	 0 	 1 	 0 
314.619		226.102 	 80.6412617405 	 189.437187549 	 1 	 0 	 1 	 0 
309.563		230.633 	 126.745635566 	 192.344241253 	 1 	 1 	 1 	 1 
306.489		235.285 	 65.9575349848 	 157.702765971 	 1 	 0 	 1 	 1 
305.456		240 	 27.9851858889 	 231.049543109 	 1 	 1 	 1 	 -1 
306.488		244.715 	 71.4430254361 	 182.890152066 	 1 	 1 	 1 	 0 
309.563		249.367 	 75.1180617145 	 163.250368122 	 0 	 1 	 1 	 -1 
314.619		253.898 	 99.6695186165 	 208.745048575 	 0 	 1 	 1 	 1 
321.56		258.258 	 197.037431336 	 192.408793468 	 0 	 1 	 1 	 -1 
330.266		262.411 	 58.8197775892 	 168.584317654 	 0 	 1 	 1 	 0 
340.597		266.33 	 52.2396510944 	 175.585154359 	 0 	 0 	 1 	 0 
340.597		273.671 	 56.9081802872 	 169.097432147 	 0 	 1 	 1 	 -1 
330.266		277.589 	 11.8744668468 	 339.197384981 	 1 	 1 	 1 	 1 
321.56		281.742 	 95.6831905073 	 125.463626722 	 0 	 0 	 1 	 -1 
314.619		286.102 	 133.135808097 	 162.786187477 	 0 	 0 	 1 	 -1 
309.563		290.633 	 91.2730146239 	 192.968373625 	 0 	 1 	 1 	 1 
306.488		295.285 	 37.2416825326 	 123.615146457 	 0 	 0 	 1 	 0 
305.457		300 	 26.9091073879 	 346.463855942 	 0 	 1 	 1 	 1 
306.489		304.715 	 53.6762439256 	 190.372914909 	 0 	 0 	 1 	 0 
309.563		309.367 	 39.9759411805 	 213.235611647 	 0 	 0 	 1 	 1 
314.619		313.898 	 76.6211701065 	 240.897468457 	 0 	 0 	 1 	 1 
321.56		318.258 	 116.629019714 	 176.815048626 	 1 	 0 	 1 	 0 
330.266		322.411 	 55.7901194445 	 165.870622169 	 1 	 0 	 1 	 0 
340.597		326.33 	 55.7178571954 	 166.789194457 	 0 	 1 	 1 	 -1 
352.406		330 	 55.7235472205 	 170.023749713 	 1 	 0 	 1 	 -1 
365.546		333.418 	 64.7936445872 	 160.289776687 	 0 	 0 	 1 	 0 
355.074		337.053 	 83.5829944222 	 167.317808281 	 0 	 1 	 1 	 0 
346.099		340.893 	 72.83338303 	 163.944866141 	 1 	 0 	 1 	 0 
338.742		344.921 	 16.1357015577 	 252.115276014 	 1 	 1 	 1 	 -1 
333.116		349.107 	 155.316818508 	 155.719481292 	 0 	 1 	 1 	 -1 
329.31		353.413 	 74.9400719192 	 219.150517577 	 1 	 0 	 1 	 1 
327.39		357.796 	 62.0690310852 	 159.467932911 	 0 	 1 	 1 	 1 
327.39		2.20423 	 63.6569256466 	 137.350862709 	 0 	 1 	 1 	 0 
329.31		6.58678 	 69.5420175234 	 156.226993281 	 1 	 1 	 1 	 -1 
333.116		10.8934 	 53.1283640575 	 113.602685558 	 0 	 0 	 1 	 -1 
338.742		15.0791 	 63.182794124 	 144.180644251 	 1 	 0 	 1 	 0 
346.099		19.1066 	 47.7632797888 	 158.392150097 	 0 	 1 	 1 	 0 
355.074		22.9473 	 55.7744681963 	 155.157756074 	 0 	 1 	 1 	 0 
365.546		26.582 	 77.0858787769 	 240.633473986 	 0 	 1 	 1 	 1 
377.385		30 	 74.7223989326 	 291.010063735 	 0 	 0 	 1 	 -1 
365.546		33.418 	 97.6399586292 	 184.783778779 	 0 	 0 	 1 	 1 
355.074		37.0527 	 60.21026615 	 185.367585473 	 0 	 1 	 1 	 0 
346.099		40.8934 	 86.3390694658 	 205.460232292 	 1 	 0 	 1 	 -1 
338.743		44.9209 	 86.3620418092 	 147.792748271 	 1 	 1 	 1 	 -1 
333.116		49.1066 	 79.7315339993 	 179.950456506 	 0 	 1 	 1 	 0 
329.31		53.4132 	 41.7078423756 	 44.3933478348 	 1 	 0 	 1 	 1 
327.39		57.7958 	 51.3082861186 	 167.599533691 	 0 	 1 	 1 	 1 
327.39		62.2042 	 35.3882901243 	 19.7555840156 	 0 	 1 	 1 	 -1 
329.31		66.5868 	 57.139284189 	 156.277135293 	 0 	 0 	 1 	 0 
333.116		70.8934 	 75.0089581727 	 191.205465208 	 1 	 1 	 1 	 -1 
338.742		75.0791 	 31.3790406452 	 173.828398109 	 1 	 0 	 1 	 -1 
346.099		79.1066 	 53.4796693018 	 162.89273756 	 0 	 1 	 1 	 -1 
355.074		82.9473 	 43.677187957 	 134.472572134 	 1 	 1 	 1 	 0 
