25.2587		30 	 1.1815481773 	 -26.0962906713 	 1 	 0 	 1 	 1 
25.2587		90 	 -260.600121649 	 117.692115121 	 0 	 1 	 1 	 0 
25.2587		150 	 -182.245274912 	 -100.832741563 	 0 	 0 	 1 	 1 
25.2587		210 	 38.182577407 	 -24.7648357566 	 0 	 1 	 1 	 0 
25.2587		270 	 -125.789408083 	 176.64584384 	 0 	 1 	 1 	 -1 
43.7478		0 	 -232.223927985 	 86.631091968 	 0 	 0 	 1 	 1 
50.5147		30 	 -80.4444924221 	 103.986924317 	 1 	 0 	 1 	 -1 
43.7478		60 	 -9.82305085449 	 -92.1019665817 	 1 	 1 	 1 	 0 
50.5147		90 	 171.892240553 	 -40.3596707131 	 1 	 1 	 1 	 -1 
43.7478		120 	 240.903451657 	 134.211875495 	 1 	 0 	 1 	 0 
50.5147		150 	 -87.3647296352 	 -155.485095714 	 0 	 1 	 1 	 -1 
43.7478		180 	 394.620866209 	 163.426083546 	 1 	 1 	 1 	 -1 
50.5147		210 	 35.0455151475 	 41.4139642505 	 1 	 1 	 1 	 0 
43.7478		240 	 151.894036391 	 168.655895087 	 1 	 0 	 1 	 -1 
43.7478		300 	 148.357010749 	 16.7437992828 	 0 	 1 	 1 	 1 
50.5148		330 	 249.851662459 	 -171.400465979 	 0 	 0 	 1 	 0 
66.8212		349.107 	 442.185971655 	 -79.9079001089 	 1 	 1 	 1 	 1 
66.8212		10.8934 	 66.4997310481 	 145.729117551 	 1 	 0 	 1 	 0 
75.7654		30 	 60.0133561903 	 99.102759182 	 1 	 1 	 1 	 1 
66.8212		49.1066 	 -540.577639453 	 28.467580923 	 1 	 0 	 1 	 0 
66.8212		70.8934 	 -144.435774392 	 126.959321966 	 1 	 0 	 1 	 1 
75.7654		90 	 -71.6703397752 	 48.7439788597 	 0 	 0 	 1 	 1 
66.8212		109.107 	 177.011674983 	 19.2254756394 	 1 	 1 	 1 	 1 
66.8212		130.893 	 172.706967949 	 34.9917127013 	 0 	 1 	 1 	 1 
75.7654		150 	 -159.638863795 	 -49.0022080354 	 1 	 1 	 1 	 0 
66.8212		169.107 	 330.943368543 	 -9.24077523758 	 0 	 0 	 1 	 0 
66.8212		190.893 	 134.781413626 	 -110.361018813 	 0 	 1 	 1 	 -1 
66.8212		229.107 	 -60.1715183482 	 97.5075157462 	 1 	 1 	 1 	 0 
66.8212		250.893 	 -88.3838373715 	 11.9367159241 	 0 	 1 	 1 	 -1 
75.7654		270 	 -199.161971833 	 -71.7958366928 	 0 	 0 	 1 	 1 
66.8212		289.107 	 2.99223797667 	 -18.4905192717 	 0 	 0 	 1 	 1 
66.8212		310.893 	 -421.478059996 	 73.9805221831 	 1 	 0 	 1 	 0 
75.7654		330 	 -204.5240181 	 -24.9638112564 	 0 	 1 	 1 	 -1 
91.0523		343.898 	 16.074391653 	 -162.739128767 	 1 	 0 	 1 	 1 
87.4818		0 	 167.995341208 	 -77.8210758524 	 0 	 0 	 1 	 1 
91.0523		16.1021 	 -278.57614575 	 -27.8058284871 	 0 	 1 	 1 	 -1 
101.008		30 	 -73.5271322538 	 -124.364386737 	 1 	 1 	 1 	 1 
91.0523		43.8979 	 -47.5845102636 	 1.78350123954 	 0 	 1 	 1 	 0 
87.4818		60 	 133.992520865 	 -7.75985967105 	 1 	 0 	 1 	 0 
91.0523		76.1021 	 9.13219760062 	 -158.941545944 	 0 	 0 	 1 	 1 
91.0523		103.898 	 129.133156684 	 -37.0847784218 	 0 	 1 	 1 	 0 
87.4818		120 	 -236.235797179 	 28.5659609233 	 1 	 1 	 1 	 -1 
91.0523		136.102 	 -162.596432592 	 32.2839704604 	 0 	 0 	 1 	 1 
91.0523		163.898 	 65.1433282101 	 75.0587130168 	 0 	 0 	 1 	 1 
87.4818		180 	 -265.435236733 	 168.239265159 	 1 	 0 	 1 	 0 
91.0523		196.102 	 67.4276467321 	 126.23714404 	 1 	 1 	 1 	 0 
101.008		210 	 -91.5493560411 	 -119.516087055 	 1 	 1 	 1 	 1 
91.0523		223.898 	 147.585447249 	 96.9032500453 	 1 	 0 	 1 	 0 
87.4818		240 	 229.707755908 	 21.9058691169 	 0 	 1 	 1 	 -1 
91.0523		256.102 	 -201.737139183 	 11.9117636528 	 0 	 1 	 1 	 0 
101.008		270 	 188.624087556 	 -162.071674201 	 0 	 1 	 1 	 -1 
91.0523		283.898 	 -34.4463356664 	 -157.376534591 	 0 	 0 	 1 	 1 
87.4817		300 	 49.7816254339 	 129.061988842 	 1 	 1 	 1 	 -1 
91.0523		316.102 	 -209.093076712 	 -28.6143812442 	 0 	 1 	 1 	 -1 
101.008		330 	 -188.085542537 	 -60.5328578435 	 0 	 1 	 1 	 1 
115.709		340.893 	 463.660449563 	 -94.6360552058 	 0 	 0 	 1 	 -1 
110.065		353.413 	 -245.146176128 	 -117.58400923 	 1 	 1 	 1 	 -1 
110.065		6.58677 	 84.8844466808 	 -170.300788801 	 0 	 1 	 1 	 1 
115.709		19.1066 	 143.435297695 	 -149.938161805 	 0 	 1 	 1 	 0 
126.24		30 	 -294.222736121 	 -51.1839048083 	 0 	 1 	 1 	 1 
115.709		40.8934 	 66.5753560312 	 -145.614356322 	 1 	 0 	 1 	 -1 
110.065		53.4132 	 -85.5682003778 	 120.430495799 	 0 	 0 	 1 	 1 
110.065		66.5868 	 86.4007574216 	 86.1407221644 	 1 	 1 	 1 	 1 
115.709		79.1066 	 -43.7137998621 	 -134.197166082 	 1 	 1 	 1 	 0 
126.24		90 	 -122.250790526 	 105.462856536 	 1 	 1 	 1 	 0 
115.709		100.893 	 -109.693161345 	 95.1383064308 	 1 	 0 	 1 	 -1 
110.065		113.413 	 -104.131172339 	 143.996552004 	 0 	 0 	 1 	 0 
110.065		126.587 	 463.269472953 	 99.8577858281 	 1 	 1 	 1 	 0 
115.709		139.107 	 -274.939780634 	 -41.0400358592 	 1 	 0 	 1 	 0 
126.24		150 	 48.3166851495 	 -63.8409128732 	 0 	 0 	 1 	 1 
115.709		160.893 	 191.93007392 	 134.488284515 	 0 	 0 	 1 	 1 
110.066		173.413 	 -237.457517994 	 -74.8218846529 	 0 	 1 	 1 	 0 
110.066		186.587 	 138.541153551 	 161.438999832 	 0 	 1 	 1 	 -1 
115.709		199.107 	 90.7833308758 	 51.8610372928 	 0 	 1 	 1 	 -1 
126.24		210 	 54.3938923839 	 -6.14636772762 	 0 	 1 	 1 	 -1 
115.709		220.893 	 -161.35413345 	 -32.4251539265 	 1 	 1 	 1 	 0 
110.065		233.413 	 -42.9206422667 	 97.0133419769 	 0 	 0 	 1 	 -1 
110.065		246.587 	 -6.34598674733 	 105.128132713 	 0 	 1 	 1 	 0 
115.709		259.107 	 154.969339836 	 -12.3115030681 	 1 	 1 	 1 	 -1 
126.24		270 	 -142.728815983 	 -46.1884131336 	 0 	 0 	 1 	 1 
115.709		280.893 	 2.53745677304 	 144.076160984 	 0 	 0 	 1 	 0 
110.065		293.413 	 -67.7404279883 	 -172.361568641 	 1 	 0 	 1 	 -1 
110.065		306.587 	 -210.962920785 	 33.9113597887 	 0 	 1 	 1 	 0 
115.709		319.107 	 119.946855257 	 -69.7215440035 	 1 	 1 	 1 	 -1 
126.24		330 	 -173.856698431 	 -103.072989938 	 0 	 0 	 1 	 1 
140.56		338.948 	 -6.63478265413 	 -115.119791064 	 1 	 1 	 1 	 1 
133.593		349.107 	 -108.042054696 	 130.99393374 	 0 	 1 	 1 	 0 
131.188		0 	 398.215082906 	 -35.6485122807 	 0 	 0 	 1 	 -1 
133.593		10.8934 	 347.538516481 	 37.1501926007 	 1 	 1 	 1 	 0 
140.56		21.0517 	 -47.0633482669 	 -153.055613734 	 1 	 0 	 1 	 0 
151.459		30 	 68.6966557465 	 -108.574490712 	 0 	 0 	 1 	 -1 
140.56		38.9483 	 10.6625661071 	 91.4027190622 	 1 	 0 	 1 	 0 
133.593		49.1066 	 507.188819877 	 119.912584144 	 1 	 0 	 1 	 1 
131.188		60 	 22.7295384555 	 -158.710719131 	 1 	 1 	 1 	 -1 
133.593		70.8934 	 141.251413276 	 -128.29606381 	 0 	 0 	 1 	 0 
140.56		81.0517 	 26.2601534429 	 -171.797391677 	 1 	 0 	 1 	 -1 
151.459		90 	 95.0403036245 	 -79.6116331528 	 1 	 1 	 1 	 0 
140.56		98.9483 	 -98.3058506841 	 -55.2878182202 	 1 	 0 	 1 	 1 
133.593		109.107 	 -51.6716257906 	 47.6269055665 	 1 	 0 	 1 	 1 
131.188		120 	 156.357188866 	 -19.8387717462 	 0 	 0 	 1 	 1 
133.593		130.893 	 -1.78522059738 	 39.9706419734 	 1 	 0 	 1 	 -1 
140.56		141.052 	 -379.508573111 	 149.405925428 	 1 	 0 	 1 	 1 
151.459		150 	 225.973379614 	 -121.405213874 	 0 	 1 	 1 	 -1 
140.56		158.948 	 -224.041693056 	 80.786791379 	 1 	 0 	 1 	 -1 
133.593		169.107 	 -39.9511055955 	 -151.809355232 	 1 	 1 	 1 	 -1 
131.188		180 	 -123.325582758 	 129.271083508 	 1 	 1 	 1 	 1 
133.593		190.893 	 -217.691565752 	 103.179583903 	 0 	 1 	 1 	 1 
140.56		201.052 	 -79.8515440377 	 -21.4635982969 	 1 	 0 	 1 	 -1 
151.459		210 	 13.2536480014 	 -170.830197313 	 0 	 1 	 1 	 1 
140.56		218.948 	 -209.447079492 	 90.1989188824 	 0 	 0 	 1 	 -1 
133.593		229.107 	 -128.155710443 	 29.750915299 	 0 	 0 	 1 	 1 
131.188		240 	 -17.4073354097 	 132.066601694 	 1 	 0 	 1 	 -1 
133.592		250.893 	 -78.9606592943 	 -90.5595838949 	 1 	 0 	 1 	 0 
140.56		261.052 	 125.818301474 	 116.335189304 	 0 	 0 	 1 	 -1 
151.459		270 	 -232.375916417 	 125.699700699 	 0 	 0 	 1 	 0 
140.56		278.948 	 -30.2402537251 	 114.163598477 	 0 	 0 	 1 	 0 
133.592		289.107 	 100.189244607 	 120.956276544 	 1 	 0 	 1 	 -1 
131.188		300 	 35.6761060495 	 66.7662022748 	 0 	 1 	 1 	 -1 
133.593		310.893 	 173.994387291 	 126.825561996 	 1 	 0 	 1 	 0 
140.56		321.052 	 3.57887434381 	 31.336559207 	 1 	 1 	 1 	 -1 
151.459		330 	 2.29389999477 	 -48.2125433853 	 0 	 1 	 1 	 1 
165.51		337.589 	 46.6816949872 	 -63.0389083252 	 1 	 0 	 1 	 0 
157.635		346.102 	 104.737742931 	 28.946690194 	 1 	 0 	 1 	 -1 
153.545		355.285 	 -164.618499172 	 122.675502717 	 1 	 1 	 1 	 1 
153.545		4.715 	 -52.6967435479 	 -32.6071576582 	 1 	 0 	 1 	 0 
157.635		13.8979 	 1.22662215607 	 41.4452458231 	 1 	 0 	 1 	 -1 
165.51		22.4109 	 107.847338109 	 121.462432617 	 1 	 1 	 1 	 -1 
176.661		30 	 -317.692161489 	 26.9208767128 	 0 	 0 	 1 	 0 
165.51		37.5891 	 -48.8346062846 	 177.883834825 	 0 	 0 	 1 	 0 
157.635		46.1021 	 -134.547334466 	 -119.895430932 	 1 	 1 	 1 	 0 
153.545		55.285 	 -360.997276386 	 -3.55470552409 	 1 	 0 	 1 	 0 
153.545		64.715 	 65.2459137396 	 105.564349875 	 1 	 1 	 1 	 1 
157.635		73.8979 	 -87.248851353 	 133.947114 	 0 	 0 	 1 	 0 
165.51		82.4109 	 -133.526407562 	 -142.902219915 	 0 	 0 	 1 	 1 
176.661		90 	 -57.3730028391 	 107.069842597 	 1 	 1 	 1 	 1 
165.51		97.5891 	 -61.3189829574 	 -135.412636185 	 0 	 1 	 1 	 1 
157.635		106.102 	 -135.766850396 	 99.5602497041 	 1 	 1 	 1 	 0 
153.545		115.285 	 153.60090719 	 43.7688154268 	 1 	 0 	 1 	 -1 
153.545		124.715 	 -40.7086955928 	 46.9715368345 	 1 	 1 	 1 	 -1 
157.635		133.898 	 -25.1917955174 	 11.5335670999 	 1 	 1 	 1 	 0 
165.51		142.411 	 0.788673900615 	 138.179409792 	 1 	 0 	 1 	 1 
176.661		150 	 26.1946894096 	 79.5738727016 	 0 	 0 	 1 	 1 
165.509		157.589 	 -300.414639319 	 2.19150092523 	 0 	 0 	 1 	 0 
157.635		166.102 	 -269.452926258 	 -158.58143743 	 0 	 1 	 1 	 1 
153.546		175.285 	 -68.8831934857 	 -157.736841957 	 1 	 1 	 1 	 1 
153.546		184.715 	 -294.101772375 	 21.3705060987 	 1 	 1 	 1 	 -1 
157.635		193.898 	 391.367902087 	 78.4958237256 	 0 	 0 	 1 	 1 
165.509		202.411 	 -68.55184766 	 -68.8337336067 	 1 	 1 	 1 	 1 
165.51		217.589 	 -10.1925304829 	 -150.204867947 	 0 	 0 	 1 	 -1 
157.635		226.102 	 -251.932798492 	 128.776799148 	 0 	 0 	 1 	 0 
153.545		235.285 	 73.5230705747 	 -75.5031515079 	 0 	 0 	 1 	 1 
153.545		244.715 	 85.0810665287 	 154.715132976 	 0 	 0 	 1 	 -1 
157.635		253.898 	 -43.8319211612 	 103.469068118 	 1 	 0 	 1 	 1 
165.51		262.411 	 118.073211983 	 26.4263397022 	 0 	 0 	 1 	 1 
176.661		270 	 59.9676636607 	 59.4631416234 	 0 	 1 	 1 	 1 
165.51		277.589 	 -21.5520963228 	 128.987772515 	 0 	 1 	 1 	 -1 
157.635		286.102 	 -219.827394406 	 -165.965616875 	 0 	 1 	 1 	 0 
153.545		295.285 	 34.532511052 	 65.2380706487 	 1 	 1 	 1 	 -1 
153.545		304.715 	 -92.2744648175 	 -89.348124236 	 0 	 0 	 1 	 0 
157.635		313.898 	 -139.155335691 	 9.8803571058 	 0 	 0 	 1 	 0 
165.51		322.411 	 -133.852306338 	 -143.8088283 	 1 	 1 	 1 	 -1 
176.661		330 	 154.208978089 	 -31.3972071991 	 1 	 1 	 1 	 0 
190.511		336.587 	 4.7492596298 	 141.402425701 	 1 	 0 	 1 	 -1 
181.979		343.898 	 -90.8148338052 	 127.950127559 	 0 	 1 	 1 	 1 
176.661		351.787 	 -272.844116819 	 -138.063905829 	 0 	 1 	 1 	 1 
174.852		0 	 463.346418064 	 16.7317336034 	 1 	 0 	 1 	 -1 
176.661		8.21321 	 -96.592892854 	 174.17648337 	 1 	 1 	 1 	 -1 
181.979		16.1021 	 -93.2744450859 	 42.4278989955 	 1 	 0 	 1 	 0 
190.511		23.4132 	 57.3802820383 	 -165.557863238 	 0 	 1 	 1 	 1 
201.845		30 	 159.705822764 	 -133.407004931 	 1 	 0 	 1 	 -1 
181.979		43.8979 	 29.4987054196 	 142.83925421 	 0 	 0 	 1 	 1 
176.661		51.7868 	 -150.92842379 	 -149.334710841 	 0 	 0 	 1 	 -1 
174.852		60 	 66.3469834203 	 161.193883139 	 0 	 0 	 1 	 0 
176.661		68.2132 	 35.1920377578 	 147.275477934 	 1 	 0 	 1 	 0 
181.979		76.1021 	 -319.695133763 	 -145.494716508 	 1 	 1 	 1 	 -1 
190.511		83.4132 	 329.204292977 	 -26.1524670625 	 1 	 1 	 1 	 1 
201.845		90 	 -277.981678211 	 31.0805368364 	 0 	 1 	 1 	 -1 
190.511		96.5868 	 59.026656215 	 15.8067938309 	 0 	 0 	 1 	 0 
181.979		103.898 	 -69.472816487 	 142.385555027 	 1 	 1 	 1 	 -1 
176.661		111.787 	 152.229709002 	 -32.7828508922 	 0 	 1 	 1 	 1 
174.852		120 	 -192.944026246 	 41.9264125528 	 1 	 0 	 1 	 -1 
176.661		128.213 	 -32.6119263322 	 105.528114668 	 1 	 1 	 1 	 -1 
181.979		136.102 	 -153.510519442 	 91.950734505 	 1 	 1 	 1 	 -1 
190.51		143.413 	 -85.4023583246 	 -117.564436134 	 0 	 0 	 1 	 0 
201.845		150 	 -123.800155136 	 111.749270066 	 0 	 0 	 1 	 1 
190.511		156.587 	 98.5308276302 	 -28.8469448436 	 1 	 0 	 1 	 1 
181.979		163.898 	 112.514735596 	 8.2514717096 	 0 	 0 	 1 	 0 
176.661		171.787 	 -70.0912742326 	 136.674097228 	 0 	 0 	 1 	 0 
174.852		180 	 -302.556007071 	 -153.860917493 	 0 	 0 	 1 	 -1 
176.661		188.213 	 154.748955397 	 115.513788308 	 1 	 0 	 1 	 0 
181.979		196.102 	 -130.257207563 	 153.198854509 	 0 	 0 	 1 	 1 
190.511		203.413 	 -33.9816181255 	 41.6355199623 	 1 	 0 	 1 	 0 
201.845		210 	 95.4293225021 	 -124.115296765 	 1 	 0 	 1 	 0 
190.51		216.587 	 -134.727460791 	 171.447184376 	 1 	 1 	 1 	 0 
181.979		223.898 	 265.934316839 	 122.759723439 	 1 	 0 	 1 	 0 
176.661		231.787 	 13.4072812012 	 -179.8981213 	 1 	 1 	 1 	 1 
174.853		240 	 111.33320701 	 -38.7582129396 	 1 	 1 	 1 	 -1 
176.662		248.213 	 -275.32788523 	 174.828225363 	 1 	 1 	 1 	 1 
181.979		256.102 	 -119.64109408 	 -174.395596334 	 1 	 0 	 1 	 -1 
190.511		263.413 	 -5.82744791946 	 113.988193935 	 1 	 0 	 1 	 -1 
190.511		276.587 	 -345.479542978 	 -128.007863734 	 0 	 0 	 1 	 -1 
181.979		283.898 	 -254.609780551 	 -91.0149657927 	 0 	 1 	 1 	 -1 
176.662		291.787 	 -113.235730577 	 -11.8247711463 	 1 	 1 	 1 	 1 
174.853		300 	 196.301415652 	 -131.036154521 	 0 	 1 	 1 	 -1 
176.661		308.213 	 -164.494706421 	 177.812554255 	 0 	 0 	 1 	 -1 
181.979		316.102 	 -18.2455016842 	 148.193375738 	 1 	 0 	 1 	 1 
190.511		323.413 	 -105.001493188 	 -31.2879710712 	 1 	 1 	 1 	 -1 
201.845		330 	 -105.694039409 	 57.8754098118 	 0 	 1 	 1 	 1 
215.536		335.818 	 334.660032941 	 -175.225739401 	 0 	 1 	 1 	 1 
206.511		342.216 	 -59.1085675744 	 104.173090337 	 0 	 1 	 1 	 0 
200.265		349.107 	 57.1785598266 	 39.0279991311 	 1 	 1 	 1 	 0 
197.068		356.329 	 82.6351792016 	 -58.7388977321 	 1 	 1 	 1 	 1 
197.068		3.6705 	 48.0308849699 	 42.9341545384 	 0 	 0 	 1 	 1 
200.265		10.8934 	 -97.7470022909 	 -39.3729440822 	 0 	 1 	 1 	 0 
206.511		17.7836 	 211.214459325 	 46.7491576278 	 1 	 1 	 1 	 0 
215.536		24.1825 	 -205.03530342 	 131.273081284 	 0 	 0 	 1 	 1 
227.007		30 	 134.625512704 	 13.0306079559 	 0 	 1 	 1 	 0 
215.536		35.8175 	 -52.9118845127 	 51.2086448731 	 1 	 1 	 1 	 -1 
206.511		42.2164 	 -80.8853707552 	 131.414441333 	 0 	 0 	 1 	 -1 
200.265		49.1066 	 -57.9877446216 	 -166.608563663 	 1 	 0 	 1 	 -1 
197.068		56.3295 	 136.407446614 	 54.7196115132 	 0 	 1 	 1 	 -1 
197.068		63.6705 	 364.518495192 	 163.319318622 	 0 	 0 	 1 	 1 
200.265		70.8934 	 -230.755773385 	 28.9143272371 	 0 	 1 	 1 	 0 
206.511		77.7836 	 -169.809979382 	 -55.8756615527 	 1 	 0 	 1 	 -1 
215.536		84.1825 	 109.929465931 	 73.7581743044 	 0 	 0 	 1 	 0 
227.007		90 	 -87.2311342396 	 176.692341161 	 1 	 0 	 1 	 0 
215.536		95.8175 	 13.7876416386 	 -125.742464404 	 0 	 0 	 1 	 1 
206.511		102.216 	 116.071096026 	 -30.0281515752 	 1 	 1 	 1 	 -1 
200.265		109.107 	 -154.326828421 	 31.5497596779 	 0 	 0 	 1 	 0 
197.068		116.33 	 -23.676133633 	 52.5429937018 	 1 	 0 	 1 	 -1 
197.068		123.671 	 -70.929356228 	 -131.810093972 	 0 	 0 	 1 	 -1 
200.265		130.893 	 56.1309510781 	 68.9343179228 	 1 	 0 	 1 	 0 
206.51		137.784 	 -210.48587239 	 -30.6429248627 	 1 	 0 	 1 	 1 
215.536		144.182 	 -114.675721568 	 12.4086137586 	 1 	 1 	 1 	 1 
227.007		150 	 -192.122295351 	 -43.3973100868 	 0 	 0 	 1 	 1 
215.536		155.818 	 -134.335779844 	 17.7340798651 	 1 	 1 	 1 	 1 
206.511		162.216 	 -7.14027571578 	 69.9680501574 	 0 	 0 	 1 	 1 
200.266		169.107 	 30.534714203 	 -12.0900816669 	 1 	 1 	 1 	 -1 
197.068		176.33 	 -79.9773049427 	 -66.3751479396 	 1 	 1 	 1 	 -1 
197.068		183.671 	 42.2142071726 	 -129.030585862 	 1 	 0 	 1 	 1 
200.266		190.893 	 29.153127092 	 85.1369291673 	 1 	 1 	 1 	 -1 
206.511		197.784 	 235.827709215 	 -38.2163772412 	 1 	 1 	 1 	 1 
215.536		204.182 	 -341.996496708 	 21.8674573356 	 0 	 1 	 1 	 0 
227.007		210 	 -279.444472314 	 -131.425709747 	 0 	 1 	 1 	 0 
215.536		215.818 	 150.575777718 	 160.21404604 	 0 	 1 	 1 	 0 
206.51		222.216 	 5.36028565301 	 -0.917533981352 	 0 	 0 	 1 	 0 
200.265		229.107 	 -6.80774733517 	 166.305495859 	 0 	 0 	 1 	 -1 
197.068		236.329 	 -0.986619827806 	 46.4544635817 	 1 	 0 	 1 	 -1 
197.068		243.671 	 -23.8010207404 	 156.450556591 	 1 	 0 	 1 	 -1 
200.265		250.893 	 119.216991133 	 -74.3553914006 	 1 	 0 	 1 	 1 
206.51		257.784 	 144.699177872 	 47.9288323525 	 1 	 1 	 1 	 1 
215.536		264.182 	 -151.497004685 	 34.6408211812 	 1 	 0 	 1 	 1 
227.007		270 	 148.486992159 	 11.3881763462 	 0 	 0 	 1 	 1 
215.536		275.818 	 17.1151436754 	 -48.3213495374 	 0 	 0 	 1 	 -1 
206.51		282.216 	 -313.871912465 	 150.016926153 	 0 	 0 	 1 	 0 
200.265		289.107 	 -191.36194406 	 118.795177638 	 0 	 1 	 1 	 1 
197.068		296.329 	 85.3880564797 	 -81.8672930231 	 0 	 0 	 1 	 0 
197.068		303.67 	 4.57559028892 	 144.482936481 	 0 	 1 	 1 	 -1 
200.265		310.893 	 -190.179951128 	 -27.7646681013 	 1 	 0 	 1 	 -1 
206.511		317.784 	 47.0434623911 	 62.4829541273 	 0 	 1 	 1 	 1 
227.008		330 	 -283.416117085 	 75.1467141677 	 1 	 1 	 1 	 1 
240.57		335.209 	 -126.905910866 	 30.8898489385 	 0 	 1 	 1 	 0 
231.161		340.893 	 134.405436928 	 -36.7225059995 	 0 	 0 	 1 	 0 
224.195		346.996 	 28.0335555664 	 4.78313886255 	 0 	 1 	 1 	 0 
219.909		353.413 	 200.693628615 	 -10.0219442074 	 1 	 1 	 1 	 1 
218.461		0 	 73.2001599137 	 -168.886467932 	 1 	 0 	 1 	 -1 
219.909		6.58678 	 24.389520794 	 161.120391632 	 1 	 1 	 1 	 -1 
224.195		13.0039 	 238.255955557 	 -150.111792827 	 1 	 0 	 1 	 1 
231.161		19.1066 	 -174.163502071 	 87.5862644463 	 1 	 0 	 1 	 -1 
240.57		24.7913 	 378.134842748 	 116.790804027 	 1 	 0 	 1 	 1 
252.146		30 	 -143.922914583 	 -48.6477291507 	 1 	 1 	 1 	 0 
240.57		35.2087 	 149.543019297 	 -150.013715436 	 0 	 0 	 1 	 1 
231.161		40.8934 	 125.544566739 	 84.1639388791 	 1 	 0 	 1 	 0 
224.195		46.9961 	 310.22735911 	 -75.4431978708 	 1 	 0 	 1 	 1 
219.909		53.4132 	 232.028741472 	 36.3683006129 	 1 	 1 	 1 	 1 
218.461		60 	 -288.744928477 	 -42.1368015553 	 1 	 0 	 1 	 0 
219.909		66.5868 	 -121.117469848 	 166.840510389 	 0 	 1 	 1 	 1 
224.195		73.0039 	 -165.807725383 	 98.8264634704 	 1 	 1 	 1 	 -1 
231.161		79.1066 	 29.9462991987 	 -70.6875795113 	 0 	 0 	 1 	 0 
240.57		84.7913 	 -61.1984701393 	 -66.6133038145 	 0 	 0 	 1 	 0 
240.57		95.2087 	 -135.632403105 	 -159.850567572 	 0 	 0 	 1 	 -1 
231.161		100.893 	 207.072930242 	 15.9906776232 	 0 	 1 	 1 	 0 
224.195		106.996 	 212.170042733 	 -77.4339225152 	 1 	 0 	 1 	 1 
219.909		113.413 	 -5.82378943004 	 63.2039445097 	 1 	 0 	 1 	 -1 
218.461		120 	 -47.7704911388 	 19.6075409366 	 0 	 1 	 1 	 1 
219.909		126.587 	 69.4365919717 	 -47.2192922655 	 1 	 1 	 1 	 -1 
224.195		133.004 	 -37.2863496214 	 -147.631455132 	 0 	 0 	 1 	 0 
231.161		139.107 	 -40.6951116038 	 25.4334209534 	 1 	 0 	 1 	 1 
252.146		150 	 11.7994006575 	 86.5260263635 	 0 	 1 	 1 	 1 
240.57		155.209 	 233.700006632 	 -173.467695908 	 1 	 1 	 1 	 0 
231.16		160.893 	 -42.3250148671 	 104.394662159 	 1 	 0 	 1 	 0 
224.196		166.996 	 250.26181026 	 -53.9170159053 	 0 	 0 	 1 	 0 
219.909		173.413 	 -40.7521078764 	 -83.1274846636 	 1 	 1 	 1 	 1 
218.461		180 	 -76.2505908567 	 149.697161617 	 1 	 1 	 1 	 -1 
219.909		186.587 	 61.8868203246 	 161.56132965 	 0 	 0 	 1 	 1 
224.196		193.004 	 110.776683715 	 121.000762297 	 1 	 0 	 1 	 0 
231.16		199.107 	 -182.748746776 	 -28.734051953 	 1 	 1 	 1 	 1 
240.57		204.791 	 -187.800060697 	 49.6309419472 	 0 	 0 	 1 	 -1 
252.146		210 	 -50.2924822209 	 3.90903921869 	 0 	 0 	 1 	 0 
240.57		215.209 	 -111.575493828 	 -151.108970623 	 1 	 1 	 1 	 -1 
231.161		220.893 	 216.219662331 	 9.72211969651 	 1 	 0 	 1 	 0 
224.196		226.996 	 -32.9262459893 	 179.3695567 	 1 	 0 	 1 	 0 
219.909		233.413 	 134.437988737 	 -128.016670253 	 0 	 0 	 1 	 1 
218.461		240 	 147.598205624 	 -169.529477818 	 1 	 0 	 1 	 -1 
219.909		246.587 	 -65.787650232 	 136.469292163 	 0 	 1 	 1 	 -1 
224.195		253.004 	 -259.981607219 	 19.9592493093 	 1 	 0 	 1 	 0 
231.16		259.107 	 -178.90591307 	 177.681899432 	 1 	 0 	 1 	 1 
240.57		264.791 	 -57.8465539651 	 171.107591573 	 0 	 1 	 1 	 0 
252.146		270 	 -61.726759742 	 -162.367430417 	 1 	 1 	 1 	 -1 
240.57		275.209 	 158.653282822 	 104.648989556 	 1 	 1 	 1 	 0 
231.16		280.893 	 -37.8194551874 	 -70.8909668983 	 0 	 1 	 1 	 1 
224.195		286.996 	 -186.918523206 	 151.449840275 	 1 	 1 	 1 	 -1 
219.909		293.413 	 -145.5681543 	 139.59347163 	 0 	 0 	 1 	 0 
218.461		300 	 59.2814429029 	 91.5327365218 	 1 	 0 	 1 	 0 
219.909		306.587 	 261.816477023 	 -155.384206852 	 0 	 0 	 1 	 1 
224.196		313.004 	 -56.9920923741 	 -101.692251423 	 1 	 1 	 1 	 -1 
231.161		319.107 	 36.4719631877 	 13.1491297705 	 1 	 1 	 1 	 1 
240.57		324.791 	 3.43059235583 	 -156.880325693 	 1 	 1 	 1 	 1 
252.146		330 	 16.5732355781 	 176.631756525 	 1 	 0 	 1 	 0 
265.601		334.715 	 -124.589288147 	 151.414850567 	 1 	 1 	 1 	 0 
255.886		339.826 	 27.44320244 	 -56.7502420386 	 1 	 1 	 1 	 0 
248.348		345.295 	 230.797529563 	 -142.647488935 	 0 	 1 	 1 	 -1 
243.191		351.052 	 176.592974164 	 29.6357142923 	 1 	 1 	 1 	 0 
240.57		356.996 	 146.56250414 	 -94.1954785615 	 0 	 1 	 1 	 -1 
240.57		3.00449 	 -130.560651015 	 -124.802625083 	 0 	 1 	 1 	 1 
243.191		8.94827 	 -72.9825419964 	 -23.0708860808 	 1 	 0 	 1 	 0 
248.348		14.7047 	 -59.6232707162 	 70.0474278873 	 1 	 1 	 1 	 1 
255.886		20.1736 	 82.590984502 	 -169.74070788 	 0 	 0 	 1 	 0 
265.601		25.285 	 289.742336987 	 -53.2908049177 	 1 	 1 	 1 	 -1 
277.258		30 	 9.87346446256 	 -59.9197632316 	 1 	 0 	 1 	 0 
265.601		34.715 	 25.8145450994 	 140.232464172 	 1 	 1 	 1 	 0 
255.887		39.8264 	 37.3768946864 	 68.2045278329 	 0 	 0 	 1 	 1 
248.348		45.2953 	 88.5945176839 	 148.390375349 	 1 	 0 	 1 	 1 
243.191		51.0517 	 -267.972132023 	 -145.542799268 	 1 	 0 	 1 	 -1 
240.57		56.9955 	 109.284757207 	 166.720490629 	 1 	 1 	 1 	 0 
240.57		63.0045 	 90.7300702607 	 104.605844131 	 1 	 1 	 1 	 1 
243.191		68.9483 	 167.201421013 	 45.6504493843 	 0 	 0 	 1 	 0 
248.348		74.7047 	 -309.116543854 	 36.9530636431 	 1 	 1 	 1 	 -1 
255.887		80.1736 	 -71.9912582037 	 -159.978637546 	 0 	 1 	 1 	 -1 
265.601		85.285 	 61.5918726873 	 62.0575658189 	 0 	 1 	 1 	 1 
277.257		90 	 12.3928370541 	 -83.9318371793 	 0 	 1 	 1 	 -1 
265.601		94.715 	 -138.910654301 	 178.782539643 	 0 	 1 	 1 	 1 
255.887		99.8264 	 -232.837675258 	 -140.903962867 	 0 	 1 	 1 	 -1 
248.348		105.295 	 265.221435594 	 -20.7786996027 	 1 	 0 	 1 	 1 
243.191		111.052 	 -135.672924916 	 -46.7723611306 	 1 	 0 	 1 	 -1 
240.57		116.996 	 176.242709258 	 73.7516717163 	 1 	 1 	 1 	 1 
240.57		123.005 	 -188.68127663 	 6.75394455422 	 1 	 1 	 1 	 0 
243.191		128.948 	 -142.364754221 	 73.8772063747 	 1 	 1 	 1 	 -1 
248.348		134.705 	 -95.563257656 	 -84.8730992999 	 1 	 0 	 1 	 1 
255.887		140.174 	 -46.405936532 	 -78.7861197202 	 1 	 1 	 1 	 0 
265.6		145.285 	 304.172358476 	 31.915310609 	 1 	 1 	 1 	 -1 
277.257		150 	 218.965682088 	 58.5329760392 	 0 	 1 	 1 	 1 
265.601		154.715 	 47.0809589984 	 9.29437033075 	 1 	 0 	 1 	 -1 
255.886		159.826 	 -116.228440186 	 -74.7549026618 	 0 	 0 	 1 	 -1 
248.348		165.295 	 225.884150067 	 -55.8216477668 	 0 	 0 	 1 	 -1 
243.191		171.052 	 -59.5689212082 	 164.031524343 	 1 	 0 	 1 	 -1 
240.57		176.996 	 -36.3406901113 	 91.2086410206 	 1 	 0 	 1 	 0 
240.57		183.005 	 -160.470049834 	 51.7975869595 	 0 	 0 	 1 	 1 
243.191		188.948 	 65.8880498307 	 58.3106163294 	 1 	 0 	 1 	 1 
248.348		194.705 	 132.523260436 	 -142.663477963 	 0 	 0 	 1 	 -1 
255.886		200.174 	 -215.16519768 	 -35.712193325 	 1 	 0 	 1 	 -1 
265.601		205.285 	 193.259126575 	 -57.7060040791 	 0 	 1 	 1 	 1 
277.258		210 	 -203.894340008 	 -147.011693228 	 1 	 1 	 1 	 1 
265.6		214.715 	 -46.9119659686 	 151.208642902 	 1 	 0 	 1 	 -1 
255.887		219.826 	 -102.918084874 	 51.7736430111 	 1 	 1 	 1 	 1 
248.348		225.295 	 -278.526370749 	 -167.428626014 	 0 	 0 	 1 	 1 
243.191		231.052 	 -66.5758982434 	 45.5981744203 	 1 	 0 	 1 	 -1 
240.57		236.995 	 134.286669335 	 123.696981169 	 0 	 1 	 1 	 -1 
240.57		243.004 	 12.5407451587 	 37.2340088449 	 0 	 0 	 1 	 0 
243.19		248.948 	 33.6728687479 	 -36.3756268697 	 1 	 0 	 1 	 -1 
248.348		254.705 	 -64.9574755383 	 82.1076867575 	 1 	 1 	 1 	 1 
255.886		260.174 	 171.837956465 	 155.980899767 	 1 	 1 	 1 	 1 
265.601		265.285 	 -35.5620659817 	 -147.300397907 	 1 	 1 	 1 	 1 
277.258		270 	 188.151906628 	 -150.271090247 	 1 	 0 	 1 	 1 
265.601		274.715 	 -8.57342014256 	 -25.6826388 	 1 	 0 	 1 	 0 
255.886		279.826 	 -14.9941592719 	 81.4213820587 	 0 	 1 	 1 	 1 
248.348		285.295 	 -52.5371889018 	 -170.548546672 	 1 	 0 	 1 	 0 
243.19		291.052 	 26.0918498496 	 -34.6606011085 	 1 	 1 	 1 	 1 
240.57		296.996 	 24.5314834144 	 11.0150503798 	 0 	 1 	 1 	 1 
240.57		303.004 	 -86.2899892854 	 175.209156712 	 0 	 1 	 1 	 -1 
243.191		308.948 	 255.338249426 	 -114.84964874 	 1 	 1 	 1 	 0 
248.348		314.705 	 -27.3455795656 	 5.94022836448 	 1 	 0 	 1 	 -1 
255.886		320.174 	 -9.87155393715 	 169.213941759 	 1 	 1 	 1 	 1 
265.6		325.285 	 74.0008453255 	 -78.67929236 	 1 	 1 	 1 	 -1 
277.258		330 	 267.160702381 	 34.0801898059 	 1 	 1 	 1 	 0 
290.619		334.307 	 149.176679771 	 -34.0552146647 	 1 	 1 	 1 	 0 
280.659		338.948 	 -47.1458002628 	 9.16404493937 	 1 	 0 	 1 	 -1 
272.656		343.898 	 -220.30173054 	 -135.108557837 	 0 	 0 	 1 	 -1 
266.79		349.107 	 -2.22269655609 	 94.8784202463 	 1 	 0 	 1 	 -1 
263.206		354.504 	 -103.394938978 	 -129.100448947 	 0 	 0 	 1 	 -1 
262.001		0 	 99.7414555101 	 97.6355441762 	 1 	 1 	 1 	 0 
263.206		5.49637 	 -284.588305433 	 40.3242655518 	 1 	 0 	 1 	 1 
266.79		10.8934 	 64.4956530328 	 62.438772926 	 1 	 1 	 1 	 -1 
272.656		16.1021 	 -160.45138944 	 43.2260024785 	 0 	 0 	 1 	 -1 
280.659		21.0517 	 -106.985231187 	 121.693740802 	 1 	 1 	 1 	 1 
290.619		25.6934 	 -186.534888029 	 166.73202037 	 0 	 1 	 1 	 1 
302.34		30 	 -354.481470329 	 63.0248837875 	 0 	 1 	 1 	 1 
290.619		34.3066 	 -59.1526611983 	 111.322607694 	 1 	 0 	 1 	 0 
280.659		38.9483 	 -344.947707379 	 -31.2036415299 	 0 	 1 	 1 	 -1 
272.656		43.8979 	 3.50597804907 	 121.231703802 	 0 	 1 	 1 	 -1 
266.789		49.1066 	 56.1048327455 	 65.6475540436 	 0 	 1 	 1 	 -1 
263.206		54.5036 	 91.3003705752 	 29.6530101363 	 1 	 0 	 1 	 -1 
262.001		60 	 -102.409552806 	 -18.1990529914 	 0 	 1 	 1 	 0 
263.206		65.4964 	 264.746096128 	 126.037906096 	 1 	 1 	 1 	 0 
266.79		70.8934 	 -55.683857377 	 -147.709872942 	 1 	 1 	 1 	 -1 
272.656		76.1021 	 168.71853101 	 -16.4553260699 	 0 	 0 	 1 	 0 
280.659		81.0517 	 81.7162485036 	 172.101248565 	 0 	 1 	 1 	 0 
290.619		85.6934 	 -51.2802314616 	 -12.8255276047 	 0 	 1 	 1 	 0 
302.34		90 	 18.5222457908 	 65.2183981373 	 0 	 0 	 1 	 0 
290.619		94.3066 	 31.7587315857 	 84.6890668041 	 1 	 1 	 1 	 -1 
280.659		98.9483 	 199.113451973 	 156.606471668 	 1 	 1 	 1 	 1 
272.655		103.898 	 97.0870112938 	 -53.38613122 	 0 	 0 	 1 	 -1 
266.79		109.107 	 179.866653081 	 103.113507692 	 0 	 0 	 1 	 0 
263.206		114.504 	 -97.4378416488 	 -161.289751903 	 1 	 1 	 1 	 1 
262		120 	 127.866578817 	 91.2904733801 	 1 	 0 	 1 	 0 
263.206		125.496 	 257.86532578 	 -66.4404251949 	 1 	 0 	 1 	 1 
266.79		130.893 	 192.107138456 	 -115.269432095 	 0 	 0 	 1 	 -1 
272.655		136.102 	 141.03064991 	 -62.0050016804 	 1 	 1 	 1 	 -1 
280.659		141.052 	 16.823963432 	 -148.518753211 	 0 	 1 	 1 	 0 
290.619		145.693 	 -152.313709017 	 163.656601982 	 0 	 1 	 1 	 0 
302.34		150 	 -46.2922400922 	 -5.09262259395 	 0 	 1 	 1 	 1 
290.619		154.307 	 6.85799914021 	 -13.4249886346 	 1 	 1 	 1 	 0 
280.659		158.948 	 -132.682106178 	 -85.1001812467 	 1 	 1 	 1 	 -1 
272.656		163.898 	 112.194409157 	 163.894203988 	 1 	 0 	 1 	 -1 
266.789		169.107 	 -114.543327783 	 55.8989889823 	 0 	 0 	 1 	 -1 
263.206		174.504 	 185.605861461 	 -50.7204799742 	 0 	 0 	 1 	 1 
262.001		180 	 46.1781645809 	 -106.537704006 	 1 	 0 	 1 	 -1 
263.206		185.496 	 9.68144355038 	 -111.353854453 	 0 	 0 	 1 	 0 
266.789		190.893 	 25.8336006329 	 75.1336366491 	 0 	 1 	 1 	 1 
272.656		196.102 	 -170.531295302 	 91.1385754979 	 1 	 1 	 1 	 1 
280.659		201.052 	 122.946446039 	 -151.685853363 	 0 	 0 	 1 	 0 
290.619		205.693 	 -93.6207580158 	 65.4039156992 	 0 	 0 	 1 	 1 
302.34		210 	 -194.393713901 	 130.575662713 	 1 	 1 	 1 	 0 
290.619		214.307 	 -33.4328551636 	 -40.2834395222 	 0 	 1 	 1 	 0 
280.658		218.948 	 79.3905397998 	 10.7396881047 	 0 	 0 	 1 	 1 
272.656		223.898 	 -382.861720459 	 70.8160224693 	 0 	 1 	 1 	 -1 
266.79		229.107 	 -95.8021499226 	 -88.9051477366 	 0 	 0 	 1 	 -1 
263.206		234.504 	 -264.067164863 	 47.4742774577 	 0 	 0 	 1 	 1 
262		240 	 -6.94880112318 	 101.444719567 	 0 	 0 	 1 	 1 
263.206		245.496 	 -169.907802166 	 -148.837902786 	 1 	 1 	 1 	 -1 
266.789		250.893 	 1.83728341598 	 -65.5304039677 	 0 	 0 	 1 	 0 
272.656		256.102 	 -173.596246396 	 -164.338304048 	 1 	 1 	 1 	 1 
280.659		261.052 	 275.272819323 	 -82.7780309553 	 1 	 1 	 1 	 1 
290.62		265.693 	 -34.7096733172 	 -30.3236026511 	 0 	 0 	 1 	 -1 
302.34		270 	 -20.6466954208 	 99.5218638976 	 0 	 1 	 1 	 -1 
290.62		274.307 	 -147.261609158 	 2.77576510798 	 1 	 1 	 1 	 1 
280.659		278.948 	 -13.0934719889 	 -143.483345751 	 1 	 1 	 1 	 1 
272.656		283.898 	 28.9578895252 	 125.258435782 	 0 	 1 	 1 	 0 
266.789		289.107 	 -89.8386259159 	 134.966705101 	 1 	 1 	 1 	 0 
263.206		294.504 	 -305.361824191 	 -0.878806453145 	 1 	 1 	 1 	 0 
262		300 	 119.15176598 	 153.862228346 	 0 	 1 	 1 	 0 
263.206		305.496 	 129.538214859 	 -179.122246617 	 0 	 1 	 1 	 1 
266.79		310.893 	 -190.736216638 	 97.3670543685 	 0 	 1 	 1 	 -1 
272.656		316.102 	 -13.501032223 	 10.2260584123 	 1 	 0 	 1 	 0 
280.659		321.052 	 -104.192836984 	 12.2932273156 	 0 	 1 	 1 	 0 
290.619		325.693 	 -167.273982685 	 120.423104765 	 0 	 0 	 1 	 0 
302.34		330 	 -283.2101029 	 -149.598498345 	 0 	 1 	 1 	 1 
315.62		333.963 	 -99.4126271093 	 -20.4904219098 	 1 	 1 	 1 	 -1 
305.457		338.213 	 60.8980917226 	 90.3636514257 	 1 	 0 	 1 	 0 
297.071		342.731 	 -11.3844717073 	 -132.751226915 	 1 	 1 	 1 	 0 
290.619		347.48 	 121.267902265 	 84.6939416056 	 1 	 0 	 1 	 0 
286.236		352.411 	 387.588698688 	 -115.222915995 	 0 	 1 	 1 	 -1 
284.018		357.457 	 -228.34327356 	 41.6342535144 	 1 	 1 	 1 	 1 
284.018		2.54292 	 185.187550383 	 149.431237248 	 0 	 0 	 1 	 0 
286.236		7.58909 	 149.527032062 	 27.6068542325 	 0 	 1 	 1 	 0 
290.619		12.5198 	 100.259392934 	 61.7164107163 	 0 	 0 	 1 	 1 
297.071		17.2695 	 -39.9418432903 	 -54.0876875639 	 1 	 0 	 1 	 0 
305.457		21.7868 	 -226.116854495 	 -21.0219139888 	 1 	 0 	 1 	 1 
315.62		26.0368 	 212.688357087 	 -83.6964457446 	 1 	 0 	 1 	 1 
327.39		30 	 16.9701483935 	 -77.3066534582 	 1 	 1 	 1 	 1 
305.457		38.2132 	 -66.7727984465 	 150.094377086 	 0 	 1 	 1 	 1 
297.071		42.7305 	 -115.331871896 	 18.8916642735 	 0 	 0 	 1 	 -1 
290.619		47.4802 	 16.8043564695 	 -10.3875278379 	 1 	 1 	 1 	 0 
286.236		52.4109 	 -18.3099898466 	 -41.8939799552 	 1 	 1 	 1 	 0 
284.018		57.4571 	 -154.120345001 	 116.174284899 	 0 	 0 	 1 	 1 
284.018		62.5429 	 -104.356387977 	 -66.0598326241 	 1 	 0 	 1 	 0 
286.236		67.5891 	 -17.5642740315 	 -169.714592837 	 1 	 0 	 1 	 1 
290.619		72.5198 	 -306.164894188 	 82.8489029955 	 0 	 0 	 1 	 0 
297.071		77.2695 	 242.10913215 	 -176.739949206 	 1 	 0 	 1 	 -1 
305.457		81.7868 	 -152.323390654 	 -38.1741457558 	 1 	 1 	 1 	 0 
315.62		86.0368 	 53.8377225302 	 104.778556926 	 0 	 1 	 1 	 0 
327.39		90 	 116.994283023 	 -161.157894041 	 1 	 1 	 1 	 -1 
315.62		93.9632 	 11.221262717 	 9.69887562899 	 1 	 1 	 1 	 0 
305.457		98.2132 	 -118.546136385 	 157.966988579 	 1 	 0 	 1 	 1 
297.071		102.731 	 190.252810228 	 68.1720332657 	 1 	 0 	 1 	 0 
290.619		107.48 	 -161.12964522 	 -39.0386453289 	 0 	 0 	 1 	 1 
286.236		112.411 	 -22.9167294697 	 -168.952002742 	 1 	 0 	 1 	 1 
284.018		117.457 	 -1.92982963704 	 -147.958982256 	 1 	 1 	 1 	 1 
284.018		122.543 	 -48.6664539727 	 -64.0077966568 	 0 	 0 	 1 	 1 
286.236		127.589 	 -232.995654181 	 -60.5233104335 	 1 	 1 	 1 	 -1 
290.62		132.52 	 -178.48523726 	 -54.0524415884 	 1 	 0 	 1 	 -1 
297.071		137.269 	 94.5689502618 	 -73.3037579924 	 0 	 0 	 1 	 -1 
305.457		141.787 	 -60.2129039133 	 65.601648237 	 0 	 1 	 1 	 -1 
315.62		146.037 	 -57.6451376497 	 119.586492233 	 1 	 1 	 1 	 0 
327.39		150 	 119.960086487 	 -122.080160424 	 0 	 0 	 1 	 -1 
315.619		153.963 	 63.103538081 	 24.7914338688 	 0 	 1 	 1 	 1 
305.457		158.213 	 -53.4675756619 	 105.632566465 	 0 	 1 	 1 	 0 
297.071		162.731 	 162.160782945 	 46.6138036571 	 1 	 0 	 1 	 1 
290.62		167.48 	 52.1941574573 	 115.29528744 	 1 	 1 	 1 	 0 
286.236		172.411 	 96.5727746741 	 -149.404538518 	 0 	 0 	 1 	 -1 
284.019		177.457 	 -110.382228244 	 138.605813809 	 0 	 0 	 1 	 -1 
284.019		182.543 	 41.1228210944 	 -112.15750094 	 1 	 0 	 1 	 0 
286.236		187.589 	 -6.7230650602 	 -18.1808190203 	 1 	 0 	 1 	 1 
290.62		192.52 	 -114.117435578 	 124.638674759 	 0 	 0 	 1 	 1 
297.071		197.269 	 132.588292792 	 101.192493019 	 0 	 0 	 1 	 0 
305.457		201.787 	 -9.34668141726 	 -153.5158886 	 0 	 0 	 1 	 1 
315.62		206.037 	 -78.3031716832 	 156.967408703 	 0 	 0 	 1 	 -1 
327.39		210 	 149.216495413 	 -53.0402853873 	 0 	 1 	 1 	 -1 
315.62		213.963 	 -73.5580384569 	 122.613521628 	 1 	 1 	 1 	 0 
305.457		218.213 	 -144.997409165 	 91.7393283957 	 0 	 0 	 1 	 -1 
297.071		222.731 	 -53.9500531693 	 60.8355231616 	 0 	 0 	 1 	 1 
290.619		227.48 	 -20.0687065224 	 -109.161955297 	 1 	 1 	 1 	 0 
286.236		232.411 	 -92.6728128178 	 18.8264760002 	 1 	 0 	 1 	 -1 
284.018		237.457 	 200.17610928 	 107.148707673 	 1 	 1 	 1 	 0 
284.019		242.543 	 70.5703767572 	 -160.300671327 	 0 	 0 	 1 	 0 
286.236		247.589 	 52.2759951421 	 15.8003272966 	 1 	 0 	 1 	 0 
290.62		252.52 	 40.2938010976 	 -173.636820736 	 0 	 1 	 1 	 1 
297.071		257.269 	 -5.19074211742 	 -6.07256961979 	 0 	 0 	 1 	 -1 
305.457		261.787 	 53.6744547662 	 126.896134304 	 0 	 0 	 1 	 -1 
315.62		266.037 	 -115.10514934 	 -101.980034872 	 1 	 0 	 1 	 1 
327.39		270 	 -82.3830029359 	 -6.61352451032 	 1 	 1 	 1 	 1 
315.62		273.963 	 232.15735968 	 168.486720775 	 0 	 0 	 1 	 -1 
305.457		278.213 	 47.106664355 	 100.875431826 	 1 	 0 	 1 	 1 
297.071		282.731 	 19.6353758138 	 6.9041890544 	 0 	 1 	 1 	 0 
290.62		287.48 	 574.631991569 	 -10.4018065727 	 1 	 0 	 1 	 -1 
286.236		292.411 	 -113.081168471 	 109.895318046 	 1 	 0 	 1 	 -1 
284.019		297.457 	 58.7982243283 	 60.1193742972 	 0 	 1 	 1 	 0 
284.018		302.543 	 29.5240158363 	 103.472050009 	 0 	 1 	 1 	 0 
286.236		307.589 	 145.453346539 	 -134.197461356 	 0 	 0 	 1 	 -1 
290.619		312.52 	 9.09868048962 	 12.2642705424 	 1 	 1 	 1 	 1 
297.071		317.269 	 -21.0473997963 	 -153.30310711 	 1 	 0 	 1 	 1 
305.457		321.787 	 160.510591043 	 170.815813979 	 0 	 1 	 1 	 -1 
327.39		330 	 -26.5981001986 	 -156.342448083 	 1 	 0 	 1 	 -1 
340.597		333.67 	 -104.994801252 	 -31.8889437255 	 1 	 1 	 1 	 1 
330.266		337.589 	 49.280653595 	 -96.561753327 	 0 	 0 	 1 	 -1 
321.56		341.742 	 110.493217882 	 -74.5400508306 	 1 	 0 	 1 	 1 
314.619		346.102 	 34.6856367037 	 -137.884137587 	 1 	 1 	 1 	 -1 
309.563		350.633 	 -121.240951199 	 -10.5917995423 	 0 	 0 	 1 	 -1 
306.489		355.285 	 -260.3855344 	 9.62915637538 	 1 	 0 	 1 	 1 
305.457		0 	 180.826943398 	 43.7451692672 	 0 	 0 	 1 	 0 
306.489		4.715 	 13.6173122586 	 45.9636430843 	 0 	 0 	 1 	 1 
309.563		9.367 	 68.1092139891 	 60.7282563847 	 1 	 1 	 1 	 1 
314.619		13.8979 	 15.1165458001 	 62.5498729804 	 1 	 1 	 1 	 0 
321.56		18.2585 	 8.16335165901 	 38.3156855472 	 0 	 1 	 1 	 0 
330.266		22.4109 	 151.089138741 	 102.264204605 	 1 	 0 	 1 	 0 
340.597		26.3295 	 380.198158385 	 -20.6495968326 	 0 	 1 	 1 	 1 
352.406		30 	 -75.1790361152 	 151.23588521 	 0 	 0 	 1 	 -1 
340.597		33.6705 	 -184.679055612 	 39.5499393239 	 1 	 0 	 1 	 0 
330.266		37.5891 	 15.1736158295 	 -165.354779917 	 1 	 1 	 1 	 -1 
321.56		41.7415 	 -237.293996202 	 -110.213631683 	 1 	 0 	 1 	 -1 
314.619		46.1021 	 -296.168422802 	 -136.546202712 	 0 	 0 	 1 	 -1 
309.563		50.633 	 -27.0478958973 	 148.015386457 	 1 	 0 	 1 	 -1 
306.489		55.285 	 -38.2454839902 	 -174.899239894 	 0 	 1 	 1 	 1 
305.457		60 	 -2.89343394174 	 -151.794743299 	 0 	 0 	 1 	 0 
306.489		64.715 	 -227.66036044 	 161.336687554 	 0 	 1 	 1 	 -1 
309.563		69.367 	 -8.57674379114 	 66.588133722 	 0 	 1 	 1 	 0 
314.619		73.8979 	 -93.3559225735 	 158.426422719 	 1 	 1 	 1 	 0 
321.56		78.2585 	 -349.395339901 	 -29.0407839368 	 1 	 1 	 1 	 0 
330.266		82.4109 	 -90.5217351424 	 -171.15686232 	 0 	 0 	 1 	 0 
340.597		86.3295 	 11.4438203046 	 41.9146667542 	 1 	 0 	 1 	 0 
352.406		90 	 303.391888402 	 -116.583914639 	 0 	 0 	 1 	 0 
340.597		93.6705 	 -166.813051403 	 -132.798855233 	 0 	 0 	 1 	 1 
330.266		97.5891 	 -160.399133213 	 3.1421349882 	 0 	 0 	 1 	 1 
321.56		101.742 	 371.524166089 	 39.5504252923 	 1 	 1 	 1 	 0 
314.619		106.102 	 -19.5752206798 	 -21.3357574946 	 1 	 0 	 1 	 0 
309.563		110.633 	 -1.91867742965 	 -131.73863766 	 0 	 0 	 1 	 0 
306.489		115.285 	 -82.3310168508 	 55.0983598467 	 0 	 1 	 1 	 1 
305.457		120 	 98.2425695787 	 129.431816297 	 1 	 0 	 1 	 -1 
306.489		124.715 	 91.115086857 	 89.1630062199 	 1 	 0 	 1 	 1 
309.563		129.367 	 38.2052330349 	 -8.6500752687 	 1 	 0 	 1 	 -1 
314.619		133.898 	 -77.7281641032 	 128.749641124 	 0 	 1 	 1 	 -1 
321.56		138.258 	 -44.3643639966 	 109.790735953 	 0 	 1 	 1 	 -1 
330.266		142.411 	 -49.127802816 	 -110.38448332 	 1 	 1 	 1 	 1 
340.597		146.329 	 -133.393230345 	 -58.3026877706 	 1 	 1 	 1 	 0 
352.406		150 	 7.53270837514 	 -149.261717716 	 1 	 0 	 1 	 -1 
340.597		153.671 	 177.944622271 	 157.170189113 	 1 	 1 	 1 	 1 
330.266		157.589 	 -403.445427826 	 137.419517735 	 1 	 0 	 1 	 0 
321.561		161.742 	 -167.581209553 	 123.607387398 	 0 	 0 	 1 	 -1 
314.618		166.102 	 47.3064277927 	 -35.3720262727 	 0 	 1 	 1 	 -1 
309.563		170.633 	 -4.58807219553 	 124.024635209 	 1 	 0 	 1 	 -1 
306.488		175.285 	 -132.891368117 	 -87.1341029149 	 1 	 0 	 1 	 -1 
305.457		180 	 12.2126891027 	 4.36155926809 	 0 	 0 	 1 	 0 
306.488		184.715 	 217.737871905 	 96.918003558 	 1 	 1 	 1 	 -1 
309.563		189.367 	 -173.721676998 	 -7.96400423484 	 1 	 1 	 1 	 0 
314.618		193.898 	 236.310169407 	 -51.3872989517 	 0 	 0 	 1 	 0 
321.561		198.258 	 -277.548657579 	 178.611005404 	 1 	 1 	 1 	 0 
330.266		202.411 	 -182.723091772 	 174.848894327 	 0 	 1 	 1 	 1 
340.597		206.329 	 194.208990588 	 -75.283679654 	 0 	 1 	 1 	 0 
352.406		210 	 68.8706684124 	 65.6372143609 	 1 	 1 	 1 	 0 
330.266		217.589 	 -274.92923992 	 179.203953401 	 0 	 1 	 1 	 0 
321.56		221.742 	 127.793692981 	 66.6542235365 	 1 	 0 	 1 	 1 
314.619		226.102 	 314.416406125 	 34.4816546997 	 1 	 1 	 1 	 1 
309.563		230.633 	 -63.1029848516 	 149.880622173 	 1 	 1 	 1 	 1 
306.489		235.285 	 -467.508396421 	 35.5048661772 	 0 	 1 	 1 	 -1 
305.456		240 	 229.074403351 	 -0.165567700511 	 1 	 1 	 1 	 0 
306.488		244.715 	 259.873290371 	 79.8499248242 	 1 	 0 	 1 	 1 
309.563		249.367 	 85.208823489 	 -108.407263065 	 0 	 1 	 1 	 -1 
314.619		253.898 	 -514.140364137 	 -7.88633486633 	 1 	 0 	 1 	 -1 
321.56		258.258 	 113.742709809 	 -177.660243606 	 0 	 0 	 1 	 1 
330.266		262.411 	 -314.684406335 	 16.631137435 	 1 	 1 	 1 	 0 
340.597		266.33 	 220.307196238 	 -49.9920354535 	 0 	 0 	 1 	 0 
340.597		273.671 	 -24.9102579358 	 -171.82398172 	 1 	 1 	 1 	 1 
330.266		277.589 	 38.8340510486 	 -96.0669464995 	 1 	 1 	 1 	 0 
321.56		281.742 	 -72.349827564 	 -80.8601069286 	 0 	 1 	 1 	 1 
314.619		286.102 	 -112.685313592 	 140.620749224 	 1 	 1 	 1 	 0 
309.563		290.633 	 -104.263181574 	 156.158609811 	 0 	 1 	 1 	 1 
306.488		295.285 	 176.894687981 	 165.918628138 	 0 	 0 	 1 	 1 
305.457		300 	 51.0067600668 	 -96.346186139 	 1 	 0 	 1 	 0 
306.489		304.715 	 49.1362490844 	 61.8440520946 	 0 	 0 	 1 	 0 
309.563		309.367 	 249.035802152 	 106.238720466 	 0 	 0 	 1 	 0 
314.619		313.898 	 234.910193834 	 74.7427833172 	 1 	 0 	 1 	 -1 
321.56		318.258 	 -239.769922612 	 113.099898303 	 1 	 1 	 1 	 0 
330.266		322.411 	 -24.1703981902 	 42.8936551559 	 0 	 0 	 1 	 0 
340.597		326.33 	 22.619516722 	 177.447960988 	 0 	 0 	 1 	 1 
352.406		330 	 107.733971309 	 33.3887475141 	 0 	 1 	 1 	 -1 
365.546		333.418 	 76.6299775271 	 68.7519566724 	 0 	 1 	 1 	 -1 
355.074		337.053 	 210.8268086 	 -137.870725929 	 0 	 0 	 1 	 0 
346.099		340.893 	 -87.9238584811 	 -127.092523498 	 0 	 1 	 1 	 -1 
338.742		344.921 	 218.659692792 	 -112.558375246 	 1 	 1 	 1 	 0 
333.116		349.107 	 212.112029455 	 176.526368823 	 0 	 1 	 1 	 1 
329.31		353.413 	 53.6663360431 	 135.766214586 	 0 	 1 	 1 	 1 
327.39		357.796 	 331.575739018 	 69.2951791577 	 0 	 0 	 1 	 -1 
327.39		2.20423 	 -9.60555074246 	 -100.488022278 	 0 	 0 	 1 	 0 
329.31		6.58678 	 -295.733337542 	 -103.972513446 	 1 	 1 	 1 	 0 
333.116		10.8934 	 -77.2291222052 	 59.7373443998 	 1 	 0 	 1 	 -1 
338.742		15.0791 	 -61.8894994978 	 4.33794725594 	 1 	 1 	 1 	 1 
346.099		19.1066 	 -103.564940731 	 79.8069985966 	 1 	 0 	 1 	 -1 
355.074		22.9473 	 8.27197941551 	 -130.834585257 	 1 	 0 	 1 	 1 
365.546		26.582 	 -1.77870235104 	 -45.7238427481 	 1 	 0 	 1 	 1 
377.385		30 	 14.4085952269 	 -18.2338679424 	 0 	 1 	 1 	 -1 
365.546		33.418 	 -217.084131827 	 165.502157194 	 0 	 1 	 1 	 -1 
355.074		37.0527 	 14.3819549178 	 20.9263390556 	 0 	 1 	 1 	 -1 
346.099		40.8934 	 228.654248038 	 -155.246228429 	 1 	 0 	 1 	 0 
338.743		44.9209 	 29.955116407 	 -106.548039607 	 1 	 0 	 1 	 -1 
333.116		49.1066 	 -63.2239948652 	 -15.7713293024 	 0 	 0 	 1 	 0 
329.31		53.4132 	 -72.2180089172 	 -172.300237478 	 0 	 0 	 1 	 -1 
327.39		57.7958 	 106.456114232 	 -96.3942491657 	 0 	 0 	 1 	 0 
327.39		62.2042 	 -191.411788638 	 165.950553409 	 1 	 1 	 1 	 -1 
329.31		66.5868 	 -248.903744691 	 -86.8125751167 	 0 	 1 	 1 	 0 
333.116		70.8934 	 176.935452536 	 -27.0418241797 	 1 	 1 	 1 	 -1 
338.742		75.0791 	 76.4228833897 	 -137.581036501 	 1 	 1 	 1 	 0 
346.099		79.1066 	 201.260573755 	 -37.3673839439 	 0 	 0 	 1 	 1 
355.074		82.9473 	 53.9980803992 	 167.324046333 	 0 	 0 	 1 	 -1 
